OctaneSinglePotato Data File OctaneSinglePotatoRes_1979.txt
Participant Number: 1979
Date: 03/11/15, Time: 12:15:24
=============================


trial 1, 1, -1, -1, -1, -1, 0, 0, 0, 0
trial 2, 1, 0, 1, 8, 0, 39626.7, 0, 0.220051, 0
trial 3, 1, 1, 5, 7, 1, 7010.67, 0.75694, 0.211533, 0.084364
trial 4, 1, 0, 6, 0, 2, 68032, 0.827225, 0.0712931, 0.620479
trial 5, 1, 1, 0, 1, 3, 68930.7, 0.14646, 0.114141, 0.717103
trial 6, 1, 0, 0, 4, 6, 70746.7, 0, 0.756861, 0.843777
trial 7, 1, 0, 2, 6, 4, 59554.7, 0.32881, 0.759478, 0.826883
trial 8, 1, 1, 4, 7, 8, 59640, 0.717931, 0.859513, 1
trial 9, 1, 1, 5, 5, 6, 79824, 0.534972, 0.773258, 0.831871
trial 10, 1, 1, 2, 6, 3, 5792, 0.395749, 0.693422, 0.691919
trial 11, 1, 1, 3, 2, 3, 20253.3, 0.332356, 0.14014, 0.380302
trial 12, 1, 0, 5, 8, 1, 60050.7, 0.857266, 0.747686, 0.144616
trial 13, 1, 0, 6, 6, 6, 68410.7, 1, 0.786242, 0.9576
trial 14, 1, 0, 1, 2, 6, 78712, 0.346376, 0.49083, 0.688321
trial 15, 1, 0, 3, 4, 6, 66197.3, 0.5, 0.814715, 0.841372
trial 16, 1, 1, 8, 4, 1, 269.333, 0.851644, 0.351207, 0.767873
trial 17, 1, 1, 2, 4, 4, 12152, 0.661489, 0.629434, 0.758625
trial 18, 1, 0, 4, 5, 5, 2328, 0.769254, 0.538782, 0.646546
trial 19, 1, 0, 8, 8, 5, 20186.7, 0.884643, 0.69806, 0.722822
trial 20, 1, 0, 5, 6, 0, 47957.3, 0.769477, 0.517355, 0.199699
trial 21, 1, 1, 4, 2, 7, 59696, 0.717706, 0.239854, 0.80656
trial 22, 1, 1, 6, 2, 8, 8560, 0.980974, 0.173091, 1
trial 23, 1, 1, 8, 3, 3, 56106.7, 1, 0.5, 0.5
trial 24, 1, 1, 4, 1, 1, 24154.7, 0.692766, 0.196034, 0.134485
trial 25, 1, 0, 7, 6, 0, 57168, 0.899478, 0.682282, 0.181604
trial 26, 1, 0, 8, 0, 1, 2776, 1, 0.138466, 0
trial 27, 1, 0, 0, 8, 4, 29800, 0.29675, 0.686363, 0.669195
trial 28, 1, 1, 5, 4, 0, 37829.3, 0.788012, 0.376037, 0.259483
trial 29, 1, 0, 6, 8, 5, 42162.7, 0.791131, 0.785276, 0.800432
trial 30, 1, 1, 4, 6, 8, 34269.3, 1, 1, 1
trial 31, 1, 1, 2, 4, 2, 35562.7, 0.449698, 0.174446, 0.265744
trial 32, 1, 0, 4, 8, 7, 5256, 0.807011, 0.762061, 0.904562
trial 33, 1, 1, 0, 6, 6, 68717.3, 0, 0.72614, 0.865776
trial 34, 1, 0, 8, 4, 2, 17949.3, 1, 0.300907, 0.259795
trial 35, 1, 0, 2, 6, 1, 77008, 0.706898, 0.342109, 0.304805
trial 36, 1, 0, 2, 5, 5, 66888, 0.496117, 0.746549, 0.791984
trial 37, 1, 1, 7, 5, 2, 61050.7, 1, 0.372226, 0.345046
trial 38, 1, 1, 7, 1, 5, 17688, 1, 0.243217, 0.313951
trial 39, 1, 1, 0, 8, 2, 1056, 0.319114, 0.740333, 0.237495
trial 40, 1, 0, 3, 4, 2, 29909.3, 0.4171, 0.319386, 0.38223
trial 41, 1, 1, 6, 4, 2, 38829.3, 0.815267, 0.333641, 0.396801
trial 42, 1, 1, 8, 0, 7, 66594.7, 0.981919, 0.379774, 0.880074
trial 43, 1, 1, 4, 7, 5, 21392, 0.732175, 0.785977, 0.682544
trial 44, 1, 1, 7, 7, 4, 23392, 0.856071, 0.738498, 0.73924
trial 45, 1, 0, 0, 2, 6, 12488, 0.218363, 0.168123, 0.932108
trial 46, 1, 0, 4, 5, 8, 1056, 0.499599, 0.756887, 0.859104
trial 47, 1, 1, 8, 8, 6, 19354.7, 0.799715, 0.511287, 0.5
trial 48, 1, 1, 6, 3, 1, 165.333, 0.661243, 0.165261, 0.124127
trial 49, 1, 0, 1, 4, 1, 77165.3, 0.311625, 0.529434, 0.233653
trial 50, 1, 0, 0, 1, 5, 75261.3, 0.304716, 0.241296, 0.705733
trial 51, 1, 1, 6, 8, 7, 71661.3, 0.898385, 1, 0.833262
trial 52, 1, 1, 5, 7, 4, 63258.7, 0.82372, 0.797527, 0.784462
trial 53, 1, 1, 7, 4, 7, 5512, 0.988419, 0.834329, 0.991734
trial 54, 1, 0, 4, 3, 0, 21328, 0.5, 0.46115, 0
trial 55, 1, 0, 5, 0, 2, 71146.7, 0.692678, 0, 0.359294
trial 56, 1, 0, 2, 5, 3, 4349.33, 0.486131, 0.446374, 0.374337
trial 57, 1, 0, 1, 3, 7, 42413.3, 0.418851, 0.853893, 0.878402
trial 58, 1, 0, 2, 6, 5, 30578.7, 0.381813, 0.573315, 0.785037
trial 59, 1, 0, 3, 2, 3, 53688, 0.39406, 0.13492, 0.593772
trial 60, 1, 1, 8, 2, 4, 63717.3, 0.912087, 0.0373955, 0.5
trial 61, 1, 0, 0, 4, 8, 71504, 0.0266903, 0.783934, 0.978397
trial 62, 1, 1, 8, 3, 1, 66386.7, 1, 0.345537, 0
trial 63, 1, 1, 8, 5, 1, 31293.3, 1, 0.243277, 0.317448
trial 64, 1, 0, 5, 3, 4, 44608, 0.263806, 0.162043, 0.446067
trial 65, 1, 1, 0, 1, 5, 64565.3, 0.276972, 0.270585, 0.227745
trial 66, 1, 0, 8, 5, 2, 56421.3, 0.5, 0.486659, 0.5
trial 67, 1, 1, 2, 8, 7, 79480, 0.727846, 1, 1
trial 68, 1, 1, 4, 0, 3, 43954.7, 0.695048, 0, 0.754025
trial 69, 1, 0, 6, 2, 2, 76165.3, 0.702475, 0.288216, 0.686766
trial 70, 1, 1, 4, 6, 3, 10322.7, 0.68237, 0.675816, 0.420296
trial 71, 1, 1, 5, 8, 2, 4440, 0.736025, 0.625994, 0.643703
trial 72, 1, 0, 3, 7, 1, 40978.7, 0.355149, 0.5, 0.5
trial 73, 1, 0, 1, 8, 4, 32709.3, 0.226333, 0.761112, 1
trial 74, 1, 1, 5, 7, 2, 52882.7, 0.502088, 0.49831, 0.73054
trial 75, 1, 1, 7, 8, 7, 64314.7, 1, 1, 0.989194
trial 76, 1, 1, 7, 7, 7, 32082.7, 1, 1, 1
trial 77, 1, 1, 1, 2, 8, 63101.3, 0.217926, 0.855793, 0.863211
trial 78, 1, 0, 8, 0, 5, 70941.3, 0.829325, 0.348967, 0.883358
trial 79, 1, 1, 5, 5, 5, 67973.3, 0.773499, 0.759452, 0.836508
trial 80, 1, 1, 6, 5, 2, 32610.7, 0.5, 0.5, 0.5
trial 81, 1, 1, 0, 5, 5, 5616, 0.223135, 0.823984, 0.853941
trial 82, 1, 1, 7, 0, 8, 76698.7, 0.966653, 0.024617, 0.879387
trial 83, 1, 0, 6, 0, 7, 72909.3, 0.790152, 0, 0.841858
trial 84, 1, 0, 4, 4, 2, 3994.67, 0.706047, 0.64974, 0.354853
trial 85, 1, 0, 5, 0, 6, 13293.3, 0.609863, 0.135329, 0.987382
trial 86, 1, 1, 8, 7, 4, 7205.33, 0.753748, 0.866077, 0.874905
trial 87, 1, 0, 6, 8, 4, 73834.7, 0.838133, 0.8617, 0.5
trial 88, 1, 1, 4, 5, 2, 11808, 0.692718, 0.500937, 0.260958
trial 89, 1, 1, 4, 7, 1, 72525.3, 0.608983, 0.664723, 0.260191
trial 90, 1, 1, 5, 5, 8, 65402.7, 0.767778, 1, 0.992976
trial 91, 1, 1, 7, 7, 6, 76778.7, 1, 1, 0.923164
trial 92, 1, 1, 6, 6, 7, 54794.7, 0.778035, 1, 0.981343
trial 93, 1, 0, 7, 6, 8, 64970.7, 0.818303, 0.912728, 1
trial 94, 1, 0, 1, 2, 3, 18760, 0.0688998, 0.37673, 0.358112
trial 95, 1, 1, 2, 5, 5, 3165.33, 0.205975, 0.249152, 0.262719
trial 96, 1, 1, 3, 0, 0, 6634.67, 0.341367, 0, 0.267331
trial 97, 1, 1, 3, 8, 1, 44042.7, 0.264727, 0.513769, 0.172983
trial 98, 1, 0, 2, 1, 3, 18005.3, 0, 0.162424, 0.5
trial 99, 1, 1, 6, 7, 7, 40061.3, 0.922804, 0.93414, 1
trial 100, 1, 0, 6, 3, 3, 11736, 0.795208, 0.705524, 0.403055
trial 101, 1, 0, 7, 7, 8, 39066.7, 0.882565, 0.849537, 0.992127
trial 102, 1, 0, 4, 8, 5, 72298.7, 0.903199, 0.869182, 0.990598
trial 103, 1, 0, 0, 8, 0, 15314.7, 0, 0.796138, 0
trial 104, 1, 0, 5, 5, 2, 19674.7, 0.741115, 0.287955, 0.5
trial 105, 1, 1, 7, 3, 6, 34709.3, 1, 0.774661, 0.811769
trial 106, 1, 0, 7, 7, 5, 17053.3, 0.851273, 0.965393, 0.67751
trial 107, 1, 1, 6, 4, 5, 25408, 0.803019, 0.493399, 0.849256
trial 108, 1, 1, 7, 5, 3, 29021.3, 0.90913, 0.49725, 0.778112
trial 109, 1, 0, 8, 2, 4, 11866.7, 0.81466, 0.259437, 0.763208
trial 110, 1, 1, 8, 8, 5, 79381.3, 0.897086, 0.792706, 0.989435
trial 111, 1, 0, 7, 4, 5, 61194.7, 0.822823, 0.492966, 0.73588
trial 112, 1, 0, 3, 0, 4, 5386.67, 0.5, 0.164366, 0.5
trial 113, 1, 0, 3, 2, 0, 52621.3, 0.383461, 0.502728, 0.0263305
trial 114, 1, 0, 3, 6, 1, 26128, 0.386442, 0.64099, 0.287243
trial 115, 1, 0, 5, 4, 1, 9000, 0.5, 0.655284, 0.288503
trial 116, 1, 1, 3, 2, 7, 9437.33, 0.751803, 0.50861, 0.730723
trial 117, 1, 1, 5, 3, 6, 45760, 1, 0.8285, 0.988193
trial 118, 1, 0, 5, 6, 6, 1176, 0.766642, 0.678571, 0.993545
trial 119, 1, 1, 1, 8, 6, 45253.3, 0, 0.746293, 0.745488
trial 120, 1, 1, 4, 3, 8, 2688, 0.747508, 0.816117, 0.997913
trial 121, 1, 1, 3, 5, 2, 47592, 0.261835, 0.31765, 0.173205
trial 122, 1, 1, 0, 6, 2, 4418.67, 0.234621, 0.676564, 0.216501
trial 123, 1, 0, 7, 0, 0, 42536, 1, 0, 0.343054
trial 124, 1, 1, 8, 5, 2, 45882.7, 0.883833, 0.758326, 0.327928
trial 125, 1, 0, 3, 6, 2, 23762.7, 0.78835, 0.474185, 0.5
trial 126, 1, 0, 7, 7, 3, 2192, 0.716234, 0.736401, 0.366977
trial 127, 1, 0, 2, 1, 2, 42672, 0.5, 0.114563, 0.104661
trial 128, 1, 1, 3, 3, 5, 52797.3, 0.372671, 0.368384, 0.333226
trial 129, 1, 0, 3, 4, 7, 38309.3, 0.288863, 1, 1
trial 130, 1, 0, 7, 1, 5, 40864, 0.5, 0.277026, 0.841123
trial 131, 1, 0, 8, 7, 4, 73098.7, 0.820962, 1, 0.858433
trial 132, 1, 1, 5, 3, 5, 29034.7, 0.718919, 0.771825, 0.94037
trial 133, 1, 0, 1, 2, 4, 68752, 0.642248, 0.5143, 0.5
trial 134, 1, 1, 3, 8, 5, 57445.3, 0.623257, 0.507484, 0.422467
trial 135, 1, 1, 4, 8, 4, 3746.67, 0.743933, 0.705351, 0.5
trial 136, 1, 0, 5, 0, 7, 4629.33, 0.787847, 0, 0.819686
trial 137, 1, 0, 1, 3, 0, 70608, 0, 0.236806, 0.0295663
trial 138, 1, 1, 5, 2, 7, 19978.7, 1, 0.502607, 0.783875
trial 139, 1, 0, 6, 4, 5, 3690.67, 0.75961, 0.526429, 0.5
trial 140, 1, 0, 3, 3, 1, 13733.3, 0.209674, 0.284996, 0.272976
trial 141, 1, 1, 4, 3, 5, 32810.7, 0.827962, 0.247946, 0.712672
trial 142, 1, 0, 6, 5, 7, 54432, 0.76052, 0.489593, 0.943223
trial 143, 1, 1, 0, 0, 2, 21330.7, 0.234599, 0, 0.5
trial 144, 1, 1, 2, 1, 5, 44045.3, 0.220755, 0.226003, 0.742385
trial 145, 1, 1, 7, 0, 0, 1525.33, 0.694605, 0.168667, 0.147481
trial 146, 1, 1, 3, 2, 8, 77856, 0.778338, 0.25194, 0.649946
trial 147, 1, 1, 5, 2, 6, 58381.3, 0.26482, 0.284581, 0.857338
trial 148, 1, 0, 2, 3, 8, 4285.33, 0.211964, 0.325418, 0.764289
trial 149, 1, 1, 8, 1, 3, 2602.67, 0.995195, 0.15283, 0.304181
trial 150, 1, 0, 0, 6, 1, 63930.7, 0.0734093, 0.513726, 0.0226042
trial 151, 1, 1, 6, 2, 3, 27533.3, 0.444532, 0.207991, 0.174884
trial 152, 1, 0, 0, 7, 5, 229.333, 0, 0.757347, 0.740289
trial 153, 1, 1, 5, 5, 4, 44850.7, 0.698473, 0.807651, 0.826463
trial 154, 1, 1, 8, 2, 0, 60656, 0.967687, 0.279349, 0.112224
trial 155, 1, 0, 6, 3, 0, 2632, 0.69813, 0.37006, 0.0821739
trial 156, 1, 1, 6, 3, 8, 45336, 0.779256, 0.654953, 1
trial 157, 1, 1, 0, 2, 7, 73885.3, 0.26282, 0.687946, 0.93049
trial 158, 1, 0, 7, 8, 7, 65066.7, 0.810122, 0.762849, 1
trial 159, 1, 1, 2, 2, 4, 52717.3, 0.302988, 0.25036, 0.716515
trial 160, 1, 1, 6, 1, 3, 22677.3, 1, 0.164747, 0.843655
trial 161, 1, 0, 1, 5, 7, 21578.7, 0.119588, 0.874645, 1
trial 162, 1, 1, 8, 6, 4, 79194.7, 0.903682, 0.801928, 0.765075
trial 163, 1, 1, 8, 6, 0, 59586.7, 0.880616, 0.828447, 0.0788762
trial 164, 1, 0, 2, 0, 2, 3533.33, 0.141768, 0.0837693, 0.738231
trial 165, 1, 1, 5, 2, 4, 266.667, 0.804769, 0.212239, 0.5
trial 166, 1, 0, 0, 0, 0, 101.333, 0, 0.700463, 0.263438
trial 167, 1, 1, 5, 7, 7, 64010.7, 0.835112, 1, 0.901279
trial 168, 1, 1, 3, 7, 1, 5624, 0.730274, 0.863672, 0.5
trial 169, 1, 0, 0, 6, 6, 23610.7, 0, 0.510375, 0.878842
trial 170, 1, 0, 5, 3, 5, 41498.7, 0.715047, 0.5031, 0.912039
trial 171, 1, 0, 3, 0, 6, 43592, 0.5, 0.145519, 0.797649
trial 172, 1, 1, 0, 1, 8, 64282.7, 0.5, 0.165838, 0.725191
trial 173, 1, 1, 2, 1, 3, 5544, 0.5, 0.183348, 0.722599
trial 174, 1, 0, 1, 8, 8, 23424, 0.314079, 0.781148, 0.862404
trial 175, 1, 1, 8, 0, 6, 18045.3, 0.829873, 0.0789134, 0.822959
trial 176, 1, 1, 1, 7, 4, 33720, 0.358136, 0.650571, 0.5
trial 177, 1, 0, 5, 5, 7, 22818.7, 0.635046, 0.859113, 0.847535
trial 178, 1, 1, 2, 6, 6, 70408, 0.736083, 0.504283, 0.774105
trial 179, 1, 0, 0, 0, 1, 6498.67, 0.5, 0.233506, 0.198221
trial 180, 1, 1, 7, 3, 8, 66173.3, 0.894363, 0.699157, 0.854558
trial 181, 1, 0, 3, 7, 7, 77493.3, 0.61043, 0.746303, 0.874091
trial 182, 1, 1, 3, 0, 8, 32792, 0.682255, 0.137369, 0.5
trial 183, 1, 1, 8, 7, 1, 24040, 0.728657, 0.746187, 0.0990581
trial 184, 1, 1, 1, 4, 0, 71090.7, 0.120804, 0.479747, 0.00211758
trial 185, 1, 1, 6, 6, 6, 65074.7, 0.857373, 1, 0.952663
trial 186, 1, 1, 2, 8, 1, 2074.67, 0.695654, 0.865664, 0.0939438
trial 187, 1, 1, 5, 1, 1, 36045.3, 0.31666, 0.152232, 0.274026
trial 188, 1, 0, 6, 0, 1, 60672, 0.73509, 0.16464, 0.365967
trial 189, 1, 1, 1, 1, 7, 6536, 0.089754, 0.164215, 0.635223
trial 190, 1, 1, 2, 1, 7, 22736, 0.5, 0.283206, 1
trial 191, 1, 0, 1, 8, 5, 73410.7, 0, 0.671029, 1
trial 192, 1, 0, 3, 3, 6, 73322.7, 0.5, 0.728689, 0.996859
trial 193, 1, 1, 4, 3, 7, 43021.3, 0.761877, 0.799857, 1
trial 194, 1, 0, 0, 1, 3, 62962.7, 0.135146, 0.387985, 0.361691
trial 195, 1, 0, 3, 5, 8, 10314.7, 0.291852, 0.733213, 0.985422
trial 196, 1, 1, 1, 3, 2, 6370.67, 0.29025, 0.373142, 0.666154
trial 197, 1, 1, 7, 1, 0, 22866.7, 1, 0.0851036, 0
trial 198, 1, 0, 8, 6, 0, 29437.3, 0.81328, 0.80998, 0
trial 199, 1, 0, 4, 5, 6, 2128, 0.811441, 0.871849, 0.867551
trial 200, 1, 0, 2, 8, 0, 5480, 0, 0.724928, 0
trial 201, 1, 0, 1, 1, 8, 58141.3, 0.18175, 0.375099, 0.901494
trial 202, 1, 1, 5, 3, 1, 24626.7, 0.504363, 0.49037, 0.606377
trial 203, 1, 0, 3, 8, 1, 76477.3, 0.426608, 0.757654, 0.410377
trial 204, 1, 0, 2, 2, 8, 39066.7, 0.184561, 0.514714, 0.835738
trial 205, 1, 0, 6, 6, 1, 77554.7, 0.5, 0.680097, 0.364502
trial 206, 1, 0, 3, 7, 0, 49962.7, 0.265522, 0.5, 0.177821
trial 207, 1, 0, 7, 4, 1, 25125.3, 0.673015, 0.51269, 0.318307
trial 208, 1, 0, 0, 0, 7, 5042.67, 0.207199, 0.277957, 0.825596
trial 209, 1, 0, 6, 6, 8, 53112, 0.723422, 0.743092, 0.895915
trial 210, 1, 0, 1, 7, 1, 13605.3, 0.18587, 0.822953, 0.302313
trial 211, 1, 1, 8, 0, 4, 15178.7, 1, 0.0525323, 0.814197
trial 212, 1, 1, 5, 4, 2, 63976, 0.753842, 0.780485, 0.256588
trial 213, 1, 1, 0, 7, 5, 56624, 0, 0.831105, 0.856963
trial 214, 1, 0, 6, 1, 7, 57970.7, 0.80694, 0.281868, 1
trial 215, 1, 0, 4, 4, 7, 12240, 0.77702, 0.522419, 0.817495
trial 216, 1, 1, 4, 2, 5, 25928, 0.79815, 0.323255, 0.905283
trial 217, 1, 1, 5, 8, 4, 49362.7, 0.837425, 0.739475, 0.990072
trial 218, 1, 1, 2, 1, 4, 52754.7, 0.5, 0.315455, 0.797477
trial 219, 1, 0, 2, 7, 7, 25656, 0.191942, 0.907469, 0.851408
trial 220, 1, 0, 5, 7, 5, 17618.7, 0.286541, 0.704327, 0.760249
trial 221, 1, 1, 2, 8, 6, 52213.3, 0.656028, 1, 0.87856
trial 222, 1, 1, 0, 5, 1, 35402.7, 0.156175, 0.509819, 0.357797
trial 223, 1, 1, 8, 1, 0, 6378.67, 1, 0.13573, 0.267315
trial 224, 1, 1, 7, 6, 8, 48389.3, 1, 0.92642, 1
trial 225, 1, 0, 1, 6, 7, 41744, 0.167017, 1, 1
trial 226, 1, 1, 3, 6, 0, 47200, 0.69998, 0.814219, 0.131689
trial 227, 1, 0, 8, 5, 6, 7229.33, 0.843297, 0.722072, 1
trial 228, 1, 0, 2, 1, 1, 48792, 0.208703, 0.20812, 0.883361
trial 229, 1, 1, 3, 5, 7, 3688, 0.624304, 0.723355, 0.989731
trial 230, 1, 1, 5, 7, 6, 67096, 0.676595, 0.721354, 0.852592
trial 231, 1, 1, 2, 8, 4, 57714.7, 0.104996, 0.850385, 0.353474
trial 232, 1, 1, 2, 7, 4, 27354.7, 0.31188, 0.697872, 0.772854
trial 233, 1, 0, 1, 6, 3, 46429.3, 0.296599, 0.51531, 0.346615
trial 234, 1, 0, 4, 2, 1, 53869.3, 0.722767, 0.499395, 0.5
trial 235, 1, 0, 3, 7, 4, 3661.33, 0.543757, 0.711337, 0.707965
trial 236, 1, 0, 4, 3, 2, 60608, 0.650521, 0.357142, 0.453765
trial 237, 1, 1, 5, 0, 4, 5152, 0.916525, 0.281228, 0.8123
trial 238, 1, 1, 6, 1, 5, 32456, 1, 0.311057, 0.787778
trial 239, 1, 0, 1, 0, 1, 64173.3, 0.0747181, 0.175113, 0.776877
trial 240, 1, 0, 5, 5, 8, 30216, 0.264186, 0.676211, 0.985879
trial 241, 1, 1, 8, 3, 6, 44186.7, 0.978802, 0.506173, 0.765557
trial 242, 1, 1, 0, 4, 5, 25858.7, 0.231436, 0.505954, 0.724699
trial 243, 1, 0, 7, 6, 5, 34552, 0.853854, 0.59325, 0.648756
trial 244, 1, 0, 5, 2, 6, 1488, 0.764718, 0.357127, 0.760922
trial 245, 1, 0, 6, 4, 4, 4704, 0.707816, 0.534538, 0.717612
trial 246, 1, 0, 5, 5, 4, 11914.7, 0.618831, 0.685714, 0.5
trial 247, 1, 1, 2, 6, 2, 57840, 0.550314, 0.537276, 0.793366
trial 248, 1, 0, 5, 3, 7, 18597.3, 0.68285, 0.5, 0.884442
trial 249, 1, 1, 5, 5, 1, 28874.7, 0.670162, 0.67316, 0.399589
trial 250, 1, 0, 1, 2, 1, 76208, 0.230895, 0.410572, 0.283447
trial 251, 1, 0, 0, 8, 1, 24325.3, 0.24475, 0.634868, 0.3097
trial 252, 1, 0, 8, 8, 0, 76474.7, 0.34146, 0.698543, 0.5
trial 253, 1, 1, 4, 1, 6, 28717.3, 0.884303, 0.217222, 0.880823
trial 254, 1, 1, 8, 5, 8, 19421.3, 0.987804, 0.551492, 0.826104
trial 255, 1, 0, 3, 6, 7, 23752, 0.277767, 0.915772, 0.938102
trial 256, 1, 0, 1, 1, 2, 65106.7, 0.130958, 0.310457, 0.5
trial 257, 1, 1, 2, 8, 3, 15624, 0.232755, 0.641406, 0.222735
trial 258, 1, 0, 7, 8, 8, 11898.7, 0.633031, 0.863207, 0.852075
trial 259, 1, 1, 7, 2, 1, 28368, 0.5, 0.318529, 0.685495
trial 260, 1, 1, 2, 2, 7, 65330.7, 0.276697, 0.2858, 0.905308
trial 261, 1, 0, 0, 0, 5, 42456, 0, 0.187097, 0.865373
trial 262, 1, 0, 8, 1, 3, 79754.7, 0.806996, 0.222489, 0.30816
trial 263, 1, 0, 4, 5, 7, 25896, 0.638414, 0.578068, 0.86469
trial 264, 1, 0, 5, 1, 4, 54536, 0.652677, 0.19237, 0.599153
trial 265, 1, 1, 0, 1, 1, 74056, 0.110222, 0.230725, 0.277612
trial 266, 1, 1, 0, 7, 8, 43904, 0.195075, 0.888218, 1
trial 267, 1, 0, 0, 6, 5, 56680, 0, 0.908731, 0.995537
trial 268, 1, 0, 4, 6, 7, 3056, 0.28162, 0.7004, 0.847563
trial 269, 1, 1, 1, 5, 2, 27120, 0.245007, 0.505725, 0.5
trial 270, 1, 0, 5, 8, 7, 40973.3, 0.739319, 0.996925, 0.922039
trial 271, 1, 0, 8, 2, 6, 70602.7, 1, 0.197962, 0.815679
trial 272, 1, 1, 4, 6, 7, 46240, 0.918343, 0.706685, 0.928065
trial 273, 1, 0, 2, 0, 8, 66162.7, 0.0728584, 0.10848, 0.828959
trial 274, 1, 0, 8, 5, 1, 29320, 0.5, 0.374575, 0.252091
trial 275, 1, 0, 2, 5, 0, 51058.7, 0.621455, 0.52952, 0.279546
trial 276, 1, 1, 1, 7, 1, 43053.3, 0.116066, 0.525244, 0.319868
trial 277, 1, 0, 3, 4, 1, 74357.3, 0.317083, 0.400897, 0.335441
trial 278, 1, 0, 8, 5, 8, 32642.7, 0.5, 0.48142, 0.861417
trial 279, 1, 0, 4, 1, 2, 60272, 0.663418, 0.112724, 0.406175
trial 280, 1, 0, 4, 2, 2, 60821.3, 0.698102, 0.265312, 0.21571
trial 281, 1, 0, 5, 4, 3, 68941.3, 0.710359, 0.338999, 0.249079
trial 282, 1, 1, 1, 5, 1, 41282.7, 0.0589265, 0.671527, 0.303536
trial 283, 1, 1, 2, 3, 3, 33077.3, 0.165034, 0.275043, 0.621974
trial 284, 1, 1, 6, 5, 3, 5274.67, 0.263604, 0.658625, 0.710292
trial 285, 1, 0, 5, 7, 2, 5037.33, 0.513816, 0.467857, 0.638917
trial 286, 1, 1, 8, 5, 0, 22472, 0.850725, 0.63863, 0
trial 287, 1, 0, 1, 7, 7, 36962.7, 0.640398, 0.863151, 1
trial 288, 1, 1, 6, 5, 5, 57421.3, 0.969556, 0.678157, 0.807697
trial 289, 1, 0, 2, 3, 1, 3466.67, 0.0612887, 0.256926, 0.649298
trial 290, 1, 0, 3, 1, 6, 2488, 0.433626, 0.146819, 0.789403
trial 291, 1, 1, 2, 0, 3, 6648, 0.0857649, 0, 0.688395
trial 292, 1, 1, 8, 3, 2, 76024, 0.913924, 0.332154, 0.5
trial 293, 1, 0, 0, 7, 4, 71872, 0.0836898, 0.65605, 0.833812
trial 294, 1, 0, 6, 3, 2, 18114.7, 0.402421, 0.372463, 0.5
trial 295, 1, 1, 8, 4, 3, 69282.7, 0.971405, 0.52087, 0.5
trial 296, 1, 0, 8, 7, 7, 76944, 0.92557, 0.844277, 0.94413
trial 297, 1, 0, 4, 1, 5, 54309.3, 0.59492, 0.177463, 0.746523
trial 298, 1, 0, 0, 1, 6, 54890.7, 0.159093, 0.133914, 0.5
trial 299, 1, 0, 5, 7, 7, 32016, 0.5, 0.876952, 0.840234
trial 300, 1, 0, 6, 2, 0, 75733.3, 0.726551, 0.636242, 0.171721
trial 301, 1, 0, 6, 0, 5, 22568, 0.771929, 0.261957, 0.627835
trial 302, 1, 1, 4, 2, 2, 27714.7, 0.615077, 0.509283, 0.5
trial 303, 1, 1, 3, 6, 5, 13501.3, 0.40568, 0.530734, 0.714357
trial 304, 1, 0, 0, 2, 2, 58970.7, 0.327179, 0.343736, 0.5
trial 305, 1, 1, 0, 1, 7, 1797.33, 0, 0.28865, 0.612352
trial 306, 1, 1, 6, 3, 5, 7056, 0.90112, 0.576934, 0.841734
trial 307, 1, 1, 1, 2, 7, 21301.3, 0.216135, 0.327878, 0.829927
trial 308, 1, 1, 3, 7, 2, 370.667, 0.305346, 0.786794, 0.34853
trial 309, 1, 0, 7, 3, 3, 4645.33, 0.698877, 0.497167, 0.5
trial 310, 1, 0, 8, 3, 4, 55949.3, 0.925074, 0.619991, 0.974258
trial 311, 1, 1, 7, 1, 8, 46005.3, 1, 0.142699, 0.958308
trial 312, 1, 0, 5, 1, 2, 53202.7, 0.686313, 0.51394, 0.25647
trial 313, 1, 0, 6, 2, 5, 5272, 0.650054, 0.364347, 0.669724
trial 314, 1, 0, 5, 5, 5, 73605.3, 0.791237, 0.654442, 0.62761
trial 315, 1, 0, 8, 6, 3, 66589.3, 0.697228, 0.647054, 0.488144
trial 316, 1, 1, 0, 2, 4, 79125.3, 0.175525, 0.266332, 0.672227
trial 317, 1, 1, 5, 4, 7, 70880, 0.284423, 0.648784, 0.842086
trial 318, 1, 1, 7, 8, 3, 66298.7, 0.842412, 0.628752, 0.343072
trial 319, 1, 0, 1, 0, 6, 54005.3, 0.284547, 0.294364, 0.714333
trial 320, 1, 0, 1, 3, 1, 43378.7, 0, 0.511274, 0.259982
trial 321, 1, 1, 2, 2, 2, 31264, 0.264204, 0.648039, 0.5
trial 322, 1, 1, 5, 7, 5, 34856, 0.834822, 0.749992, 0.872797
trial 323, 1, 1, 5, 4, 5, 71613.3, 0.829697, 0.505799, 0.743537
trial 324, 1, 1, 0, 2, 6, 9082.67, 0, 0.385011, 0.714026
trial 325, 1, 1, 5, 6, 4, 59762.7, 0.748714, 0.594167, 0.798019
trial 326, 1, 1, 6, 7, 4, 2165.33, 1, 0.672024, 0.91507
trial 327, 1, 1, 4, 0, 8, 63834.7, 0.908535, 0.0833645, 1
trial 328, 1, 0, 2, 5, 4, 33189.3, 0.102939, 0.645495, 0.392502
trial 329, 1, 0, 4, 4, 1, 47389.3, 0.492995, 0.343403, 0.232992
trial 330, 1, 1, 1, 6, 2, 50248, 0.600752, 0.669531, 0.386685
trial 331, 1, 0, 4, 1, 6, 26416, 0.693503, 0.296042, 0.873211
trial 332, 1, 1, 3, 0, 5, 31712, 0.675286, 0.234369, 0.663668
trial 333, 1, 1, 1, 4, 2, 40744, 0.28927, 0.739851, 0.35189
trial 334, 1, 0, 3, 1, 0, 42824, 0.729356, 0.372797, 0.302087
trial 335, 1, 0, 6, 2, 6, 1373.33, 0.665508, 0.270269, 0.626099
trial 336, 1, 1, 7, 8, 5, 35949.3, 0.929946, 0.983471, 0.684402
trial 337, 1, 1, 3, 4, 5, 33429.3, 0.858315, 0.780426, 0.834388
trial 338, 1, 0, 7, 2, 3, 75906.7, 0.746688, 0.384094, 0.70545
trial 339, 1, 0, 4, 8, 3, 46464, 0.759564, 0.753768, 0.354238
trial 340, 1, 1, 4, 5, 1, 4861.33, 0.84362, 0.589062, 0.18593
trial 341, 1, 1, 4, 7, 7, 3237.33, 1, 0.75408, 1
trial 342, 1, 0, 5, 4, 4, 41890.7, 0.799822, 0.688081, 0.643618
trial 343, 1, 1, 6, 4, 4, 4805.33, 0.74557, 0.51847, 0.5
trial 344, 1, 1, 7, 8, 6, 76501.3, 1, 1, 0.999604
trial 345, 1, 1, 6, 5, 0, 71586.7, 1, 0.745743, 0.257159
trial 346, 1, 0, 2, 4, 5, 32938.7, 0.515567, 0.519083, 0.860683
trial 347, 1, 0, 1, 0, 5, 48320, 0.27557, 0, 0.854266
trial 348, 1, 0, 1, 0, 7, 31909.3, 0, 0.169682, 1
trial 349, 1, 1, 3, 0, 1, 13600, 0.5, 0.0867552, 0.744034
trial 350, 1, 1, 8, 8, 1, 40586.7, 0.997355, 0.832733, 0.0890136
trial 351, 1, 1, 1, 4, 7, 71645.3, 0.252397, 0.867471, 1
trial 352, 1, 0, 4, 1, 4, 79912, 0.395661, 0.348171, 0.856408
trial 353, 1, 0, 2, 0, 0, 71554.7, 0.344771, 0.141431, 0.339588
trial 354, 1, 1, 8, 4, 7, 5850.67, 1, 0.505774, 1
trial 355, 1, 0, 5, 3, 6, 15482.7, 0.876329, 0.509734, 0.945255
trial 356, 1, 1, 8, 3, 8, 17285.3, 0.916537, 0.715019, 0.859848
trial 357, 1, 1, 6, 0, 4, 6117.33, 0.843573, 0.240063, 0.523866
trial 358, 1, 1, 2, 6, 8, 34360, 0.159016, 0.745696, 1
trial 359, 1, 0, 6, 8, 7, 71714.7, 0.785594, 0.687932, 1
trial 360, 1, 0, 4, 6, 1, 77101.3, 0.687032, 0.738765, 0.34624
trial 361, 1, 1, 2, 7, 7, 44360, 0.123453, 0.99358, 0.998824
trial 362, 1, 0, 2, 0, 7, 77346.7, 0.257522, 0.135686, 0.954317
trial 363, 1, 1, 3, 7, 6, 8589.33, 0.255107, 0.663519, 0.785125
trial 364, 1, 1, 5, 3, 3, 20368, 0.782945, 0.353864, 0.823065
trial 365, 1, 1, 6, 8, 1, 51696, 0.789794, 0.989156, 0.259445
trial 366, 1, 1, 0, 7, 2, 44448, 0.327729, 0.502955, 0.5
trial 367, 1, 0, 5, 2, 0, 17936, 0.657691, 0.241031, 0.408153
trial 368, 1, 1, 5, 0, 3, 42149.3, 0.874093, 0, 0.658676
trial 369, 1, 0, 7, 6, 2, 70098.7, 0.713621, 0.828095, 0.5
trial 370, 1, 0, 7, 1, 0, 77498.7, 0.633, 0.321648, 0.123064
trial 371, 1, 1, 1, 6, 6, 69050.7, 0.114112, 0.667904, 0.803219
trial 372, 1, 1, 1, 5, 7, 70741.3, 0, 0.763767, 0.990317
trial 373, 1, 1, 3, 4, 8, 28797.3, 0.246454, 0.800946, 0.860221
trial 374, 1, 1, 8, 8, 4, 14954.7, 1, 0.873826, 0.331191
trial 375, 1, 0, 5, 2, 3, 3888, 0.827094, 0.466292, 0.356418
trial 376, 1, 1, 8, 4, 8, 53250.7, 0.993496, 0.817337, 1
trial 377, 1, 0, 8, 1, 2, 48381.3, 0.835122, 0.328106, 0.831066
trial 378, 1, 1, 0, 6, 4, 52896, 0.289122, 0.684772, 0.674113
trial 379, 1, 1, 7, 0, 7, 39738.7, 1, 0.0905428, 0.870751
trial 380, 1, 1, 5, 8, 5, 8917.33, 0.820501, 0.732864, 0.886963
trial 381, 1, 1, 0, 5, 4, 33317.3, 0.213475, 0.724587, 0.5
trial 382, 1, 1, 1, 7, 8, 54842.7, 0, 0.832543, 1
trial 383, 1, 0, 8, 1, 7, 29040, 0.837601, 0.378419, 0.879053
trial 384, 1, 0, 5, 1, 7, 3333.33, 0.770014, 0.267747, 0.839854
trial 385, 1, 1, 1, 6, 1, 48034.7, 0.5, 0.777427, 0.241134
trial 386, 1, 1, 7, 1, 4, 48973.3, 0.828514, 0.335985, 0.810082
trial 387, 1, 0, 1, 1, 3, 7093.33, 0.495976, 0.161707, 0.373616
trial 388, 1, 1, 5, 6, 5, 304, 0.864304, 0.794591, 0.509425
trial 389, 1, 1, 6, 3, 0, 40917.3, 0.842736, 0.455629, 0.230487
trial 390, 1, 0, 2, 3, 4, 5352, 0.0796137, 0.290122, 0.846634
trial 391, 1, 0, 7, 2, 7, 47589.3, 0.742637, 0.152091, 0.758964
trial 392, 1, 0, 1, 3, 3, 19629.3, 0.5, 0.503342, 0.369697
trial 393, 1, 0, 5, 4, 6, 7352, 0.658073, 0.407822, 0.709824
trial 394, 1, 0, 7, 2, 1, 55946.7, 0.687657, 0.598431, 0.386071
trial 395, 1, 0, 8, 6, 8, 6085.33, 0.889922, 0.863961, 0.841116
trial 396, 1, 1, 1, 4, 8, 68786.7, 0.233383, 0.666231, 0.961065
trial 397, 1, 1, 6, 3, 2, 1333.33, 0.922429, 0.603126, 0.837163
trial 398, 1, 0, 1, 0, 0, 30168, 0, 0.119847, 0.177598
trial 399, 1, 1, 3, 0, 4, 70106.7, 0.386158, 0.18205, 0.612794
trial 400, 1, 1, 7, 5, 1, 30138.7, 0.689848, 0.740094, 0.400836
trial 401, 1, 0, 1, 2, 2, 58357.3, 0.209507, 0.239793, 0.5
trial 402, 1, 0, 3, 1, 8, 36016, 0.339418, 0.148509, 0.842675
trial 403, 1, 0, 5, 0, 4, 50218.7, 0.766366, 0.100643, 0.758506
trial 404, 1, 1, 6, 0, 5, 20725.3, 0.889709, 0.00264707, 0.808864
trial 405, 1, 1, 7, 0, 5, 21557.3, 0.865061, 0.195313, 0.660882
trial 406, 1, 0, 5, 3, 2, 56800, 0.746694, 0.730085, 0.352432
trial 407, 1, 1, 4, 7, 3, 57072, 0.840358, 0.814992, 0.530206
trial 408, 1, 0, 3, 7, 3, 71560, 0.499192, 0.708951, 0.411946
trial 409, 1, 1, 2, 7, 3, 22506.7, 0.5, 0.652191, 0.314332
trial 410, 1, 0, 2, 4, 2, 3256, 0.276809, 0.640841, 0.604196
trial 411, 1, 0, 4, 0, 7, 63074.7, 0.631359, 0.220384, 0.792575
trial 412, 1, 0, 5, 0, 0, 76376, 0.623443, 0, 0.424925
trial 413, 1, 0, 4, 6, 0, 50005.3, 0.5, 0.688365, 0.126729
trial 414, 1, 0, 4, 3, 1, 3242.67, 0.351366, 0.430398, 0.238294
trial 415, 1, 1, 6, 7, 2, 74200, 0.752719, 0.578691, 0.39178
trial 416, 1, 0, 1, 6, 5, 45429.3, 0.445209, 0.673205, 0.617159
trial 417, 1, 0, 4, 2, 0, 33173.3, 0.678884, 0.226362, 0.613306
trial 418, 1, 0, 2, 7, 1, 59229.3, 0.267335, 0.729173, 0.350135
trial 419, 1, 0, 6, 3, 1, 36440, 0.683654, 0.508717, 0.5
trial 420, 1, 1, 6, 3, 3, 71584, 0.863002, 0.762835, 0.834607
trial 421, 1, 0, 1, 1, 4, 75496, 0.117132, 0.27184, 0.777091
trial 422, 1, 0, 5, 1, 3, 40130.7, 0.5, 0.263705, 0.740217
trial 423, 1, 0, 8, 0, 4, 49773.3, 0.859692, 0.145436, 0.809701
trial 424, 1, 0, 6, 6, 7, 76824, 0.707444, 0.821204, 1
trial 425, 1, 0, 0, 7, 2, 66256, 0.41123, 0.783291, 0.415363
trial 426, 1, 1, 6, 0, 2, 57256, 0.829026, 0.080697, 0.710832
trial 427, 1, 1, 2, 5, 1, 60232, 0.362508, 0.721353, 0.379282
trial 428, 1, 0, 5, 1, 5, 68114.7, 0.5, 0.1828, 0.698239
trial 429, 1, 0, 4, 7, 1, 31714.7, 0.5, 0.754379, 0.222207
trial 430, 1, 0, 8, 0, 7, 42421.3, 0.712098, 0.111275, 0.760294
trial 431, 1, 0, 3, 1, 3, 6474.67, 0.634288, 0.172922, 0.725456
trial 432, 1, 0, 7, 0, 2, 51458.7, 0.821818, 0.105973, 0.5
trial 433, 1, 1, 4, 0, 0, 36176, 0.699111, 0.0770938, 0.700109
trial 434, 1, 0, 1, 7, 4, 16728, 0.224603, 0.773586, 0.764913
trial 435, 1, 1, 1, 2, 3, 18557.3, 0.343039, 0.509797, 0.756549
trial 436, 1, 0, 0, 4, 1, 32165.3, 0, 0.455715, 0.5
trial 437, 1, 0, 2, 1, 5, 49610.7, 0.0977561, 0.226578, 1
trial 438, 1, 1, 2, 1, 6, 11373.3, 0.370789, 0.257258, 0.865544
trial 439, 1, 0, 7, 5, 8, 49584, 0.828978, 1, 1
trial 440, 1, 1, 8, 0, 3, 11365.3, 0.817425, 0, 0.789586
trial 441, 1, 1, 1, 3, 1, 36922.7, 0.167236, 0.630221, 0.668287
trial 442, 1, 0, 7, 2, 2, 35368, 0.869704, 0.4981, 0.793469
trial 443, 1, 1, 3, 5, 6, 3845.33, 0.5, 0.761021, 1
trial 444, 1, 0, 0, 3, 0, 8405.33, 0, 0.344494, 0.212657
trial 445, 1, 1, 0, 5, 0, 2677.33, 0.110445, 0.701764, 0.150795
trial 446, 1, 1, 0, 8, 4, 3144, 0.193202, 0.725165, 0.878223
trial 447, 1, 0, 1, 0, 2, 71421.3, 0.183042, 0, 0.261926
trial 448, 1, 1, 7, 6, 5, 67597.3, 0.849191, 0.764335, 1
trial 449, 1, 0, 1, 4, 8, 41197.3, 0.323967, 0.865205, 0.931727
trial 450, 1, 1, 3, 1, 3, 1493.33, 0.642565, 0.21277, 0.74859
trial 451, 1, 0, 8, 3, 2, 23538.7, 0.870748, 0.193293, 0.405143
trial 452, 1, 0, 5, 6, 4, 46546.7, 0.784814, 0.62539, 0.675364
trial 453, 1, 0, 5, 5, 3, 43698.7, 0.715481, 0.713251, 0.87894
trial 454, 1, 0, 4, 8, 0, 79128, 0.756341, 0.696043, 0.307255
trial 455, 1, 0, 1, 5, 6, 47848, 0.205852, 0.771734, 0.981079
trial 456, 1, 1, 0, 2, 5, 25184, 0.141705, 0.137636, 0.881956
trial 457, 1, 1, 5, 1, 3, 35106.7, 0.803721, 0.185357, 0.5
trial 458, 1, 0, 3, 2, 4, 1117.33, 0.698699, 0.252382, 0.784714
trial 459, 1, 1, 1, 3, 0, 57826.7, 0.334562, 0.451695, 0.5
trial 460, 1, 0, 8, 0, 8, 34525.3, 1, 0.168526, 1
trial 461, 1, 0, 4, 5, 3, 5901.33, 0.770495, 0.792041, 0.387593
trial 462, 1, 0, 8, 8, 4, 4693.33, 0.995951, 0.759306, 0.945279
trial 463, 1, 0, 4, 1, 3, 63573.3, 0.83809, 0.0517473, 0.716196
trial 464, 1, 0, 2, 6, 2, 4893.33, 0.229573, 0.493769, 0.5
trial 465, 1, 1, 0, 5, 6, 4498.67, 0.372898, 0.517986, 0.827979
trial 466, 1, 1, 6, 2, 2, 67946.7, 0.772535, 0.259027, 0.646338
trial 467, 1, 0, 4, 5, 2, 2469.33, 0.690484, 0.501154, 0.266697
trial 468, 1, 1, 0, 3, 6, 74181.3, 0.15368, 0.800126, 0.827438
trial 469, 1, 0, 1, 7, 6, 39488, 0.107626, 0.890795, 0.923911
trial 470, 1, 0, 7, 7, 0, 71885.3, 0.925864, 0.788771, 0.0694965
trial 471, 1, 1, 0, 4, 4, 5600, 0.280649, 0.500886, 0.716719
trial 472, 1, 0, 4, 8, 6, 45290.7, 0.852967, 0.902339, 0.951495
trial 473, 1, 1, 8, 2, 6, 27760, 1, 0.18306, 0.847773
trial 474, 1, 1, 1, 2, 6, 63442.7, 0.5, 0.15908, 0.917028
trial 475, 1, 1, 1, 6, 5, 13738.7, 0.5, 0.650864, 0.755064
trial 476, 1, 0, 8, 5, 0, 2469.33, 0.882697, 0.409872, 0.244874
trial 477, 1, 1, 1, 8, 2, 6162.67, 0.417047, 0.506198, 0.39311
trial 478, 1, 1, 3, 4, 6, 2546.67, 0.5, 0.268797, 0.909676
trial 479, 1, 1, 4, 5, 0, 13914.7, 0.855149, 0.431517, 0.21313
trial 480, 1, 0, 0, 2, 7, 42512, 0.232514, 0.486142, 0.920681
trial 481, 1, 0, 4, 4, 3, 77032, 0.706751, 0.5, 0.772499
trial 482, 1, 1, 4, 4, 7, 13546.7, 0.85624, 0.318336, 0.992731
trial 483, 1, 1, 0, 8, 8, 24733.3, 0.242588, 0.509365, 0.855147
trial 484, 1, 1, 2, 4, 1, 50040, 0.30384, 0.215664, 0.403606
trial 485, 1, 0, 8, 8, 7, 73992, 1, 0.911423, 1
trial 486, 1, 0, 7, 4, 8, 79685.3, 1, 0.532859, 1
trial 487, 1, 0, 0, 2, 1, 19136, 0.153842, 0.224446, 0.329999
trial 488, 1, 1, 4, 8, 3, 7285.33, 0.803654, 0.502907, 0.644134
trial 489, 1, 1, 7, 8, 1, 41952, 0.796073, 0.687257, 0.647137
trial 490, 1, 0, 5, 4, 7, 13392, 0.810577, 0.729525, 0.87457
trial 491, 1, 0, 3, 6, 4, 23810.7, 0.658449, 0.766308, 0.697313
trial 492, 1, 1, 5, 2, 1, 4573.33, 0.807646, 0.239325, 0.5
trial 493, 1, 1, 0, 4, 7, 6666.67, 0, 0.480409, 0.967787
trial 494, 1, 1, 5, 0, 5, 17784, 0.963694, 0, 0.960567
trial 495, 1, 0, 3, 6, 0, 13386.7, 0.152589, 0.312313, 0.672238
trial 496, 1, 1, 8, 4, 0, 78240, 1, 0.509771, 0.418392
trial 497, 1, 1, 2, 5, 6, 41146.7, 0.4022, 0.995774, 1
trial 498, 1, 1, 4, 4, 1, 61024, 0.5, 0.619515, 0.776404
trial 499, 1, 1, 6, 6, 5, 33210.7, 0.646748, 0.747204, 0.873234
trial 500, 1, 1, 1, 6, 0, 3912, 0, 0.497214, 0.218602
trial 501, 1, 1, 2, 1, 8, 33826.7, 0.338988, 0.0806645, 0.769468
trial 502, 1, 1, 8, 1, 7, 48880, 1, 0.0478239, 0.763283
trial 503, 1, 1, 6, 5, 7, 3053.33, 0.751781, 0.542777, 0.780404
trial 504, 1, 1, 3, 0, 7, 3498.67, 0.89997, 0.0697199, 1
trial 505, 1, 0, 0, 3, 8, 68605.3, 0.0953234, 0.38919, 1
trial 506, 1, 0, 7, 5, 2, 40101.3, 0.383171, 0.537191, 0.693613
trial 507, 1, 1, 6, 2, 1, 27229.3, 0.856795, 0.322999, 0.754379
trial 508, 1, 0, 3, 1, 7, 16650.7, 0.788875, 0.328693, 1
trial 509, 1, 1, 7, 7, 3, 26906.7, 0.800097, 0.816492, 0.80375
trial 510, 1, 0, 4, 0, 6, 23306.7, 0.77397, 0.1151, 1
trial 511, 1, 1, 8, 6, 6, 18005.3, 0.956511, 0.780279, 1
trial 512, 1, 1, 8, 5, 4, 17728, 1, 0.659319, 0.896651
trial 513, 1, 1, 0, 3, 1, 39005.3, 0.0902461, 0.174775, 0.432634
trial 514, 1, 1, 1, 8, 0, 16242.7, 0.0546357, 0.880394, 0.346204
trial 515, 1, 0, 3, 5, 7, 43149.3, 0.264098, 0.696482, 0.87921
trial 516, 1, 0, 1, 6, 1, 70408, 0.120131, 0.648856, 0.666718
trial 517, 1, 1, 2, 5, 0, 43192, 0.156759, 0.557899, 0.295423
trial 518, 1, 1, 8, 2, 7, 23677.3, 0.968738, 0.59834, 0.954436
trial 519, 1, 0, 1, 3, 6, 27002.7, 0, 0.479703, 1
trial 520, 1, 1, 4, 3, 4, 73861.3, 0.158278, 0.251926, 0.803773
trial 521, 1, 1, 7, 2, 6, 5896, 0.925519, 0.176771, 1
trial 522, 1, 1, 2, 2, 3, 17336, 0.392584, 0.222701, 0.813376
trial 523, 1, 0, 4, 0, 5, 11781.3, 0.95999, 0, 0.827893
trial 524, 1, 0, 2, 8, 8, 25536, 0.157555, 1, 1
trial 525, 1, 1, 7, 6, 4, 4776, 0.850359, 0.742509, 0.850913
trial 526, 1, 1, 3, 0, 3, 18914.7, 0.860582, 0, 0.737236
trial 527, 1, 1, 4, 3, 2, 38397.3, 0.792998, 0.634804, 0.5
trial 528, 1, 1, 1, 5, 6, 5002.67, 0.662502, 0.669676, 0.5
trial 529, 1, 0, 1, 1, 1, 2469.33, 0.0838133, 0.0873631, 0.672066
trial 530, 1, 1, 0, 6, 3, 8461.33, 0.248276, 0.503484, 0.678597
trial 531, 1, 0, 5, 7, 0, 41546.7, 0.783617, 0.738595, 0.223801
trial 532, 1, 0, 4, 0, 0, 7066.67, 0.855772, 0.100838, 0.676607
trial 533, 1, 0, 7, 8, 0, 24064, 0.765088, 0.837312, 0.150272
trial 534, 1, 1, 3, 6, 2, 9885.33, 0.819259, 0.633919, 0.398284
trial 535, 1, 1, 0, 6, 8, 43416, 0.709256, 0.39895, 0.903978
trial 536, 1, 0, 7, 0, 3, 72474.7, 0.895032, 0.0682944, 0.735171
trial 537, 1, 0, 2, 3, 0, 17485.3, 0.34301, 0.593774, 0.194945
trial 538, 1, 0, 1, 6, 2, 33842.7, 0.405257, 0.621984, 0.265823
trial 539, 1, 0, 8, 7, 1, 42850.7, 0.76276, 0.705643, 0.5
trial 540, 1, 1, 4, 7, 2, 15930.7, 0.765467, 0.564035, 0.695655
trial 541, 1, 0, 3, 2, 5, 59418.7, 0.668037, 0.241264, 0.747169
trial 542, 1, 0, 4, 6, 6, 61874.7, 0.826567, 1, 1
trial 543, 1, 0, 6, 0, 6, 43154.7, 0.720414, 0.212999, 0.882788
trial 544, 1, 1, 0, 1, 6, 31144, 0.160346, 0.303512, 0.634975
trial 545, 1, 0, 2, 4, 7, 62312, 0.513785, 0.707897, 0.760917
trial 546, 1, 1, 0, 8, 5, 30890.7, 0.209096, 0.783007, 0.645083
trial 547, 1, 1, 8, 6, 5, 40560, 1, 0.774548, 0.801293
trial 548, 1, 1, 3, 1, 4, 1698.67, 0.798862, 0.237458, 0.682087
trial 549, 1, 0, 7, 1, 1, 64250.7, 0.734482, 0.166209, 0.232588
trial 550, 1, 1, 5, 1, 5, 4658.67, 0.698433, 0.21771, 0.5
trial 551, 1, 1, 7, 5, 0, 28173.3, 0.861703, 0.28132, 0.345957
trial 552, 1, 1, 1, 4, 6, 11306.7, 0.245203, 0.829481, 0.784094
trial 553, 1, 0, 3, 1, 1, 11466.7, 0.50909, 0.278413, 0.149828
trial 554, 1, 0, 7, 6, 4, 54192, 0.813585, 0.74696, 0.735957
trial 555, 1, 0, 4, 3, 3, 5834.67, 0.482952, 0.262943, 0.650316
trial 556, 1, 1, 7, 6, 7, 12282.7, 1, 1, 1
trial 557, 1, 1, 7, 5, 6, 413.333, 1, 0.921494, 1
trial 558, 1, 1, 6, 6, 1, 3010.67, 0.87944, 0.777687, 0.227257
trial 559, 1, 0, 8, 1, 4, 55250.7, 0.801855, 0.223739, 0.693634
trial 560, 1, 0, 3, 3, 3, 72098.7, 0.567584, 0.308377, 0.44186
trial 561, 1, 0, 6, 8, 3, 192, 0.644488, 0.722793, 0.558515
trial 562, 1, 0, 2, 0, 6, 58570.7, 0.210291, 0, 0.796302
trial 563, 1, 0, 5, 6, 2, 17605.3, 0.5, 0.754456, 0.137607
trial 564, 1, 0, 7, 5, 7, 26269.3, 0.653725, 0.487768, 0.867927
trial 565, 1, 1, 1, 0, 3, 63920, 0, 0, 0.788834
trial 566, 1, 0, 2, 7, 3, 709.333, 0.337354, 0.698977, 0.176483
trial 567, 1, 0, 5, 2, 5, 21957.3, 0.75458, 0.351271, 0.320871
trial 568, 1, 0, 2, 7, 0, 73245.3, 0.409959, 0.702688, 0
trial 569, 1, 0, 7, 0, 1, 35216, 0.64979, 0.0274881, 0.317328
trial 570, 1, 1, 3, 8, 4, 12397.3, 0.624491, 0.75481, 0.833518
trial 571, 1, 1, 4, 3, 0, 4154.67, 0.655585, 0.650448, 0.216264
trial 572, 1, 0, 6, 8, 8, 13568, 0.88824, 0.821475, 1
trial 573, 1, 1, 1, 6, 7, 7312, 0.164726, 0.823844, 1
trial 574, 1, 0, 3, 4, 4, 8848, 0.703314, 0.716196, 0.70469
trial 575, 1, 1, 3, 5, 3, 71626.7, 0.767051, 0.770924, 0.376495
trial 576, 1, 1, 8, 0, 8, 56949.3, 1, 0.177487, 1
trial 577, 1, 1, 2, 3, 5, 38285.3, 0.291642, 0.263933, 0.754561
trial 578, 1, 1, 1, 2, 0, 68834.7, 0.1985, 0.161254, 0.386216
trial 579, 1, 0, 5, 1, 8, 43197.3, 0.748754, 0.219497, 0.781559
trial 580, 1, 1, 4, 7, 4, 60477.3, 0.685026, 0.667527, 0.276702
trial 581, 1, 1, 4, 6, 0, 1965.33, 0.602694, 0.724361, 0.0595585
trial 582, 1, 1, 7, 8, 8, 67346.7, 1, 0.819464, 0.806268
trial 583, 1, 0, 0, 5, 3, 71269.3, 0.491608, 0.509328, 0.691168
trial 584, 1, 0, 3, 4, 0, 885.333, 0, 0.471519, 0.024302
trial 585, 1, 1, 8, 2, 1, 49389.3, 1, 0.242623, 0.5
trial 586, 1, 0, 6, 4, 1, 71128, 0.657782, 0.50222, 0.605764
trial 587, 1, 0, 3, 5, 6, 57488, 0.695889, 0.773751, 0.91547
trial 588, 1, 1, 0, 5, 2, 17341.3, 0.00466117, 0.670775, 0.824474
trial 589, 1, 0, 3, 3, 4, 5930.67, 0.812586, 0.170405, 0.742494
trial 590, 1, 1, 8, 2, 3, 76506.7, 1, 0.190619, 0.5
trial 591, 1, 0, 0, 6, 2, 5093.33, 0.0582956, 0.681403, 0.337471
trial 592, 1, 0, 3, 1, 5, 42981.3, 0.292424, 0.180364, 0.715446
trial 593, 1, 0, 3, 7, 8, 72376, 0.254261, 1, 1
trial 594, 1, 0, 7, 7, 6, 7240, 0.834678, 1, 0.785738
trial 595, 1, 0, 0, 8, 8, 12242.7, 0.24173, 0.908083, 0.918361
trial 596, 1, 1, 5, 0, 6, 55098.7, 0.800315, 0.210315, 0.743848
trial 597, 1, 0, 2, 7, 8, 46754.7, 0.34513, 0.765821, 0.932151
trial 598, 1, 0, 1, 5, 3, 41853.3, 0.243287, 0.768932, 0.349112
trial 599, 1, 1, 4, 5, 8, 53794.7, 0.961891, 0.841529, 0.98095
trial 600, 1, 0, 7, 6, 1, 14709.3, 0.901865, 0.695281, 0.195195
trial 601, 1, 1, 7, 0, 6, 7301.33, 1, 0, 0.846368
trial 602, 1, 1, 0, 3, 2, 75480, 0.731166, 0.222613, 0.5
trial 603, 1, 0, 4, 2, 7, 1365.33, 0.734858, 0.202983, 0.683103
trial 604, 1, 0, 8, 3, 5, 15624, 0.848619, 0.466287, 0.275978
trial 605, 1, 0, 4, 2, 6, 37389.3, 0.878919, 0.343086, 0.5
trial 606, 1, 0, 1, 2, 7, 70752, 0.428669, 0.363766, 0.734146
trial 607, 1, 1, 3, 1, 5, 64749.3, 1, 0.22935, 0.771063
trial 608, 1, 0, 8, 1, 6, 22778.7, 1, 0.156094, 0.684241
trial 609, 1, 0, 3, 3, 5, 31074.7, 0.5, 0.5, 0.5
trial 610, 1, 1, 0, 4, 8, 35141.3, 0, 0.5, 0.889769
trial 611, 1, 0, 4, 8, 4, 58122.7, 0.29542, 0.888335, 0.636455
trial 612, 1, 1, 8, 1, 5, 1650.67, 1, 0.168662, 0.748047
trial 613, 1, 1, 7, 3, 1, 1706.67, 0.92133, 0.541155, 0.295321
trial 614, 1, 1, 1, 1, 5, 8181.33, 0.479225, 0.261691, 0.785714
trial 615, 1, 0, 1, 7, 3, 10400, 0, 0.698681, 0.5
trial 616, 1, 0, 8, 1, 0, 45288, 1, 0, 0.155343
trial 617, 1, 0, 3, 3, 7, 933.333, 0.93958, 0.376042, 0.625347
trial 618, 1, 0, 7, 0, 7, 51045.3, 0.867778, 0.113562, 0.97066
trial 619, 1, 1, 7, 4, 3, 9141.33, 0.845216, 0.706834, 0.293356
trial 620, 1, 0, 2, 7, 2, 72672, 0.514787, 0.742874, 0.35989
trial 621, 1, 1, 5, 1, 2, 19085.3, 0.659547, 0.258324, 0.327236
trial 622, 1, 0, 1, 0, 4, 65325.3, 0.114798, 0.126067, 0.787993
trial 623, 1, 0, 4, 3, 5, 76701.3, 0.432494, 0.467611, 0.332084
trial 624, 1, 0, 0, 4, 3, 52320, 0.5, 0.5, 0.5
trial 625, 1, 1, 4, 8, 6, 5632, 0.704688, 0.507145, 0.698315
trial 626, 1, 1, 5, 2, 8, 71296, 0.752918, 0.351086, 0.783555
trial 627, 1, 1, 1, 4, 4, 60042.7, 0.300427, 0.624764, 0.5
trial 628, 1, 1, 7, 4, 5, 19578.7, 0.836036, 0.464403, 0.706371
trial 629, 1, 0, 3, 2, 7, 14864, 0.751209, 0.680102, 0.642364
trial 630, 1, 1, 3, 0, 2, 60120, 0.306249, 0.191643, 0.5
trial 631, 1, 1, 0, 4, 6, 31405.3, 0.0689958, 0.685142, 0.5
trial 632, 1, 0, 2, 5, 6, 36909.3, 0.279411, 0.664641, 0.780268
trial 633, 1, 0, 1, 4, 2, 72189.3, 0, 0.622982, 0.599099
trial 634, 1, 0, 2, 0, 3, 63821.3, 0.22398, 0.0755592, 0.689172
trial 635, 1, 0, 8, 7, 8, 54037.3, 1, 1, 1
trial 636, 1, 1, 4, 2, 3, 5602.67, 0.682741, 0.517406, 0.5
trial 637, 1, 0, 5, 8, 3, 3170.67, 0.705623, 0.818027, 0.5
trial 638, 1, 1, 1, 0, 4, 30570.7, 0.720715, 0.281286, 0.722203
trial 639, 1, 0, 6, 5, 6, 50042.7, 0.857384, 0.666742, 0.844155
trial 640, 1, 1, 6, 1, 2, 58645.3, 1, 0.3704, 0.5
trial 641, 1, 0, 2, 2, 7, 1528, 0.257237, 0.416019, 0.846806
trial 642, 1, 1, 5, 4, 3, 35941.3, 0.701107, 0.780906, 0.375229
trial 643, 1, 1, 7, 6, 0, 40322.7, 1, 0.785356, 0.00611181
trial 644, 1, 1, 7, 0, 1, 52666.7, 1, 0.299702, 0.252539
trial 645, 1, 1, 7, 1, 2, 39485.3, 1, 0.239006, 0.77836
trial 646, 1, 1, 6, 2, 7, 57922.7, 0.96577, 0.221315, 0.718469
trial 647, 1, 0, 2, 2, 3, 11544, 0, 0.500581, 0.673017
trial 648, 1, 0, 4, 7, 0, 50720, 0.142009, 0.831038, 0
trial 649, 1, 1, 8, 0, 5, 21509.3, 1, 0.20979, 0.773936
trial 650, 1, 1, 1, 1, 0, 39474.7, 0, 0.173698, 0.378613
trial 651, 1, 0, 0, 8, 3, 4520, 0.0133826, 0.973069, 0.617699
trial 652, 1, 0, 5, 7, 8, 19085.3, 0.769826, 0.760947, 1
trial 653, 1, 1, 3, 6, 6, 42066.7, 0.76183, 0.743997, 1
trial 654, 1, 1, 6, 8, 2, 59194.7, 0.895463, 0.766455, 0.376196
trial 655, 1, 0, 7, 5, 4, 2024, 0.88657, 0.361478, 0.722725
trial 656, 1, 1, 6, 1, 1, 32389.3, 1, 0.179328, 0.65213
trial 657, 1, 0, 8, 0, 0, 24578.7, 0.897056, 0, 0.267176
trial 658, 1, 0, 0, 8, 2, 27709.3, 0.052709, 0.865424, 0.314205
trial 659, 1, 1, 7, 3, 4, 72677.3, 1, 0.273596, 0.690313
trial 660, 1, 0, 6, 1, 6, 6362.67, 0.849105, 0.235482, 0.813459
trial 661, 1, 1, 4, 1, 5, 73112, 0.813698, 0.134675, 0.82902
trial 662, 1, 0, 3, 0, 5, 6589.33, 0, 0.225343, 0.685642
trial 663, 1, 0, 2, 5, 7, 31402.7, 0.0744658, 0.85748, 0.899015
trial 664, 1, 0, 1, 7, 2, 37445.3, 0.116873, 0.812799, 0.238547
trial 665, 1, 0, 6, 5, 0, 2280, 0.157853, 0.637815, 0.121182
trial 666, 1, 0, 5, 1, 1, 55573.3, 0.766818, 0.353624, 0.556385
trial 667, 1, 1, 3, 5, 5, 71954.7, 0.88058, 0.264415, 0.832774
trial 668, 1, 0, 3, 5, 2, 517.333, 0.832442, 0.8438, 0.5
trial 669, 1, 0, 2, 8, 1, 54496, 0.26455, 0.809535, 0.52535
trial 670, 1, 1, 7, 2, 2, 15786.7, 1, 0.291178, 0.610569
trial 671, 1, 1, 3, 6, 1, 1912, 0.757332, 0.669263, 0.479801
trial 672, 1, 1, 4, 8, 2, 78872, 0.776266, 0.896769, 0.64616
trial 673, 1, 0, 8, 2, 2, 7365.33, 0.850512, 0.261952, 0.818935
trial 674, 1, 1, 3, 4, 3, 35514.7, 0.692988, 0.50778, 0.739825
trial 675, 1, 0, 7, 0, 8, 42277.3, 0.787353, 0.128961, 0.89921
trial 676, 1, 0, 2, 2, 2, 34082.7, 0.659492, 0.377357, 0.722667
trial 677, 1, 1, 5, 3, 2, 46136, 0.654921, 0.370932, 0.726986
trial 678, 1, 0, 3, 2, 8, 77906.7, 0.77607, 0.345127, 0.732829
trial 679, 1, 1, 7, 4, 0, 9442.67, 0.98724, 0.754231, 0.0650924
trial 680, 1, 0, 7, 4, 3, 77093.3, 0.876505, 0.28417, 0.5
trial 681, 1, 1, 3, 2, 6, 77840, 0.488434, 0.271292, 0.93258
trial 682, 1, 0, 0, 3, 2, 77165.3, 0, 0.505625, 0.707246
trial 683, 1, 0, 7, 7, 1, 70960, 0.476055, 0.653169, 0.242794
trial 684, 1, 0, 8, 3, 3, 5877.33, 0.79753, 0.5, 0.5
trial 685, 1, 1, 7, 1, 7, 77037.3, 1, 0.22304, 0.764681
trial 686, 1, 0, 0, 7, 1, 24221.3, 0, 0.759154, 0.270421
trial 687, 1, 1, 6, 1, 8, 56493.3, 1, 0.176748, 1
trial 688, 1, 1, 8, 4, 5, 61272, 1, 0.36219, 0.797258
trial 689, 1, 0, 3, 5, 3, 1136, 0.5, 0.5, 0.5
trial 690, 1, 1, 2, 1, 2, 47210.7, 0.266961, 0.236333, 0.62511
trial 691, 1, 1, 7, 6, 3, 77333.3, 0.274423, 0.692633, 0.5
trial 692, 1, 0, 7, 7, 7, 58845.3, 0.7766, 0.79136, 1
trial 693, 1, 1, 8, 8, 7, 32104, 0.82581, 0.863202, 1
trial 694, 1, 1, 5, 8, 3, 30770.7, 0.858436, 0.747416, 0.63348
trial 695, 1, 1, 0, 2, 2, 53661.3, 0.0567975, 0.355396, 0.5
trial 696, 1, 0, 2, 5, 1, 23794.7, 0.0906615, 0.372502, 0.5
trial 697, 1, 1, 3, 3, 1, 78829.3, 0.648915, 0.294995, 0.57964
trial 698, 1, 1, 2, 7, 8, 7384, 0.20843, 1, 0.877486
trial 699, 1, 1, 0, 3, 0, 16312, 0.121812, 0.285268, 0.13197
trial 700, 1, 0, 8, 1, 5, 19618.7, 0.899361, 0.273213, 0.826748
trial 701, 1, 1, 6, 4, 0, 62685.3, 0.972701, 0.492888, 0.023135
trial 702, 1, 1, 4, 2, 1, 53466.7, 0.828106, 0.332115, 0.5
trial 703, 1, 1, 8, 4, 6, 2389.33, 0.991898, 0.638113, 0.89896
trial 704, 1, 0, 4, 8, 8, 30784, 0.275984, 1, 1
trial 705, 1, 1, 8, 2, 5, 28810.7, 0.937885, 0.284986, 0.818769
trial 706, 1, 1, 6, 6, 3, 65632, 0.731906, 0.49583, 0.5
trial 707, 1, 0, 0, 1, 1, 6522.67, 0, 0.117549, 0.333893
trial 708, 1, 0, 1, 2, 0, 77840, 0, 0.220801, 0.106506
trial 709, 1, 1, 2, 0, 4, 69394.7, 0.594992, 0.0544176, 0.608082
trial 710, 1, 0, 8, 0, 3, 66802.7, 0.905569, 0.182435, 0.629465
trial 711, 1, 0, 8, 7, 6, 77826.7, 0.903352, 0.732238, 0.97521
trial 712, 1, 0, 3, 6, 6, 57037.3, 0.616939, 0.826714, 0.964191
trial 713, 1, 0, 2, 8, 5, 6285.33, 0.320081, 1, 0.798815
trial 714, 1, 0, 5, 8, 6, 69498.7, 0.5, 0.5, 0.5
trial 715, 1, 1, 2, 6, 5, 64672, 0.5, 0.483541, 0.5
trial 716, 1, 1, 2, 0, 7, 27760, 0.5, 0.170023, 0.863591
trial 717, 1, 0, 6, 3, 6, 76472, 0.827852, 0.322797, 0.79606
trial 718, 1, 1, 8, 6, 7, 1768, 1, 0.758105, 1
trial 719, 1, 0, 8, 2, 5, 49784, 0.861288, 0.276081, 0.792747
trial 720, 1, 0, 7, 5, 6, 27528, 1, 0.819086, 0.91569
trial 721, 1, 1, 7, 8, 0, 78789.3, 0.703836, 0.839975, 0
trial 722, 1, 0, 7, 0, 6, 23040, 0.819677, 0.26376, 0.865777
trial 723, 1, 0, 8, 7, 2, 1693.33, 0.85725, 0.772051, 0.768535
trial 724, 1, 0, 5, 8, 0, 36013.3, 0.842363, 0.738728, 0.067504
trial 725, 1, 1, 0, 7, 3, 5288, 0, 0.742534, 0.619897
trial 726, 1, 0, 6, 1, 1, 20522.7, 0.748317, 0.0848825, 0.733059
trial 727, 1, 0, 0, 1, 0, 5973.33, 0.351363, 0.0901748, 0.663172
trial 728, 1, 0, 6, 5, 2, 62808, 0.828153, 0.688746, 0.720004
trial 729, 1, 0, 2, 7, 6, 17234.7, 0, 0.785935, 1
trial 730, 1, 1, 4, 0, 4, 44941.3, 0.313677, 0, 0.784435
trial 731, 1, 0, 2, 2, 1, 59504, 0.200866, 0.392224, 0.711768
trial 732, 1, 1, 1, 0, 0, 52125.3, 0.494117, 0.164342, 0.5
trial 733, 1, 0, 1, 8, 3, 65688, 0.5, 0.852188, 0.692494
trial 734, 1, 1, 7, 1, 1, 59840, 1, 0.149296, 0.5
trial 735, 1, 0, 1, 5, 0, 67504, 0.194391, 0.74536, 0.148476
trial 736, 1, 1, 0, 3, 3, 34933.3, 0.0289154, 0.273297, 0.687089
trial 737, 1, 0, 0, 0, 3, 1632, 0.0031834, 0.0948928, 0.5
trial 738, 1, 1, 3, 3, 2, 2010.67, 0.699883, 0.688506, 0.692094
trial 739, 1, 1, 5, 7, 8, 79792, 0.688109, 0.918145, 0.911589
trial 740, 1, 1, 1, 8, 4, 12773.3, 0.623006, 0.820816, 0.873222
trial 741, 1, 0, 8, 4, 1, 6525.33, 0.852138, 0.689878, 0.66441
trial 742, 1, 0, 8, 2, 7, 33256, 0.894085, 0.78418, 1
trial 743, 1, 0, 6, 7, 4, 75397.3, 0.954587, 0.803317, 0.956153
trial 744, 1, 1, 7, 6, 1, 9752, 0.956245, 0.742001, 0.257144
trial 745, 1, 1, 0, 3, 5, 17445.3, 0.0833374, 0.371393, 0.765244
trial 746, 1, 0, 1, 3, 4, 58149.3, 0.139596, 0.688927, 0.801242
trial 747, 1, 1, 8, 7, 3, 41733.3, 1, 0.799249, 1
trial 748, 1, 0, 5, 7, 1, 75240, 0.922115, 0.765213, 0.5
trial 749, 1, 1, 2, 0, 2, 48589.3, 0.733374, 0.22291, 0.689908
trial 750, 1, 1, 6, 7, 0, 78933.3, 0.874263, 0.597136, 0.3616
trial 751, 1, 0, 2, 4, 8, 32797.3, 0.416954, 1, 1
trial 752, 1, 1, 2, 3, 7, 49752, 0.5, 0.710062, 1
trial 753, 1, 1, 5, 2, 2, 6357.33, 0.806945, 0.308662, 0.76415
trial 754, 1, 0, 6, 2, 1, 59890.7, 0.874557, 0.282465, 0.877467
trial 755, 1, 1, 8, 7, 0, 26096, 1, 0.837299, 0.202568
trial 756, 1, 1, 5, 8, 1, 5941.33, 0.957197, 0.836266, 0.634692
trial 757, 1, 1, 5, 8, 7, 44256, 0.83901, 0.845044, 1
trial 758, 1, 1, 0, 1, 0, 51237.3, 0.135976, 0.074975, 0.800407
trial 759, 1, 0, 6, 7, 3, 77589.3, 0.851591, 0.805749, 0.294752
trial 760, 1, 1, 2, 8, 5, 69642.7, 0.185449, 0.792452, 0.748604
trial 761, 1, 0, 2, 3, 3, 29077.3, 0.159153, 0.179315, 0.709851
trial 762, 1, 0, 3, 0, 3, 48322.7, 0.0613169, 0, 0.767765
trial 763, 1, 1, 8, 8, 8, 22621.3, 1, 0.809081, 0.855779
trial 764, 1, 1, 4, 1, 8, 37389.3, 0.74973, 0.328134, 0.933434
trial 765, 1, 1, 3, 8, 7, 66818.7, 0.752838, 1, 0.816689
trial 766, 1, 0, 5, 7, 4, 78578.7, 0.879889, 1, 0.865449
trial 767, 1, 0, 0, 4, 7, 1160, 0, 0.942581, 0.906823
trial 768, 1, 0, 4, 4, 4, 58170.7, 0.189151, 0.825105, 0.720144
trial 769, 1, 1, 6, 6, 4, 62168, 0.753701, 0.701842, 0.82728
trial 770, 1, 0, 4, 3, 7, 19696, 0.720222, 0.707204, 0.912049
trial 771, 1, 1, 8, 5, 6, 64762.7, 0.955892, 0.70133, 0.81465
trial 772, 1, 1, 7, 5, 8, 78517.3, 0.937788, 0.874672, 1
trial 773, 1, 1, 1, 2, 2, 54762.7, 0.0468606, 0.4257, 0.702093
trial 774, 1, 1, 6, 6, 2, 1888, 0.83594, 0.690931, 0.378758
trial 775, 1, 1, 8, 5, 3, 39832, 0.757753, 0.504767, 0.693009
trial 776, 1, 0, 0, 5, 5, 28658.7, 0.0635757, 0.868073, 0.945948
trial 777, 1, 0, 1, 8, 2, 23149.3, 0.13254, 0.996016, 0.378289
trial 778, 1, 0, 1, 5, 5, 6576, 0.0713745, 0.956506, 0.802396
trial 779, 1, 1, 5, 6, 1, 194.667, 0.788874, 0.891044, 0.837408
trial 780, 1, 0, 0, 6, 7, 31576, 0.742629, 0.845972, 1
trial 781, 1, 1, 6, 0, 8, 33464, 0.907849, 0.0957854, 0.953887
trial 782, 1, 1, 1, 1, 4, 6192, 0.59511, 0.157849, 0.742947
trial 783, 1, 0, 7, 3, 7, 75634.7, 0.890004, 0.499806, 0.762959
trial 784, 1, 1, 3, 8, 2, 43616, 0.743062, 0.774612, 0.5
trial 785, 1, 0, 8, 5, 5, 53904, 0.895636, 0.831448, 1
trial 786, 1, 0, 6, 5, 5, 304, 0.892482, 0.73171, 0.939155
trial 787, 1, 0, 7, 8, 2, 34882.7, 0.950925, 0.684592, 0.630519
trial 788, 1, 0, 8, 3, 6, 12949.3, 0.777707, 0.704114, 0.904441
trial 789, 1, 0, 1, 3, 5, 56552, 0.265108, 0.570972, 0.851476
trial 790, 1, 1, 4, 2, 6, 47184, 0.48843, 0.362618, 0.862083
trial 791, 1, 0, 1, 2, 5, 2.66667, 0.316158, 0.321599, 0.719378
trial 792, 1, 1, 4, 5, 3, 1592, 0.804731, 0.815074, 0.807979
trial 793, 1, 0, 7, 2, 4, 5245.33, 0.782116, 0.520624, 0.814513
trial 794, 1, 1, 2, 2, 8, 30848, 0.588706, 0.265738, 0.775735
trial 795, 1, 0, 7, 8, 5, 40250.7, 0.850157, 0.879027, 0.869053
trial 796, 1, 0, 6, 1, 0, 41888, 0.871639, 0.162335, 0.683878
trial 797, 1, 0, 3, 6, 8, 74125.3, 0.398061, 0.672015, 0.89938
trial 798, 1, 0, 8, 7, 0, 2018.67, 0.806114, 0.747761, 0.19031
trial 799, 1, 0, 3, 4, 3, 32509.3, 0.427159, 0.647651, 0.615988
trial 800, 1, 0, 6, 2, 8, 20474.7, 0.858549, 0.180098, 0.913421
trial 801, 1, 0, 6, 5, 3, 19418.7, 0.701545, 0.424457, 0.776723
trial 802, 1, 1, 4, 0, 1, 20437.3, 0.805239, 0.0865019, 0.634113
trial 803, 1, 0, 6, 0, 4, 54309.3, 0.868731, 0.184905, 0.694722
trial 804, 1, 1, 6, 0, 0, 7101.33, 0.67997, 0.264425, 0.39834
trial 805, 1, 1, 1, 7, 7, 23605.3, 0.290505, 0.903741, 0.825014
trial 806, 1, 1, 0, 7, 1, 48298.7, 0.113297, 0.79815, 0.767987
trial 807, 1, 1, 3, 3, 0, 61688, 0.5, 0.65306, 0.17012
trial 808, 1, 0, 2, 4, 3, 2824, 0.662174, 0.32297, 0.527246
trial 809, 1, 0, 8, 8, 1, 2357.33, 0.875752, 0.739266, 0.375731
trial 810, 1, 1, 5, 4, 6, 55394.7, 0.83884, 0.371103, 0.711989
trial 811, 1, 1, 0, 6, 0, 57528, 0.367698, 0.77177, 0.395704
trial 812, 1, 0, 4, 7, 2, 63218.7, 0.686104, 0.821954, 0.330771
trial 813, 1, 1, 0, 5, 3, 1546.67, 0.222794, 0.803375, 0.349417
trial 814, 1, 0, 7, 7, 4, 37349.3, 0.8042, 0.728511, 0.5
trial 815, 1, 1, 6, 8, 0, 43538.7, 0.899227, 0.753367, 0.16627
trial 816, 1, 1, 3, 2, 2, 45880, 0.75516, 0.382229, 0.706808
trial 817, 1, 1, 7, 0, 3, 6536, 0.85931, 0.143917, 0.652224
trial 818, 1, 0, 4, 7, 7, 11352, 0.796734, 1, 1
trial 819, 1, 1, 3, 7, 7, 63010.7, 0.812434, 1, 1
trial 820, 1, 1, 7, 8, 4, 59229.3, 0.857612, 0.791771, 0.575985
trial 821, 1, 1, 8, 3, 5, 7973.33, 1, 0.50671, 0.83239
trial 822, 1, 1, 8, 0, 1, 74906.7, 0.887946, 0.30012, 0.5
trial 823, 1, 1, 7, 6, 6, 42197.3, 0.810515, 0.760345, 0.87173
trial 824, 1, 1, 7, 7, 8, 5266.67, 0.887865, 0.84324, 0.93092
trial 825, 1, 1, 8, 7, 7, 36512, 0.987155, 0.830637, 0.945279
trial 826, 1, 0, 5, 3, 3, 55024, 0.659099, 0.552556, 0.767939
trial 827, 1, 0, 4, 4, 8, 17013.3, 0.672374, 0.787425, 1
trial 828, 1, 0, 0, 6, 4, 17162.7, 0.113797, 0.806966, 0.775476
trial 829, 1, 1, 7, 2, 3, 68685.3, 0.841904, 0.375397, 0.767125
trial 830, 1, 0, 0, 4, 4, 46730.7, 0, 0.671408, 0.839285
trial 831, 1, 0, 0, 3, 3, 54754.7, 0.136346, 0.343624, 0.762741
trial 832, 1, 1, 4, 0, 7, 50434.7, 0.696838, 0.114232, 1
trial 833, 1, 0, 7, 3, 8, 16440, 0.797959, 0.641464, 1
trial 834, 1, 1, 4, 8, 8, 4608, 0.786017, 1, 1
trial 835, 1, 1, 7, 3, 7, 51653.3, 0.834068, 0.507921, 0.983083
trial 836, 1, 0, 1, 6, 8, 10624, 0.12881, 1, 0.893869
trial 837, 1, 0, 2, 2, 0, 76106.7, 0.361335, 0.5, 0.295649
trial 838, 1, 1, 6, 6, 0, 15021.3, 0.816599, 0.78181, 0.281896
trial 839, 1, 1, 2, 4, 5, 35536, 0.745108, 0.781929, 0.5
trial 840, 1, 0, 8, 3, 8, 10256, 0.730377, 0.630932, 0.927587
trial 841, 1, 1, 4, 1, 2, 42613.3, 0.797142, 0.184727, 0.632083
trial 842, 1, 1, 1, 2, 4, 36952, 0.254939, 0.222799, 0.77881
trial 843, 1, 0, 8, 6, 5, 16989.3, 0.743412, 0.606837, 0.833359
trial 844, 1, 1, 7, 5, 4, 16117.3, 0.83574, 0.711368, 0.862289
trial 845, 1, 1, 4, 1, 0, 12658.7, 0.5, 0.314339, 0.316956
trial 846, 1, 0, 0, 3, 7, 3330.67, 0.197074, 0.76352, 1
trial 847, 1, 0, 2, 3, 5, 1848, 0.230667, 0.521892, 0.753511
trial 848, 1, 0, 3, 5, 5, 20077.3, 0.22087, 0.741287, 0.898446
trial 849, 1, 0, 5, 5, 0, 7805.33, 0.428112, 0.687758, 0.243816
trial 850, 1, 0, 8, 2, 8, 51696, 0.689238, 0.27918, 0.839265
trial 851, 1, 0, 6, 6, 4, 429.333, 0.737362, 0.718388, 0.854503
trial 852, 1, 1, 2, 2, 6, 19922.7, 0.415147, 0.222987, 0.836594
trial 853, 1, 1, 6, 1, 7, 61328, 0.898758, 0.068742, 0.923212
trial 854, 1, 1, 1, 7, 3, 33925.3, 0.27476, 0.791774, 0.850979
trial 855, 1, 0, 1, 1, 6, 8362.67, 0, 0.282749, 0.883209
trial 856, 1, 1, 5, 4, 4, 47581.3, 0.342165, 0.531482, 0.677782
trial 857, 1, 0, 3, 3, 2, 10205.3, 0.649145, 0.331161, 0.805493
trial 858, 1, 1, 7, 4, 8, 41098.7, 1, 0.368406, 1
trial 859, 1, 1, 8, 1, 8, 55600, 1, 0.134975, 1
trial 860, 1, 0, 1, 7, 0, 11674.7, 0.0709661, 0.372337, 0.258847
trial 861, 1, 1, 1, 8, 8, 65149.3, 0.139453, 1, 1
trial 862, 1, 1, 0, 0, 0, 37386.7, 0.228585, 0.152249, 0.352005
trial 863, 1, 1, 2, 2, 5, 56405.3, 0.223709, 0.159132, 0.704877
trial 864, 1, 1, 1, 7, 2, 49802.7, 0.404779, 0.746803, 0.625305
trial 865, 1, 0, 1, 5, 8, 56776, 0.277168, 0.821606, 0.787186
trial 866, 1, 1, 1, 5, 4, 8949.33, 0.369381, 0.660532, 0.650759
trial 867, 1, 1, 3, 6, 7, 72370.7, 0.525235, 0.604495, 0.596905
trial 868, 1, 1, 1, 5, 5, 17397.3, 0.426346, 0.662635, 0.827762
trial 869, 1, 1, 0, 0, 4, 66506.7, 0.206074, 0.132952, 0.5
trial 870, 1, 0, 6, 3, 7, 75829.3, 0.637449, 0.824752, 0.97911
trial 871, 1, 0, 1, 8, 7, 8765.33, 0.61952, 0.779599, 0.949627
trial 872, 1, 1, 2, 8, 2, 20280, 0.367413, 0.70083, 0.409888
trial 873, 1, 0, 7, 1, 7, 3949.33, 0.759016, 0.310346, 1
trial 874, 1, 1, 0, 8, 0, 58520, 0.251487, 0.811959, 0.0815125
trial 875, 1, 0, 8, 6, 7, 11440, 0.776147, 0.805647, 1
trial 876, 1, 0, 1, 5, 1, 15144, 0.478568, 0.827236, 0.210226
trial 877, 1, 1, 4, 2, 0, 65104, 0.687782, 0.255806, 0.279473
trial 878, 1, 0, 5, 4, 2, 62186.7, 0.711787, 0.716848, 0.5
trial 879, 1, 0, 0, 3, 5, 1664, 0.0597864, 0.598195, 0.5
trial 880, 1, 0, 0, 5, 4, 2832, 0, 0.798495, 0.835227
trial 881, 1, 0, 3, 3, 0, 27005.3, 0.248544, 0.258486, 0.5
trial 882, 1, 1, 3, 4, 2, 45938.7, 0.335056, 0.72108, 0.293233
trial 883, 1, 1, 1, 1, 1, 26808, 0.319702, 0.271009, 0.46862
trial 884, 1, 0, 6, 5, 4, 11544, 0.724525, 0.5, 0.714134
trial 885, 1, 0, 7, 3, 2, 36162.7, 0.824343, 0.563961, 0.603608
trial 886, 1, 0, 0, 3, 1, 637.333, 0.286274, 0.660848, 0.591111
trial 887, 1, 0, 1, 0, 8, 33304, 0.230324, 0.202291, 0.852468
trial 888, 1, 1, 5, 8, 0, 23234.7, 0.813879, 0.687186, 0.0756083
trial 889, 1, 0, 8, 1, 8, 66240, 0.828349, 0.242913, 0.780028
trial 890, 1, 1, 0, 5, 7, 44168, 0.266474, 0.797987, 1
trial 891, 1, 0, 3, 7, 2, 25442.7, 0.188639, 0.719219, 0.5
trial 892, 1, 1, 6, 1, 6, 61058.7, 0.780884, 0.158742, 0.701779
trial 893, 1, 1, 5, 0, 1, 75728, 0.765219, 0.147386, 0.5
trial 894, 1, 0, 0, 8, 6, 22618.7, 0.00239058, 0.823722, 0.693825
trial 895, 1, 1, 5, 0, 7, 3856, 0.797535, 0.187318, 0.813108
trial 896, 1, 0, 1, 8, 6, 78141.3, 0.203581, 1, 0.700988
trial 897, 1, 0, 2, 2, 4, 52504, 0.165914, 0.502055, 0.715059
trial 898, 1, 0, 4, 7, 8, 58186.7, 0.339123, 0.906614, 0.862645
trial 899, 1, 0, 2, 5, 8, 29098.7, 0.264644, 0.649169, 0.851546
trial 900, 1, 0, 6, 2, 7, 28685.3, 0.802244, 0.310298, 0.689432
trial 901, 1, 0, 0, 8, 7, 36650.7, 0.0701798, 0.983265, 0.882968
trial 902, 1, 0, 1, 4, 4, 63250.7, 0.221901, 0.511931, 0.738247
trial 903, 1, 0, 2, 8, 4, 14925.3, 0.115135, 0.759471, 0.775697
trial 904, 1, 0, 4, 5, 1, 63624, 0.758868, 0.694718, 0.19409
trial 905, 1, 1, 2, 4, 0, 6160, 0.68556, 0.412391, 0.189829
trial 906, 1, 0, 8, 8, 2, 20610.7, 0.824578, 0.68745, 0.5
trial 907, 1, 0, 7, 5, 3, 32744, 0.81158, 0.737976, 0.646162
trial 908, 1, 1, 5, 2, 3, 46898.7, 0.778923, 0.168116, 0.700595
trial 909, 1, 0, 2, 1, 8, 3306.67, 0.267215, 0.401384, 0.924434
trial 910, 1, 0, 5, 8, 5, 2280, 0.673663, 0.892657, 0.831642
trial 911, 1, 1, 7, 5, 7, 53981.3, 1, 0.825661, 1
trial 912, 1, 1, 4, 8, 7, 272, 0.788252, 0.880556, 0.911814
trial 913, 1, 0, 3, 0, 2, 55352, 0.190871, 0.00665707, 0.455764
trial 914, 1, 0, 5, 2, 8, 4290.67, 0.277494, 0.333765, 0.855529
trial 915, 1, 1, 6, 5, 1, 25477.3, 0.726562, 0.763785, 0.340866
trial 916, 1, 0, 0, 4, 2, 317.333, 0.117693, 0.668664, 0.361993
trial 917, 1, 1, 2, 7, 6, 16949.3, 0.5, 0.834342, 0.933942
trial 918, 1, 1, 3, 1, 8, 67440, 0.637395, 0.0597958, 1
trial 919, 1, 0, 7, 5, 1, 72618.7, 0.684183, 0.796128, 0.375559
trial 920, 1, 1, 7, 2, 0, 18546.7, 0.963, 0.37013, 0.344081
trial 921, 1, 1, 5, 5, 2, 74600, 0.846468, 0.646676, 0.468313
trial 922, 1, 1, 0, 6, 5, 37458.7, 0.0666472, 0.82046, 0.731983
trial 923, 1, 1, 7, 6, 2, 17696, 0.841803, 0.70919, 0.54026
trial 924, 1, 0, 4, 0, 4, 25224, 0.858311, 0.221925, 0.773157
trial 925, 1, 0, 2, 2, 5, 36738.7, 0.586704, 0.365604, 0.758371
trial 926, 1, 1, 3, 4, 4, 77701.3, 0.637163, 0.678739, 0.606561
trial 927, 1, 0, 6, 4, 7, 7384, 0.798034, 0.515175, 1
trial 928, 1, 0, 0, 5, 8, 77688, 0.0477264, 0.539541, 1
trial 929, 1, 0, 2, 1, 4, 3898.67, 0.101827, 0.12832, 0.799238
trial 930, 1, 0, 7, 2, 8, 57600, 0.826572, 0.30892, 0.87815
trial 931, 1, 0, 7, 7, 2, 67354.7, 0.748592, 0.778507, 0.416452
trial 932, 1, 1, 5, 1, 0, 28986.7, 0.737107, 0.223371, 0.681251
trial 933, 1, 1, 4, 4, 8, 65432, 0.765928, 0.808538, 0.823383
trial 934, 1, 0, 6, 6, 3, 37610.7, 0.5, 0.898627, 0.5
trial 935, 1, 0, 8, 4, 3, 34429.3, 0.811536, 0.513358, 0.870272
trial 936, 1, 1, 6, 2, 6, 39909.3, 0.786981, 0.349541, 1
trial 937, 1, 0, 2, 8, 2, 74149.3, 0.126309, 0.837787, 0.310019
trial 938, 1, 1, 3, 7, 4, 33256, 0.5, 0.85867, 0.659578
trial 939, 1, 1, 7, 7, 5, 41752, 0.8377, 0.802492, 0.855389
trial 940, 1, 1, 0, 4, 1, 42461.3, 0.309078, 0.351312, 0.661737
trial 941, 1, 1, 5, 1, 6, 40181.3, 0.898285, 0.161552, 0.824921
trial 942, 1, 1, 0, 0, 7, 44872, 0.0763672, 0.106432, 0.848241
trial 943, 1, 1, 1, 6, 8, 1405.33, 0.192915, 0.79301, 0.717157
trial 944, 1, 1, 0, 5, 8, 4810.67, 0.18177, 0.806978, 0.823526
trial 945, 1, 1, 3, 7, 3, 1645.33, 0.169751, 0.827543, 0.306767
trial 946, 1, 1, 5, 5, 0, 51290.7, 0.831607, 0.689525, 0.211864
trial 947, 1, 1, 0, 2, 3, 34669.3, 0.365099, 0.175172, 0.691039
trial 948, 1, 1, 0, 4, 0, 2842.67, 0.273078, 0.768881, 0
trial 949, 1, 0, 6, 3, 5, 28216, 0.621629, 0.508718, 0.760044
trial 950, 1, 0, 0, 5, 7, 45042.7, 0.5, 0.804253, 1
trial 951, 1, 0, 3, 1, 4, 42240, 0.273217, 0.266039, 0.920985
trial 952, 1, 0, 3, 8, 5, 40485.3, 0.639932, 0.866647, 0.803699
trial 953, 1, 1, 1, 8, 1, 44768, 0.13511, 0.780939, 0.591594
trial 954, 1, 0, 5, 0, 5, 74082.7, 0.70668, 0.233614, 0.725917
trial 955, 1, 0, 3, 0, 8, 5365.33, 0.600958, 0, 0.915058
trial 956, 1, 0, 1, 4, 3, 19178.7, 0.335572, 0.506267, 0.667463
trial 957, 1, 0, 0, 5, 1, 4714.67, 0.314502, 0.840784, 0.324318
trial 958, 1, 1, 3, 4, 0, 75850.7, 0.635412, 0.774476, 0.0563183
trial 959, 1, 0, 8, 8, 6, 27752, 0.876815, 1, 1
trial 960, 1, 0, 5, 2, 7, 35720, 0.801175, 0.719456, 1
trial 961, 1, 0, 2, 4, 1, 7093.33, 0.5, 0.723302, 0.5
trial 962, 1, 1, 2, 5, 3, 2866.67, 0.5, 0.724116, 0.881467
trial 963, 1, 0, 6, 3, 4, 68386.7, 0.763016, 0.334382, 0.648796
trial 964, 1, 0, 1, 1, 5, 70277.3, 0.101336, 0.368515, 0.728379
trial 965, 1, 1, 7, 4, 6, 69760, 1, 0.846319, 0.845829
trial 966, 1, 1, 4, 6, 5, 58368, 0.904308, 0.721971, 0.894884
trial 967, 1, 1, 8, 2, 2, 16706.7, 0.839453, 0.749324, 0.30446
trial 968, 1, 1, 2, 0, 1, 2594.67, 0.400663, 0.266714, 0.750704
trial 969, 1, 0, 7, 0, 4, 26189.3, 0.820605, 0.214449, 0.774038
trial 970, 1, 1, 2, 2, 0, 59330.7, 0.73628, 0.747597, 0.331818
trial 971, 1, 1, 2, 7, 0, 70997.3, 0.442753, 0.820872, 0
trial 972, 1, 1, 6, 0, 3, 59157.3, 0.787195, 0.180193, 0.673739
trial 973, 1, 1, 6, 2, 0, 27240, 0.672375, 0.209152, 0.5
trial 974, 1, 0, 7, 4, 4, 24656, 0.747295, 0.492626, 0.387382
trial 975, 1, 0, 8, 4, 8, 24810.7, 0.6801, 0.695401, 0.983153
trial 976, 1, 0, 4, 2, 5, 22125.3, 0.636227, 0.353665, 0.838699
trial 977, 1, 1, 1, 3, 5, 27330.7, 0.279908, 0.614786, 0.803938
trial 978, 1, 1, 0, 4, 2, 14424, 0.140924, 0.643567, 0.772218
trial 979, 1, 1, 3, 7, 8, 40933.3, 0.605402, 0.762729, 0.998821
trial 980, 1, 1, 8, 7, 8, 54413.3, 0.951248, 0.735558, 0.993645
trial 981, 1, 0, 5, 5, 6, 14621.3, 0.623787, 0.801119, 0.931314
trial 982, 1, 1, 8, 1, 6, 17608, 1, 0.318494, 1
trial 983, 1, 0, 5, 6, 1, 71298.7, 0.645468, 0.763879, 0.331128
trial 984, 1, 0, 7, 1, 2, 29520, 0.750541, 0.369717, 0.618189
trial 985, 1, 1, 4, 5, 7, 15272, 0.60414, 0.890357, 0.848035
trial 986, 1, 1, 0, 0, 6, 67088, 0.112619, 0, 0.888291
trial 987, 1, 0, 6, 5, 1, 40664, 0.5, 0.773718, 0.381353
trial 988, 1, 0, 7, 3, 5, 6685.33, 0.626541, 0.739747, 0.626021
trial 989, 1, 1, 2, 4, 6, 69824, 0.13972, 0.803819, 1
trial 990, 1, 0, 3, 8, 2, 30480, 0.308082, 0.895954, 0.716378
trial 991, 1, 1, 4, 4, 0, 6138.67, 0.27069, 0.529358, 0.366245
trial 992, 1, 0, 6, 7, 1, 71320, 0.734959, 0.690039, 0.421518
trial 993, 1, 1, 0, 6, 7, 17346.7, 0, 0.679759, 1
trial 994, 1, 0, 0, 1, 8, 78410.7, 0.265714, 0.679674, 0.98901
trial 995, 1, 0, 0, 1, 7, 20208, 0.15986, 0.303672, 0.947075
trial 996, 1, 1, 3, 2, 0, 22770.7, 0.272279, 0.328589, 0.744229
trial 997, 1, 1, 2, 6, 1, 19576, 0.533453, 0.607676, 0.637184
trial 998, 1, 0, 8, 1, 1, 4378.67, 0.823191, 0.490253, 0.587027
trial 999, 1, 0, 4, 5, 4, 781.333, 0.52391, 0.678909, 0.5
trial 1000, 1, 0, 5, 1, 0, 24544, 0.821114, 0.260974, 0.791131
trial 1001, 1, 0, 8, 8, 8, 26482.7, 0.803574, 1, 1
trial 1002, 1, 0, 5, 1, 6, 69714.7, 0.688754, 0.32285, 0.831083
trial 1003, 1, 0, 5, 4, 5, 44498.7, 0.76201, 0.70506, 0.714151
trial 1004, 1, 1, 0, 2, 1, 10552, 0.135282, 0.667991, 0.294187
trial 1005, 1, 0, 0, 2, 5, 66058.7, 0.120707, 0.664988, 0.902732
trial 1006, 1, 0, 4, 2, 4, 64277.3, 0.764623, 0.708523, 0.70849
trial 1007, 1, 1, 7, 7, 1, 10789.3, 0.857955, 0.765284, 0.676838
trial 1008, 1, 0, 2, 3, 2, 20056, 0.118042, 0.566663, 0.630618
trial 1009, 1, 1, 1, 0, 6, 25773.3, 0.143696, 0.138509, 1
trial 1010, 1, 0, 3, 8, 7, 57562.7, 0.656166, 0.83431, 1
trial 1011, 1, 1, 0, 3, 8, 9706.67, 0.303389, 1, 1
trial 1012, 1, 1, 8, 7, 2, 19000, 0.972623, 0.811999, 0.5
trial 1013, 1, 0, 0, 2, 8, 76989.3, 0.243442, 0.824932, 0.974285
trial 1014, 1, 1, 2, 0, 5, 40722.7, 0.333748, 0.15898, 0.880289
trial 1015, 1, 1, 4, 3, 3, 6149.33, 0.708645, 0.816362, 0.844251
trial 1016, 1, 0, 3, 0, 7, 381.333, 0.70827, 0.0747841, 0.918139
trial 1017, 1, 1, 6, 7, 8, 440, 1, 1, 0.875117
trial 1018, 1, 0, 0, 7, 3, 71106.7, 0, 0.793586, 0.266276
trial 1019, 1, 1, 4, 8, 5, 39642.7, 0.724506, 0.807652, 0.734411
trial 1020, 1, 1, 3, 6, 4, 55312, 0.756369, 0.769362, 0.78722
trial 1021, 1, 0, 6, 1, 5, 4042.67, 0.804972, 0.267791, 0.733033
trial 1022, 1, 0, 1, 8, 1, 51229.3, 0.66104, 0.734569, 0.395646
trial 1023, 1, 0, 5, 7, 3, 66880, 0.763045, 0.716875, 0.663797
trial 1024, 1, 1, 6, 8, 4, 60608, 0.926574, 0.799443, 0.69839
trial 1025, 1, 1, 8, 6, 8, 23861.3, 1, 0.885768, 0.915915
trial 1026, 1, 0, 8, 2, 1, 7416, 0.889135, 0.292066, 0.399294
trial 1027, 1, 0, 7, 2, 6, 79512, 0.868129, 0.234877, 0.91448
trial 1028, 1, 0, 0, 2, 0, 65034.7, 0, 0.336848, 0.295249
trial 1029, 1, 1, 5, 6, 7, 23349.3, 0.82538, 1, 0.971151
trial 1030, 1, 1, 3, 3, 7, 30904, 0.84597, 0.427616, 0.920905
trial 1031, 1, 1, 4, 0, 6, 61362.7, 0.846578, 0.41904, 0.810558
trial 1032, 1, 0, 5, 8, 4, 23642.7, 0.727322, 0.83757, 0.847635
trial 1033, 1, 1, 7, 2, 7, 65986.7, 0.896591, 0.21115, 0.852636
trial 1034, 1, 0, 0, 4, 5, 68082.7, 0, 0.400454, 0.851762
trial 1035, 1, 0, 3, 1, 2, 46992, 0.216655, 0.283064, 0.40855
trial 1036, 1, 1, 1, 4, 1, 39754.7, 0.222221, 0.742426, 0.721117
trial 1037, 1, 1, 3, 8, 3, 41890.7, 0.671748, 0.824814, 0.972285
trial 1038, 1, 1, 8, 3, 0, 2509.33, 1, 0.352471, 0.333913
trial 1039, 1, 0, 5, 0, 1, 72728, 0.850993, 0.214183, 0.824713
trial 1040, 1, 1, 7, 3, 5, 26130.7, 0.809952, 0.266252, 0.766114
trial 1041, 1, 0, 3, 8, 0, 67434.7, 0.5, 0.763104, 0
trial 1042, 1, 1, 3, 6, 3, 73029.3, 0.358012, 0.615935, 0.725069
trial 1043, 1, 0, 2, 6, 7, 8549.33, 0.5, 0.812384, 0.888773
trial 1044, 1, 0, 2, 4, 0, 44040, 0.376596, 0.707081, 0.111105
trial 1045, 1, 1, 7, 2, 4, 5701.33, 0.765477, 0.222778, 0.848714
trial 1046, 1, 0, 4, 6, 5, 46032, 0.694342, 0.827097, 0.821147
trial 1047, 1, 1, 1, 7, 0, 64520, 0.321526, 0.776131, 0.0311902
trial 1048, 1, 0, 1, 1, 0, 22866.7, 0.274194, 0.228283, 0.694889
trial 1049, 1, 0, 7, 4, 2, 40618.7, 0.699228, 0.390748, 0.5
trial 1050, 1, 0, 3, 8, 4, 1408, 0.38121, 0.751681, 0.663241
trial 1051, 1, 0, 7, 4, 0, 44949.3, 0.807701, 0.218602, 0
trial 1052, 1, 1, 1, 6, 4, 35650.7, 0.169827, 0.508733, 0.772625
trial 1053, 1, 1, 7, 5, 5, 11341.3, 0.832427, 0.797345, 0.723251
trial 1054, 1, 1, 0, 0, 5, 4754.67, 0.306175, 0.275594, 0.70793
trial 1055, 1, 0, 7, 0, 5, 36938.7, 0.697147, 0.164353, 0.704295
trial 1056, 1, 1, 4, 6, 2, 58098.7, 0.749553, 0.725005, 0.417183
trial 1057, 1, 1, 6, 0, 1, 14349.3, 0.781711, 0.192094, 0.724329
trial 1058, 1, 1, 2, 1, 0, 62536, 0.5, 0.194076, 0.5
trial 1059, 1, 0, 4, 7, 6, 32042.7, 0.5, 0.85772, 0.781452
trial 1060, 1, 0, 3, 5, 4, 42992, 0.63146, 0.81573, 0.7233
trial 1061, 1, 1, 2, 1, 1, 26762.7, 0.407626, 0.150744, 0.704025
trial 1062, 1, 1, 4, 4, 2, 8080, 0.82263, 0.75265, 0.5
trial 1063, 1, 1, 5, 3, 8, 39976, 0.695295, 0.686896, 0.928105
trial 1064, 1, 1, 3, 7, 5, 73269.3, 0.62135, 0.793579, 0.835384
trial 1065, 1, 0, 2, 1, 0, 64957.3, 0.316488, 0.0866467, 0.105111
trial 1066, 1, 1, 0, 8, 3, 59234.7, 0.297327, 0.824332, 0.5
trial 1067, 1, 1, 6, 4, 3, 66373.3, 0.794499, 0.818855, 0.698938
trial 1068, 1, 0, 0, 2, 3, 2938.67, 0.19339, 0.279032, 0.806914
trial 1069, 1, 1, 5, 6, 6, 290.667, 0.788907, 0.826404, 0.869973
trial 1070, 1, 1, 2, 0, 8, 5496, 0.714041, 0, 0.933801
trial 1071, 1, 1, 4, 2, 8, 35010.7, 0.793071, 0.346836, 0.805654
trial 1072, 1, 0, 1, 7, 5, 61458.7, 0.363924, 0.760739, 0.740958
trial 1073, 1, 0, 8, 5, 4, 58394.7, 0.781247, 0.766938, 0.677353
trial 1074, 1, 0, 4, 1, 7, 44050.7, 0.719109, 0.434637, 0.757197
trial 1075, 1, 0, 2, 1, 7, 43768, 0.393164, 0.28517, 0.874956
trial 1076, 1, 1, 6, 2, 4, 23133.3, 0.880515, 0.303303, 0.699776
trial 1077, 1, 0, 5, 2, 4, 12746.7, 0.756149, 0.373239, 0.686646
trial 1078, 1, 0, 7, 8, 1, 47752, 0.648064, 0.859753, 0.23874
trial 1079, 1, 0, 5, 3, 0, 36018.7, 0.5, 0.69237, 0.187918
trial 1080, 1, 0, 1, 5, 4, 32301.3, 0.110951, 0.758936, 0.731067
trial 1081, 1, 0, 0, 1, 4, 2312, 0.120949, 0.285285, 0.785218
trial 1082, 1, 0, 6, 6, 5, 53978.7, 0.594863, 0.766401, 0.910941
trial 1083, 1, 1, 2, 3, 0, 44005.3, 0.627098, 0.260026, 0.456497
trial 1084, 1, 0, 2, 8, 7, 16592, 0.178257, 1, 1
trial 1085, 1, 1, 5, 0, 8, 76208, 0.880128, 0.142433, 0.999347
trial 1086, 1, 0, 4, 2, 8, 45912, 0.763771, 0.764615, 0.778672
trial 1087, 1, 0, 2, 6, 8, 19082.7, 0.272279, 0.752684, 0.917073
trial 1088, 1, 0, 6, 2, 4, 54717.3, 0.695952, 0.350467, 0.606433
trial 1089, 1, 0, 4, 4, 6, 79930.7, 0.688979, 0.866412, 1
trial 1090, 1, 1, 6, 5, 6, 56061.3, 0.878151, 0.835582, 1
trial 1091, 1, 1, 6, 3, 7, 44621.3, 0.97471, 0.358071, 0.934815
trial 1092, 1, 0, 0, 6, 0, 75344, 0, 0.5, 0.145636
trial 1093, 1, 1, 1, 8, 3, 23485.3, 0.5822, 0.672245, 0.392638
trial 1094, 1, 0, 2, 2, 6, 34592, 0.329178, 0.337925, 0.799292
trial 1095, 1, 1, 0, 4, 3, 11266.7, 0.205285, 0.326029, 0.673562
trial 1096, 1, 1, 6, 4, 8, 55781.3, 0.965201, 0.578062, 0.846102
trial 1097, 1, 1, 8, 5, 5, 31941.3, 1, 0.580697, 0.828359
trial 1098, 1, 0, 7, 8, 4, 10309.3, 0.809516, 0.732706, 0.764736
trial 1099, 1, 1, 5, 8, 8, 27330.7, 0.822991, 1, 1
trial 1100, 1, 0, 7, 6, 3, 38266.7, 0.839312, 0.813035, 0.5
trial 1101, 1, 1, 1, 6, 3, 56709.3, 0.5, 0.650864, 0.407315
trial 1102, 1, 1, 4, 6, 4, 76997.3, 0.851239, 0.789112, 0.910375
trial 1103, 1, 1, 2, 5, 2, 21874.7, 0.66717, 0.824024, 0.661915
trial 1104, 1, 1, 1, 0, 8, 1976, 0.620615, 0.256024, 0.794076
trial 1105, 1, 1, 3, 3, 3, 17090.7, 0.5, 0.551029, 0.457971
trial 1106, 1, 0, 0, 0, 2, 22306.7, 0.155158, 0, 0.771579
trial 1107, 1, 0, 4, 6, 3, 38176, 0.667317, 0.823357, 0.638819
trial 1108, 1, 0, 3, 4, 5, 60192, 0.732383, 0.894665, 0.901502
trial 1109, 1, 1, 0, 8, 6, 3682.67, 0.388338, 0.828558, 1
trial 1110, 1, 0, 6, 0, 0, 44533.3, 0.860452, 0.0548809, 0.135396
trial 1111, 1, 0, 7, 4, 7, 35973.3, 0.800408, 0.746442, 0.971886
trial 1112, 1, 1, 1, 0, 2, 73232, 0.862997, 0.0759736, 0.756703
trial 1113, 1, 0, 2, 3, 7, 77768, 0.268663, 0.351068, 0.957991
trial 1114, 1, 1, 1, 5, 3, 43197.3, 0.228445, 0.831413, 0.674166
trial 1115, 1, 1, 7, 4, 4, 77453.3, 0.832081, 0.641363, 0.62204
trial 1116, 1, 1, 1, 8, 5, 71450.7, 0.565154, 0.895983, 0.74816
trial 1117, 1, 1, 1, 2, 5, 3978.67, 0.441522, 0.273961, 0.808188
trial 1118, 1, 1, 8, 4, 4, 4040, 1, 0.690782, 0.879744
trial 1119, 1, 1, 7, 3, 3, 25104, 0.995689, 0.359442, 0.653802
trial 1120, 1, 1, 0, 6, 1, 47658.7, 0.0690218, 0.860811, 0.32302
trial 1121, 1, 0, 4, 4, 0, 77914.7, 0.528304, 0.389222, 0.328245
trial 1122, 1, 1, 2, 5, 7, 39704, 0.665272, 0.222464, 0.75152
trial 1123, 1, 0, 3, 2, 1, 55474.7, 0.693752, 0.259686, 0.731256
trial 1124, 1, 1, 3, 5, 1, 63504, 0.73896, 0.737493, 0.177117
trial 1125, 1, 1, 3, 2, 4, 42562.7, 0.550788, 0.208227, 0.674198
trial 1126, 1, 1, 3, 4, 1, 9888, 0.695816, 0.522349, 0.513492
trial 1127, 1, 0, 0, 0, 6, 7992, 0.144378, 0.241877, 0.765052
trial 1128, 1, 0, 0, 6, 3, 5749.33, 0.177883, 0.799972, 0.491706
trial 1129, 1, 1, 6, 8, 6, 69693.3, 1, 0.828404, 1
trial 1130, 1, 1, 0, 8, 1, 13946.7, 0.209776, 0.850247, 0.162064
trial 1131, 1, 0, 4, 1, 8, 64336, 0.775355, 0.227352, 0.752714
trial 1132, 1, 0, 6, 1, 2, 22240, 0.763885, 0.268196, 0.729013
trial 1133, 1, 1, 1, 1, 8, 53093.3, 0, 0.199056, 0.896147
trial 1134, 1, 1, 2, 4, 7, 25144, 0.64096, 0.833799, 0.891102
trial 1135, 1, 0, 4, 0, 1, 4922.67, 0.605306, 0.236793, 0.246623
trial 1136, 1, 0, 2, 0, 4, 2789.33, 0.651206, 0.266204, 0.660192
trial 1137, 1, 1, 4, 6, 6, 63224, 0.847462, 0.753352, 0.895702
trial 1138, 1, 1, 1, 5, 0, 32597.3, 0.225367, 0.5, 0
trial 1139, 1, 0, 4, 3, 8, 35021.3, 0.714757, 0.621294, 0.700596
trial 1140, 1, 0, 6, 7, 0, 28608, 0.816595, 0.786268, 0
trial 1141, 1, 1, 5, 0, 2, 49488, 1, 0, 0.700398
trial 1142, 1, 1, 5, 3, 7, 3018.67, 1, 0.69109, 0.858211
trial 1143, 1, 0, 0, 2, 4, 64898.7, 0.131926, 0.845848, 0.642256
trial 1144, 1, 0, 3, 5, 0, 11837.3, 0.5, 0.670278, 0.5
trial 1145, 1, 1, 1, 0, 5, 1818.67, 0.228155, 0.202291, 0.812298
trial 1146, 1, 0, 4, 0, 2, 73160, 0.400419, 0.181572, 0.643116
trial 1147, 1, 1, 7, 1, 3, 21520, 1, 0.273996, 0.798385
trial 1148, 1, 1, 8, 8, 2, 17093.3, 1, 0.767644, 0.37897
trial 1149, 1, 0, 0, 7, 7, 67914.7, 0.15098, 1, 1
trial 1150, 1, 1, 3, 6, 8, 19856, 0.669186, 1, 1
trial 1151, 1, 0, 3, 7, 5, 46040, 0.834444, 1, 0.845699
trial 1152, 1, 0, 8, 7, 3, 66362.7, 1, 0.837999, 0.822072
trial 1153, 1, 0, 6, 4, 2, 3936, 0.790472, 0.775225, 0.616003
trial 1154, 1, 0, 1, 4, 0, 60293.3, 0.261004, 0.630901, 0.2946
trial 1155, 1, 1, 4, 7, 0, 3280, 0.82599, 0.722595, 0
trial 1156, 1, 1, 3, 8, 0, 52778.7, 0.670175, 0.79999, 0.0622883
trial 1157, 1, 1, 8, 6, 2, 37653.3, 0.834826, 0.722587, 0.830517
trial 1158, 1, 0, 6, 7, 5, 52690.7, 0.76308, 0.784208, 1
trial 1159, 1, 0, 4, 6, 2, 44280, 0.620901, 0.778324, 0.690832
trial 1160, 1, 1, 4, 1, 7, 57730.7, 0.726692, 0.198803, 1
trial 1161, 1, 0, 5, 8, 8, 9781.33, 0.785586, 0.78246, 0.993824
trial 1162, 1, 0, 6, 0, 3, 30096, 0.746071, 0.116763, 0.890928
trial 1163, 1, 0, 6, 7, 2, 13554.7, 0.770912, 0.640148, 0.385593
trial 1164, 1, 0, 4, 7, 4, 28418.7, 0.772513, 0.752584, 0.907406
trial 1165, 1, 0, 0, 3, 6, 34213.3, 0, 0.792216, 1
trial 1166, 1, 1, 2, 3, 6, 40834.7, 0.691987, 0.440869, 0.920525
trial 1167, 1, 1, 5, 5, 3, 51402.7, 0.842613, 0.634206, 0.821658
trial 1168, 1, 1, 4, 6, 1, 45936, 0.812378, 0.62088, 0.363647
trial 1169, 1, 0, 6, 4, 8, 12461.3, 0.856738, 0.658945, 0.894905
trial 1170, 1, 0, 8, 6, 6, 27210.7, 0.846149, 0.801015, 1
trial 1171, 1, 1, 0, 7, 4, 4482.67, 0.0825786, 0.757355, 0.641119
trial 1172, 1, 1, 6, 8, 3, 78938.7, 0.681336, 0.73667, 0.329602
trial 1173, 1, 0, 8, 2, 3, 5461.33, 0.801181, 0.226362, 0.671685
trial 1174, 1, 0, 2, 7, 5, 21573.3, 0.135764, 0.793884, 0.997959
trial 1175, 1, 1, 5, 2, 5, 14202.7, 0.856963, 0.283245, 0.765955
trial 1176, 1, 1, 5, 1, 4, 71368, 0.803681, 0.199671, 0.832539
trial 1177, 1, 0, 6, 7, 6, 79696, 0.773164, 0.81656, 1
trial 1178, 1, 0, 5, 2, 1, 75365.3, 0.704763, 0.292689, 0.700447
trial 1179, 1, 1, 8, 4, 2, 22736, 0.974624, 0.530647, 0.664016
trial 1180, 1, 0, 0, 0, 8, 49218.7, 0, 0.210507, 1
trial 1181, 1, 0, 6, 7, 7, 58794.7, 0.811059, 0.824051, 1
trial 1182, 1, 1, 6, 1, 0, 4069.33, 0.794295, 0.116159, 0.645938
trial 1183, 1, 0, 2, 6, 6, 46962.7, 0.574392, 0.844062, 1
trial 1184, 1, 1, 2, 7, 1, 36802.7, 0.684788, 0.75792, 0.5
trial 1185, 1, 1, 5, 7, 3, 47360, 0.943342, 0.754342, 0.35951
trial 1186, 1, 0, 7, 4, 6, 42904, 0.892721, 0.2998, 0.79495
trial 1187, 1, 1, 4, 3, 1, 77112, 0.842093, 0.364703, 0.717747
trial 1188, 1, 1, 2, 7, 2, 6312, 0.578193, 0.550297, 0.385996
trial 1189, 1, 1, 2, 0, 0, 33346.7, 0.361734, 0.129535, 0.333511
trial 1190, 1, 0, 3, 2, 2, 16560, 0.5, 0.30074, 0.370772
trial 1191, 1, 1, 3, 5, 4, 14800, 0.766903, 0.514205, 0.855403
trial 1192, 1, 1, 2, 7, 5, 11797.3, 0.652629, 0.831855, 0.921282
trial 1193, 1, 0, 1, 6, 4, 51501.3, 0.207685, 0.801538, 0.798666
trial 1194, 1, 1, 4, 7, 6, 37738.7, 0.907516, 0.801482, 1
trial 1195, 1, 1, 6, 4, 1, 45218.7, 0.79577, 0.319779, 0.178543
trial 1196, 1, 0, 3, 0, 0, 2658.67, 0.202075, 0.185473, 0.330797
trial 1197, 1, 0, 8, 4, 0, 39930.7, 0.882344, 0.360062, 0.127589
trial 1198, 1, 0, 3, 5, 1, 5925.33, 0.745272, 0.775036, 0.5
trial 1199, 1, 1, 2, 3, 8, 24461.3, 0.783509, 0.463777, 0.925899
trial 1200, 1, 0, 4, 3, 4, 39397.3, 0.767882, 0.426706, 0.816291
trial 1201, 1, 1, 5, 1, 8, 40024, 0.799729, 0.263756, 0.887765
trial 1202, 1, 1, 4, 0, 2, 2245.33, 0.73929, 0.0335363, 0.908599
trial 1203, 1, 0, 6, 3, 8, 76101.3, 0.751366, 0.481055, 0.887124
trial 1204, 1, 0, 2, 6, 0, 73936, 0.30948, 0.721269, 0
trial 1205, 1, 0, 0, 7, 8, 59042.7, 0.2334, 0.719939, 1
trial 1206, 1, 1, 6, 8, 8, 51021.3, 0.755082, 0.792662, 0.788259
trial 1207, 1, 0, 3, 6, 3, 3704, 0.367323, 0.601877, 0.440163
trial 1208, 1, 0, 1, 2, 8, 1936, 0.178421, 0.204235, 0.789308
trial 1209, 1, 0, 8, 3, 0, 23978.7, 0.87234, 0.381114, 0.189353
trial 1210, 1, 0, 1, 1, 7, 68381.3, 0.78323, 0.262043, 0.72722
trial 1211, 1, 1, 4, 4, 5, 60973.3, 0.784488, 0.629102, 0.650023
trial 1212, 1, 1, 8, 6, 1, 74946.7, 1, 0.737177, 0.740913
trial 1213, 1, 1, 5, 2, 0, 29864, 0.893523, 0.604261, 0.24165
trial 1214, 1, 1, 1, 7, 6, 51213.3, 0.202132, 0.78169, 0.792267
trial 1215, 1, 1, 7, 0, 4, 75706.7, 0.845442, 0.24441, 0.790143
trial 1216, 1, 1, 4, 5, 6, 32120, 0.786118, 0.782063, 0.789133
trial 1217, 1, 1, 2, 3, 1, 12013.3, 0.239274, 0.495199, 0.639344
trial 1218, 1, 0, 4, 4, 5, 42181.3, 0.721655, 0.687501, 0.670571
trial 1219, 1, 0, 6, 1, 8, 66213.3, 0.807827, 0.318996, 0.754279
trial 1220, 1, 0, 7, 5, 0, 37696, 0.804781, 0.587385, 0.00196975
trial 1221, 1, 1, 3, 4, 7, 31696, 0.693307, 0.595391, 0.849142
trial 1222, 1, 1, 3, 1, 2, 3205.33, 0.539139, 0.308782, 0.800429
trial 1223, 1, 0, 4, 0, 3, 25048, 0.649978, 0.268561, 0.795253
trial 1224, 1, 1, 8, 7, 5, 22181.3, 1, 0.881838, 1
trial 1225, 1, 1, 6, 8, 5, 11154.7, 0.806941, 0.82342, 0.825817
trial 1226, 1, 1, 1, 5, 8, 25648, 0.405137, 0.989652, 1
trial 1227, 1, 0, 8, 4, 6, 23248, 0.800944, 0.78697, 0.802951
trial 1228, 1, 0, 1, 6, 6, 34845.3, 0.725883, 0.840449, 0.912739
trial 1229, 1, 0, 2, 0, 5, 63258.7, 0.638079, 0.243239, 0.777489
trial 1230, 1, 1, 0, 1, 2, 43658.7, 0.286735, 0.319562, 0.5
trial 1231, 1, 1, 8, 8, 0, 40696, 1, 0.745106, 0
trial 1232, 1, 0, 0, 7, 6, 4621.33, 0, 0.688552, 0.641212
trial 1233, 1, 1, 7, 7, 2, 60789.3, 0.781111, 0.782267, 0.5
trial 1234, 1, 0, 7, 2, 5, 2584, 0.879585, 0.701992, 0.659259
trial 1235, 1, 0, 3, 3, 8, 60757.3, 0.858373, 0.663056, 0.838454
trial 1236, 1, 1, 2, 2, 1, 67013.3, 0.5, 0.341017, 0.582209
trial 1237, 1, 0, 3, 8, 8, 5968, 0.715212, 0.728764, 1
trial 1238, 1, 0, 7, 1, 4, 4997.33, 0.809695, 0.319385, 0.806502
trial 1239, 1, 1, 5, 1, 7, 73480, 0.825942, 0.323052, 0.809329
trial 1240, 1, 1, 3, 8, 6, 79018.7, 0.846543, 0.74209, 0.938197
trial 1241, 1, 1, 2, 4, 3, 52106.7, 0.410702, 0.488872, 0.5
trial 1242, 1, 0, 4, 6, 4, 29045.3, 0.405639, 0.666101, 0.566403
trial 1243, 1, 0, 1, 4, 5, 26661.3, 0.459835, 0.656034, 0.666175
trial 1244, 1, 0, 7, 3, 4, 43637.3, 0.798586, 0.647848, 0.812304
trial 1245, 1, 0, 8, 3, 7, 51018.7, 0.844051, 0.507717, 0.901693
trial 1246, 1, 1, 3, 2, 5, 31736, 0.799588, 0.438269, 0.772473
trial 1247, 1, 1, 3, 3, 8, 55997.3, 0.671499, 0.57663, 0.736802
trial 1248, 1, 0, 4, 5, 0, 7432, 0.705809, 0.669069, 0.0874256
trial 1249, 1, 1, 8, 1, 4, 1253.33, 0.786709, 0.251141, 0.732649
trial 1250, 1, 1, 7, 1, 6, 28845.3, 1, 0.307843, 0.957691
trial 1251, 1, 1, 6, 2, 5, 61008, 0.959286, 0.214587, 0.72916
trial 1252, 1, 0, 5, 0, 8, 61576, 0.786374, 0.229231, 0.682405
trial 1253, 1, 0, 2, 8, 3, 1034.67, 0.265364, 0.712864, 0.364085
trial 1254, 1, 0, 0, 5, 0, 6738.67, 0.23967, 0.773442, 0.205811
trial 1255, 1, 0, 1, 4, 6, 5962.67, 0.14498, 0.663565, 0.847035
trial 1256, 1, 0, 6, 8, 6, 23005.3, 0.758747, 0.828935, 0.863099
trial 1257, 1, 1, 3, 3, 4, 77824, 0.5, 0.671665, 0.746841
trial 1258, 1, 1, 3, 1, 0, 79277.3, 0.666724, 0.120586, 0.0962857
trial 1259, 1, 0, 0, 1, 2, 49565.3, 0.233925, 0.325931, 0.5
trial 1260, 1, 1, 5, 6, 3, 76162.7, 0.806575, 0.726616, 0.659531
trial 1261, 1, 1, 2, 8, 0, 16965.3, 0.685329, 0.752059, 0
trial 1262, 1, 0, 8, 0, 2, 32434.7, 0.891501, 0.136082, 0.812346
trial 1263, 1, 1, 1, 1, 3, 6760, 0.302842, 0.271405, 0.768122
trial 1264, 1, 0, 5, 5, 1, 53418.7, 0.695923, 0.737942, 0.316918
trial 1265, 1, 0, 1, 4, 7, 29874.7, 0.666506, 0.413698, 0.736792
trial 1266, 1, 1, 1, 0, 7, 53797.3, 0.404669, 0.100063, 0.833457
trial 1267, 1, 1, 8, 1, 2, 25080, 0.83627, 0.21925, 0.732001
trial 1268, 1, 0, 0, 0, 4, 3045.33, 0, 0.180554, 0.752107
trial 1269, 1, 1, 8, 3, 7, 14669.3, 1, 0.73598, 1
trial 1270, 1, 0, 7, 1, 6, 66472, 0.843837, 0.494273, 0.815555
trial 1271, 1, 0, 6, 0, 8, 54829.3, 0.843984, 0.512684, 0.827799
trial 1272, 1, 1, 5, 8, 6, 51962.7, 0.764081, 0.776543, 0.892752
trial 1273, 1, 0, 2, 6, 3, 54872, 0.408605, 0.712673, 0.5
trial 1274, 1, 0, 5, 7, 6, 79504, 0.813696, 0.785934, 0.888611
trial 1275, 1, 0, 1, 5, 2, 6632, 0.517757, 0.680636, 0.812391
trial 1276, 1, 0, 2, 7, 4, 61360, 0.270085, 0.766791, 0.749932
trial 1277, 1, 1, 0, 7, 7, 74344, 0.144791, 0.771075, 0.887762
trial 1278, 1, 0, 6, 6, 0, 6861.33, 0.800769, 0.726044, 0.0917608
trial 1279, 1, 1, 4, 4, 3, 3069.33, 0.755918, 0.623575, 0.779567
trial 1280, 1, 0, 3, 4, 8, 34040, 0.779718, 0.691457, 0.881203
trial 1281, 1, 0, 4, 3, 6, 40160, 0.822406, 0.765794, 0.981221
trial 1282, 1, 1, 8, 7, 6, 74034.7, 1, 0.723438, 0.854418
trial 1283, 1, 1, 2, 5, 4, 4413.33, 0.5, 0.738274, 0.789632
trial 1284, 1, 0, 7, 8, 3, 31936, 0.895135, 0.724426, 0.886776
trial 1285, 1, 1, 7, 3, 0, 76130.7, 1, 0.771018, 0.473294
trial 1286, 1, 1, 0, 0, 8, 24181.3, 0.145803, 0.175025, 0.802935
trial 1287, 1, 1, 7, 2, 8, 13312, 0.988891, 0.355297, 0.836276
trial 1288, 1, 0, 0, 8, 5, 64621.3, 0.0674393, 0.814217, 0.645215
trial 1289, 1, 1, 0, 0, 1, 15714.7, 0, 0.222199, 0.5
trial 1290, 1, 0, 0, 4, 0, 39792, 0.254622, 0.607824, 0.165807
trial 1291, 1, 1, 7, 4, 2, 74072, 0.955458, 0.759222, 0.73829
trial 1292, 1, 1, 2, 0, 6, 2720, 0.381308, 0, 0.779059
trial 1293, 1, 0, 4, 7, 3, 35488, 0.5, 0.694431, 0.574002
trial 1294, 1, 1, 6, 5, 4, 74218.7, 0.850247, 0.497309, 0.773777
trial 1295, 1, 0, 2, 0, 1, 24410.7, 0.361807, 0.109061, 0.746225
trial 1296, 1, 1, 0, 8, 7, 62869.3, 0.0948201, 0.760675, 0.885939
trial 1297, 1, 1, 4, 4, 6, 7224, 0.757304, 0.7584, 0.623196
trial 1298, 1, 1, 5, 4, 8, 27680, 0.745111, 0.551411, 0.853906
trial 1299, 1, 0, 8, 2, 0, 26802.7, 0.820904, 0.323281, 0.32308
trial 1300, 1, 0, 6, 4, 3, 936, 0.734882, 0.337943, 0.444992
trial 1301, 1, 0, 4, 6, 8, 29808, 0.827218, 0.909753, 0.901788
trial 1302, 1, 1, 6, 4, 7, 76578.7, 0.940538, 0.638698, 1
trial 1303, 1, 0, 3, 6, 5, 3309.33, 0.035801, 0.733794, 0.827507
trial 1304, 1, 1, 1, 4, 5, 46301.3, 0.383088, 0.755468, 0.777445
trial 1305, 1, 0, 6, 4, 6, 22994.7, 0.806131, 0.711646, 0.796219
trial 1306, 1, 0, 4, 7, 5, 5077.33, 0.782517, 0.721548, 0.5
trial 1307, 1, 1, 6, 1, 4, 77549.3, 1, 0.0105228, 0.649165
trial 1308, 1, 0, 2, 4, 6, 68725.3, 0.299003, 0.724373, 0.891491
trial 1309, 1, 1, 4, 1, 4, 13514.7, 0.894687, 0.247479, 0.871601
trial 1310, 1, 1, 7, 7, 0, 1698.67, 1, 0.835126, 0
trial 1311, 1, 0, 5, 6, 7, 70992, 0.802031, 0.945661, 0.86534
trial 1312, 1, 1, 0, 7, 6, 75762.7, 0, 0.751298, 0.784578
trial 1313, 1, 0, 2, 5, 2, 60634.7, 0.199307, 0.840238, 0.808106
trial 1314, 1, 1, 7, 0, 2, 77805.3, 0.959881, 0.0434288, 0.763292
trial 1315, 1, 1, 8, 0, 0, 3120, 0.978168, 0.0390864, 0.775426
trial 1316, 1, 1, 4, 5, 5, 61149.3, 0.813315, 0.737551, 0.8569
trial 1317, 1, 1, 3, 8, 8, 42138.7, 0.820272, 0.732788, 0.890471
trial 1318, 1, 0, 4, 0, 8, 17477.3, 0.833329, 0.268615, 0.789043
trial 1319, 1, 1, 8, 5, 7, 15912, 1, 0.76137, 0.898379
trial 1320, 1, 1, 6, 3, 6, 2650.67, 0.847727, 0.817877, 0.888693
trial 1321, 1, 0, 4, 2, 3, 1237.33, 0.819953, 0.51416, 0.86314
trial 1322, 1, 1, 0, 0, 3, 75992, 0.179966, 0.248408, 0.762554
trial 1323, 1, 0, 5, 4, 8, 3794.67, 0.829378, 0.730313, 0.974687
trial 1324, 1, 1, 2, 5, 8, 2125.33, 0.70748, 0.84474, 0.957576
trial 1325, 1, 0, 5, 6, 8, 55194.7, 0.783502, 0.879844, 0.856487
trial 1326, 1, 1, 4, 0, 5, 968, 0.710324, 0.267242, 0.806074
trial 1327, 1, 0, 8, 5, 3, 29986.7, 0.732549, 0.661152, 0.798585
trial 1328, 1, 0, 7, 8, 6, 3149.33, 0.877513, 0.81856, 0.916752
trial 1329, 1, 1, 8, 0, 2, 39416, 1, 0, 0.882102
trial 1330, 1, 1, 6, 0, 6, 15608, 1, 0.148015, 0.864654
trial 1331, 1, 0, 6, 5, 8, 4269.33, 0.785307, 0.81211, 0.87733
trial 1332, 1, 1, 1, 3, 3, 78954.7, 0.343565, 0.723262, 0.355989
trial 1333, 1, 0, 4, 1, 0, 56197.3, 0.722819, 0.178323, 0.511749
trial 1334, 1, 0, 5, 3, 8, 25240, 0.751782, 0.447099, 1
trial 1335, 1, 1, 7, 4, 1, 650.667, 1, 0.637505, 0.818839
trial 1336, 1, 0, 0, 5, 6, 3154.67, 0.162789, 0.719198, 0.749914
trial 1337, 1, 0, 3, 2, 6, 67573.3, 0.493742, 0.828711, 0.939374
trial 1338, 1, 1, 1, 3, 8, 31914.7, 0.300325, 0.370798, 0.854585
trial 1339, 1, 0, 7, 2, 0, 65421.3, 0.84588, 0.209979, 0.345797
trial 1340, 1, 0, 8, 0, 6, 59944, 0.846803, 0.21138, 0.722144
trial 1341, 1, 1, 8, 3, 4, 4256, 0.759763, 0.613819, 0.782786
trial 1342, 1, 1, 1, 3, 7, 19405.3, 0.161895, 0.489167, 0.762157
trial 1343, 1, 1, 6, 7, 5, 49786.7, 0.943806, 0.745635, 0.9457
trial 1344, 1, 1, 4, 1, 3, 68928, 0.757917, 0.259014, 0.888465
trial 1345, 1, 0, 1, 3, 8, 3802.67, 0.167664, 0.772067, 0.884995
trial 1346, 1, 1, 8, 2, 8, 76501.3, 1, 0.417601, 1
trial 1347, 1, 0, 1, 6, 0, 14954.7, 0.287601, 0.512306, 0
trial 1348, 1, 1, 4, 8, 1, 8240, 0.552235, 0.770215, 0.222567
trial 1349, 1, 1, 2, 8, 8, 53749.3, 0.381301, 0.745026, 0.906987
trial 1350, 1, 0, 6, 7, 8, 34410.7, 0.821819, 1, 0.967515
trial 1351, 1, 0, 8, 8, 3, 61042.7, 0.827192, 0.831955, 0.415034
trial 1352, 1, 0, 5, 3, 1, 1344, 0.793393, 0.374716, 0.376548
trial 1353, 1, 0, 7, 1, 8, 50080, 0.780059, 0.32504, 0.720682
trial 1354, 1, 1, 3, 7, 0, 78568, 0.347042, 0.742167, 0.266046
trial 1355, 1, 0, 8, 6, 1, 1056, 0.83903, 0.762014, 0.346976
trial 1356, 1, 0, 0, 7, 0, 15805.3, 0.269329, 0.741878, 0.24899
trial 1357, 1, 0, 5, 0, 3, 44080, 0.772671, 0.187225, 0.787093
trial 1358, 1, 1, 4, 8, 0, 71050.7, 0.599012, 0.818187, 0
trial 1359, 1, 1, 7, 8, 2, 14648, 0.735162, 0.764313, 0.34995
trial 1360, 1, 1, 8, 1, 1, 13912, 0.873033, 0.235822, 0.645638
trial 1361, 1, 0, 3, 8, 6, 66805.3, 0.24002, 0.783679, 0.766655
trial 1362, 1, 1, 6, 7, 1, 7568, 0.791673, 0.658981, 0.5
trial 1363, 1, 1, 3, 1, 7, 44586.7, 0.686919, 0.326779, 0.749491
trial 1364, 1, 0, 7, 3, 0, 56573.3, 0.674362, 0.435942, 0.59452
trial 1365, 1, 0, 8, 4, 5, 41696, 0.795273, 0.732776, 0.906326
trial 1366, 1, 1, 7, 2, 5, 42506.7, 0.863603, 0.669579, 0.840959
trial 1367, 1, 1, 5, 0, 0, 69984, 0.706461, 0.257904, 0.515499
trial 1368, 1, 1, 3, 5, 0, 36408, 0.52572, 0.624796, 0.237708
trial 1369, 1, 1, 3, 2, 1, 57354.7, 0.5, 0.317447, 0.739691
trial 1370, 1, 1, 8, 6, 3, 53989.3, 0.913882, 0.750343, 0.820467
trial 1371, 1, 0, 5, 6, 5, 6525.33, 0.791411, 0.740096, 0.876574
trial 1372, 1, 1, 0, 7, 0, 41544, 0.253588, 0.80946, 0
trial 1373, 1, 0, 7, 5, 5, 31736, 0.854185, 0.837433, 0.934983
trial 1374, 1, 0, 4, 1, 1, 11914.7, 0.625218, 0.227601, 0.5
trial 1375, 1, 1, 1, 0, 1, 26970.7, 0.512417, 0.193021, 0.642368
trial 1376, 1, 1, 4, 5, 4, 31744, 0.692817, 0.609017, 0.667595
trial 1377, 1, 0, 8, 3, 1, 57357.3, 0.909321, 0.621534, 0.508463
trial 1378, 1, 1, 5, 3, 0, 36005.3, 0.853251, 0.454458, 0.226876
trial 1379, 1, 0, 8, 6, 2, 12989.3, 0.827101, 0.710449, 0.5
trial 1380, 1, 0, 6, 8, 2, 41354.7, 0.674485, 0.6376, 0.331349
trial 1381, 1, 1, 5, 5, 7, 44848, 0.886157, 0.798419, 0.995523
trial 1382, 1, 1, 1, 1, 2, 23538.7, 0.226789, 0.244912, 0.743829
trial 1383, 1, 1, 5, 3, 4, 13384, 0.797267, 0.584139, 0.765101
trial 1384, 1, 0, 7, 1, 3, 7314.67, 0.720523, 0.179484, 0.725857
trial 1385, 1, 1, 1, 8, 7, 77277.3, 0.254792, 0.841137, 0.895716
trial 1386, 1, 1, 5, 6, 0, 714.667, 0.678648, 0.686583, 0.110046
trial 1387, 1, 0, 6, 8, 1, 2669.33, 0.820944, 0.753998, 0.148706
trial 1388, 1, 0, 6, 4, 0, 42864, 0.69883, 0.738044, 0.207858
trial 1389, 1, 1, 6, 5, 8, 2525.33, 0.816255, 0.779649, 1
trial 1390, 1, 1, 8, 8, 3, 78733.3, 0.884981, 0.712413, 0.881758
trial 1391, 1, 0, 7, 3, 6, 38461.3, 0.749047, 0.764517, 0.986669
trial 1392, 1, 0, 5, 4, 0, 70112, 0.705889, 0.5, 0.208834
trial 1393, 1, 0, 6, 2, 3, 6816, 0.761979, 0.314424, 0.748382
trial 1394, 1, 1, 6, 3, 4, 37936, 0.828904, 0.348917, 0.691685
trial 1395, 1, 1, 6, 6, 8, 8680, 0.865199, 0.525291, 0.907271
trial 1396, 1, 0, 7, 3, 1, 36245.3, 0.800528, 0.482898, 0.5
trial 1397, 1, 1, 6, 7, 6, 10472, 0.788452, 0.731998, 0.872175
trial 1398, 1, 1, 5, 6, 8, 79242.7, 0.739805, 0.757963, 0.907284
trial 1399, 1, 0, 1, 7, 8, 5117.33, 0.186982, 0.719951, 0.902962
trial 1400, 1, 1, 3, 5, 8, 4653.33, 0.498772, 0.523075, 0.5
trial 1401, 1, 1, 1, 1, 6, 40408, 0.104849, 0.249663, 0.801092
trial 1402, 1, 0, 4, 8, 1, 15448, 0.724407, 0.830526, 0.219975
trial 1403, 1, 1, 1, 2, 1, 42021.3, 0.133579, 0.256655, 0.5
trial 1404, 1, 1, 0, 1, 4, 37808, 0.32187, 0.297524, 0.5
trial 1405, 1, 0, 4, 8, 2, 18754.7, 0.782422, 0.703521, 0.235012
trial 1406, 1, 1, 4, 3, 6, 22306.7, 0.5, 0.287513, 0.694023
trial 1407, 1, 0, 6, 1, 3, 63445.3, 0.776828, 0.264496, 0.829863
trial 1408, 1, 0, 3, 0, 1, 29672, 0.692216, 0.119999, 0.552094
trial 1409, 1, 1, 2, 3, 2, 36450.7, 0.701203, 0.514019, 0.604474
trial 1410, 1, 0, 6, 1, 4, 68085.3, 0.712049, 0.341208, 0.754437
trial 1411, 1, 0, 2, 4, 4, 69346.7, 0.704721, 0.340801, 0.694403
trial 1412, 1, 1, 2, 6, 7, 55821.3, 0.720363, 0.653183, 0.779779
trial 1413, 1, 0, 5, 8, 2, 3488, 0.768397, 0.883764, 0.809391
trial 1414, 1, 1, 6, 0, 7, 29613.3, 0.825932, 0.0215167, 0.842854
trial 1415, 1, 1, 6, 7, 3, 10416, 0.889013, 0.783811, 0.35401
trial 1416, 1, 1, 4, 2, 4, 65682.7, 0.694136, 0.226783, 0.757261
trial 1417, 1, 1, 3, 0, 6, 9664, 0.732743, 0.160543, 0.693592
trial 1418, 1, 0, 8, 6, 4, 44880, 0.765745, 0.699843, 0.700565
trial 1419, 1, 1, 4, 4, 4, 1200, 0.75236, 0.550349, 0.751194
trial 1420, 1, 0, 3, 7, 6, 1418.67, 0.783316, 0.727328, 0.834949
trial 1421, 1, 0, 7, 6, 6, 21458.7, 0.720275, 0.920094, 0.852745
trial 1422, 1, 0, 3, 8, 3, 22082.7, 0.714723, 0.80432, 0.5
trial 1423, 1, 1, 1, 3, 6, 34168, 0.373486, 0.658158, 0.863644
trial 1424, 1, 1, 2, 6, 4, 62565.3, 0.39746, 0.77285, 0.738175
trial 1425, 1, 0, 8, 4, 7, 6485.33, 0.82092, 0.68962, 0.879361
trial 1426, 1, 0, 1, 0, 3, 45888, 0, 0, 0.855828
trial 1427, 1, 0, 8, 5, 7, 949.333, 1, 0.75836, 1
trial 1428, 1, 0, 8, 7, 5, 51784, 1, 0.792236, 0.843438
trial 1429, 1, 1, 2, 4, 8, 35309.3, 0.261319, 0.832726, 0.812164
trial 1430, 1, 1, 5, 4, 1, 32645.3, 0.5, 0.759164, 0.555672
trial 1431, 1, 1, 0, 2, 0, 48546.7, 0.206765, 0.267802, 0.5
trial 1432, 1, 1, 0, 3, 7, 68224, 0.228297, 0.519456, 0.808496
trial 1433, 1, 0, 2, 1, 6, 43218.7, 0.384814, 0.165489, 0.780052
trial 1434, 1, 0, 7, 6, 7, 66122.7, 0.779474, 0.531902, 0.877043
trial 1435, 1, 1, 6, 4, 6, 41360, 0.857927, 0.375813, 0.772844
trial 1436, 1, 1, 1, 7, 5, 15034.7, 0.216935, 0.72044, 0.830699
trial 1437, 1, 1, 1, 4, 3, 3384, 0.467361, 0.527985, 0.511774
trial 1438, 1, 1, 3, 1, 1, 23384, 0.554796, 0.152981, 0.710289
trial 1439, 1, 1, 0, 3, 4, 6778.67, 0.308398, 0.359731, 0.740833
trial 1440, 1, 0, 0, 6, 8, 66176, 0.304052, 0.530273, 0.760195
trial 1441, 1, 0, 2, 3, 6, 6101.33, 0.5, 0.425244, 0.735311
trial 1442, 1, 0, 8, 4, 4, 2085.33, 0.809345, 0.702762, 0.499096
trial 1443, 1, 1, 5, 7, 0, 24178.7, 0.74871, 0.730012, 0.208705
trial 1444, 1, 0, 6, 6, 2, 19826.7, 0.872901, 0.686431, 0.751613
trial 1445, 1, 1, 7, 3, 2, 48605.3, 0.960524, 0.480339, 0.79603
trial 1446, 1, 1, 2, 6, 0, 22285.3, 0.329775, 0.805185, 0.113452
trial 1447, 1, 0, 2, 8, 6, 72789.3, 0.284072, 1, 1
trial 1448, 1, 0, 5, 2, 2, 450.667, 0.790696, 0.637607, 0.632947
trial 1449, 1, 1, 2, 3, 4, 73229.3, 0.606307, 0.755429, 0.620672
trial 1450, 1, 0, 0, 3, 4, 30864, 0.612282, 0.605962, 0.636113
trial 1451, 1, 1, 5, 6, 2, 24837.3, 0.845843, 0.620203, 0.313328
trial 1452, 1, 0, 1, 3, 2, 46858.7, 0.412786, 0.602711, 0.569999
trial 1453, 1, 1, 0, 2, 8, 41448, 0.647396, 0.503358, 0.5
trial 1454, 1, 0, 5, 6, 3, 35066.7, 0.752093, 0.709814, 0.398579
trial 1455, 1, 0, 0, 5, 2, 37389.3, 0.3951, 0.705394, 0.269845
trial 1456, 1, 1, 3, 3, 6, 56053.3, 0.645725, 0.329238, 0.770722
trial 1457, 1, 1, 1, 3, 4, 43256, 0.432303, 0.346569, 0.75435
trial 1458, 1, 1, 3, 1, 6, 55586.7, 0.672421, 0.0921848, 0.884194
trial 1459, 1, 0, 6, 8, 0, 15570.7, 0.797783, 0.818316, 0.0613357
