OctaneSinglePotato Data File OctaneSinglePotatoRes_73.txt
Participant Number: 73
Date: 03/10/15, Time: 14:34:34
=============================


trial 1, 1, -1, -1, -1, -1, 0, 0, 0, 0
trial 2, 1, 0, 1, 8, 0, 39626.7, 0.204253, 0.81383, 0.156473
trial 3, 1, 1, 5, 7, 1, 7010.67, 0.708999, 0.658017, 0.297951
trial 4, 1, 0, 6, 0, 2, 68032, 0.300115, 0.228629, 0.799203
trial 5, 1, 1, 0, 1, 3, 68930.7, 0.170291, 0.333921, 0.717295
trial 6, 1, 0, 0, 4, 6, 70746.7, 0.107368, 0.995581, 0.831905
trial 7, 1, 0, 2, 6, 4, 59554.7, 0.37582, 0.807238, 0.36715
trial 8, 1, 1, 4, 7, 8, 59640, 0.626008, 0.958287, 0.951522
trial 9, 1, 1, 5, 5, 6, 79824, 0.627105, 0.937538, 0.938723
trial 10, 1, 1, 2, 6, 3, 5792, 0.204019, 0.787099, 0.725937
trial 11, 1, 1, 3, 2, 3, 20253.3, 0.384475, 0.155778, 0.721251
trial 12, 1, 0, 5, 8, 1, 60050.7, 0.641498, 0.836666, 0.27933
trial 13, 1, 0, 6, 6, 6, 68410.7, 0.92558, 0.929042, 0.912519
trial 14, 1, 0, 1, 2, 6, 78712, 0.258603, 0.359305, 0.750971
trial 15, 1, 0, 3, 4, 6, 66197.3, 0.338646, 0.809148, 0.801419
trial 16, 1, 1, 8, 4, 1, 269.333, 0.764176, 0.341954, 0.353592
trial 17, 1, 1, 2, 4, 4, 12152, 0.199331, 0.707337, 0.597561
trial 18, 1, 0, 4, 5, 5, 2328, 0.362284, 0.705748, 0.593781
trial 19, 1, 0, 8, 8, 5, 20186.7, 0.948716, 0.910195, 0.826153
trial 20, 1, 0, 5, 6, 0, 47957.3, 0.436388, 0.820504, 0.0636022
trial 21, 1, 1, 4, 2, 7, 59696, 0.665551, 0.86878, 0.87521
trial 22, 1, 1, 6, 2, 8, 8560, 0.759204, 0.903837, 0.914067
trial 23, 1, 1, 8, 3, 3, 56106.7, 0.837714, 0.415762, 0.706606
trial 24, 1, 1, 4, 1, 1, 24154.7, 0.419323, 0.318113, 0.326187
trial 25, 1, 0, 7, 6, 0, 57168, 0.243988, 0.589501, 0.421656
trial 26, 1, 0, 8, 0, 1, 2776, 0.614338, 0.457086, 0.325589
trial 27, 1, 0, 0, 8, 4, 29800, 0.137514, 0.839218, 0.417741
trial 28, 1, 1, 5, 4, 0, 37829.3, 0.743628, 0.630108, 0.152353
trial 29, 1, 0, 6, 8, 5, 42162.7, 0.74788, 0.932073, 0.942527
trial 30, 1, 1, 4, 6, 8, 34269.3, 0.76958, 0.910918, 0.901339
trial 31, 1, 1, 2, 4, 2, 35562.7, 0.136902, 0.424187, 0.291405
trial 32, 1, 0, 4, 8, 7, 5256, 0.613825, 0.908808, 0.911232
trial 33, 1, 1, 0, 6, 6, 68717.3, 0.0939729, 0.9072, 0.888889
trial 34, 1, 0, 8, 4, 2, 17949.3, 0.708601, 0.739075, 0.414529
trial 35, 1, 0, 2, 6, 1, 77008, 0.348983, 0.648381, 0.321198
trial 36, 1, 0, 2, 5, 5, 66888, 0.369588, 0.928579, 0.918855
trial 37, 1, 1, 7, 5, 2, 61050.7, 0.777196, 0.263706, 0.688805
trial 38, 1, 1, 7, 1, 5, 17688, 0.782632, 0.736052, 0.746753
trial 39, 1, 1, 0, 8, 2, 1056, 0.0769226, 0.699784, 0.411703
trial 40, 1, 0, 3, 4, 2, 29909.3, 0.36339, 0.402062, 0.669209
trial 41, 1, 1, 6, 4, 2, 38829.3, 0.734815, 0.391181, 0.41229
trial 42, 1, 1, 8, 0, 7, 66594.7, 0.807476, 0.964001, 0.971102
trial 43, 1, 1, 4, 7, 5, 21392, 0.660299, 0.871912, 0.879854
trial 44, 1, 1, 7, 7, 4, 23392, 0.662908, 0.861134, 0.845627
trial 45, 1, 0, 0, 2, 6, 12488, 0.0357235, 0.890741, 0.886161
trial 46, 1, 0, 4, 5, 8, 1056, 0.361031, 0.90409, 0.905631
trial 47, 1, 1, 8, 8, 6, 19354.7, 0.679684, 0.812386, 0.828477
trial 48, 1, 1, 6, 3, 1, 165.333, 0.706471, 0.256113, 0.688932
trial 49, 1, 0, 1, 4, 1, 77165.3, 0.161722, 0.409108, 0.427493
trial 50, 1, 0, 0, 1, 5, 75261.3, 0.100166, 0.915572, 1
trial 51, 1, 1, 6, 8, 7, 71661.3, 0.797895, 0.926381, 0.934467
trial 52, 1, 1, 5, 7, 4, 63258.7, 0.605773, 0.482227, 0.685331
trial 53, 1, 1, 7, 4, 7, 5512, 0.858655, 0.870413, 0.856442
trial 54, 1, 0, 4, 3, 0, 21328, 0.342462, 0.466796, 0.114469
trial 55, 1, 0, 5, 0, 2, 71146.7, 0.632095, 0.277809, 0.64776
trial 56, 1, 0, 2, 5, 3, 4349.33, 0.405621, 0.402924, 0.744798
trial 57, 1, 0, 1, 3, 7, 42413.3, 0.336213, 0.851937, 0.8553
trial 58, 1, 0, 2, 6, 5, 30578.7, 0.400973, 0.903799, 0.5873
trial 59, 1, 0, 3, 2, 3, 53688, 0.619277, 0.469514, 0.614897
trial 60, 1, 1, 8, 2, 4, 63717.3, 0.766076, 0.592317, 0.6539
trial 61, 1, 0, 0, 4, 8, 71504, 0.357802, 0.868097, 0.949369
trial 62, 1, 1, 8, 3, 1, 66386.7, 0.699454, 0.418444, 0.693977
trial 63, 1, 1, 8, 5, 1, 31293.3, 0.678169, 0.681396, 0.34031
trial 64, 1, 0, 5, 3, 4, 44608, 0.512973, 0.71177, 0.753997
trial 65, 1, 1, 0, 1, 5, 64565.3, 0.0766656, 0.752872, 0.750563
trial 66, 1, 0, 8, 5, 2, 56421.3, 0.573154, 0.39588, 0.581887
trial 67, 1, 1, 2, 8, 7, 79480, 0.0627597, 0.680689, 0.686533
trial 68, 1, 1, 4, 0, 3, 43954.7, 0.578767, 0.356514, 0.634829
trial 69, 1, 0, 6, 2, 2, 76165.3, 0.584485, 0.381661, 0.568854
trial 70, 1, 1, 4, 6, 3, 10322.7, 0.634555, 0.731391, 0.716687
trial 71, 1, 1, 5, 8, 2, 4440, 0.648515, 0.709708, 0.417299
trial 72, 1, 0, 3, 7, 1, 40978.7, 0.410735, 0.602607, 0.397256
trial 73, 1, 0, 1, 8, 4, 32709.3, 0.401061, 0.691687, 0.698134
trial 74, 1, 1, 5, 7, 2, 52882.7, 0.767896, 0.684875, 0.646897
trial 75, 1, 1, 7, 8, 7, 64314.7, 0.928632, 0.903475, 0.875576
trial 76, 1, 1, 7, 7, 7, 32082.7, 0.807217, 0.891778, 0.91537
trial 77, 1, 1, 1, 2, 8, 63101.3, 0.136165, 0.800465, 0.796514
trial 78, 1, 0, 8, 0, 5, 70941.3, 0.658639, 0.192922, 0.742332
trial 79, 1, 1, 5, 5, 5, 67973.3, 0.741235, 0.736959, 0.639464
trial 80, 1, 1, 6, 5, 2, 32610.7, 0.733737, 0.679818, 0.362318
trial 81, 1, 1, 0, 5, 5, 5616, 0.125113, 0.818613, 0.823169
trial 82, 1, 1, 7, 0, 8, 76698.7, 0.804137, 0, 0.707192
trial 83, 1, 0, 6, 0, 7, 72909.3, 0.662352, 0.104254, 0.873286
trial 84, 1, 0, 4, 4, 2, 3994.67, 0.596838, 0.629597, 0.351011
trial 85, 1, 0, 5, 0, 6, 13293.3, 0.358633, 0.0825886, 0.68331
trial 86, 1, 1, 8, 7, 4, 7205.33, 0.813995, 0.89365, 0.878911
trial 87, 1, 0, 6, 8, 4, 73834.7, 0.399273, 0.397915, 0.625557
trial 88, 1, 1, 4, 5, 2, 11808, 0.572429, 0.46055, 0.574563
trial 89, 1, 1, 4, 7, 1, 72525.3, 0.597411, 0.629746, 0.431002
trial 90, 1, 1, 5, 5, 8, 65402.7, 0.622751, 0.892937, 0.851697
trial 91, 1, 1, 7, 7, 6, 76778.7, 0.62993, 0.454732, 0.82761
trial 92, 1, 1, 6, 6, 7, 54794.7, 0.790391, 0.915366, 0.795602
trial 93, 1, 0, 7, 6, 8, 64970.7, 0.588689, 0.770669, 0.782538
trial 94, 1, 0, 1, 2, 3, 18760, 0.236744, 0.237909, 0.443469
trial 95, 1, 1, 2, 5, 5, 3165.33, 0.161453, 0.754855, 0.621386
trial 96, 1, 1, 3, 0, 0, 6634.67, 0.331593, 0, 0.3012
trial 97, 1, 1, 3, 8, 1, 44042.7, 0.604692, 0.314899, 0.415403
trial 98, 1, 0, 2, 1, 3, 18005.3, 0.29544, 0.237918, 0.578536
trial 99, 1, 1, 6, 7, 7, 40061.3, 0.74907, 0.959082, 0.956836
trial 100, 1, 0, 6, 3, 3, 11736, 0.613874, 0.425687, 0.450123
trial 101, 1, 0, 7, 7, 8, 39066.7, 0.721268, 0.752013, 0.839493
trial 102, 1, 0, 4, 8, 5, 72298.7, 0.697203, 0.848706, 0.725877
trial 103, 1, 0, 0, 8, 0, 15314.7, 0.217698, 0.811152, 0.214398
trial 104, 1, 0, 5, 5, 2, 19674.7, 0.629934, 0.692987, 0.380614
trial 105, 1, 1, 7, 3, 6, 34709.3, 0.839878, 0.933578, 0.938782
trial 106, 1, 0, 7, 7, 5, 17053.3, 0.641023, 0.752868, 0.717889
trial 107, 1, 1, 6, 4, 5, 25408, 0.698343, 0.794707, 0.868403
trial 108, 1, 1, 7, 5, 3, 29021.3, 0.668543, 0.790425, 0.453546
trial 109, 1, 0, 8, 2, 4, 11866.7, 0.449277, 0.307896, 0.759276
trial 110, 1, 1, 8, 8, 5, 79381.3, 0.68726, 0.934192, 0.855615
trial 111, 1, 0, 7, 4, 5, 61194.7, 0.600361, 0.816863, 0.795189
trial 112, 1, 0, 3, 0, 4, 5386.67, 0.319976, 0.0837502, 0.913729
trial 113, 1, 0, 3, 2, 0, 52621.3, 0.392456, 0.456888, 0.294783
trial 114, 1, 0, 3, 6, 1, 26128, 0.361359, 0.558696, 0.313753
trial 115, 1, 0, 5, 4, 1, 9000, 0.574509, 0.597818, 0.378568
trial 116, 1, 1, 3, 2, 7, 9437.33, 0.367935, 0.240852, 0.765857
trial 117, 1, 1, 5, 3, 6, 45760, 0.582561, 0.225066, 0.692003
trial 118, 1, 0, 5, 6, 6, 1176, 0.452668, 0.7606, 0.741629
trial 119, 1, 1, 1, 8, 6, 45253.3, 0.32916, 0.789332, 0.779059
trial 120, 1, 1, 4, 3, 8, 2688, 0.396178, 0.800979, 0.779493
trial 121, 1, 1, 3, 5, 2, 47592, 0.376226, 0.606741, 0.191641
trial 122, 1, 1, 0, 6, 2, 4418.67, 0.205719, 0.656272, 0.248905
trial 123, 1, 0, 7, 0, 0, 42536, 0.579227, 0.270791, 0.275953
trial 124, 1, 1, 8, 5, 2, 45882.7, 0.607105, 0.555176, 0.422628
trial 125, 1, 0, 3, 6, 2, 23762.7, 0.422624, 0.702487, 0.334658
trial 126, 1, 0, 7, 7, 3, 2192, 0.663377, 0.748458, 0.760692
trial 127, 1, 0, 2, 1, 2, 42672, 0.255957, 0.310528, 0.599939
trial 128, 1, 1, 3, 3, 5, 52797.3, 0.558944, 0.613506, 0.831014
trial 129, 1, 0, 3, 4, 7, 38309.3, 0.383302, 0.931844, 1
trial 130, 1, 0, 7, 1, 5, 40864, 0.576663, 0.157629, 0.708003
trial 131, 1, 0, 8, 7, 4, 73098.7, 0.718466, 0.802262, 0.635856
trial 132, 1, 1, 5, 3, 5, 29034.7, 0.604175, 0.773163, 0.742921
trial 133, 1, 0, 1, 2, 4, 68752, 0.267654, 0.425185, 0.659666
trial 134, 1, 1, 3, 8, 5, 57445.3, 0.566418, 0.742906, 0.822999
trial 135, 1, 1, 4, 8, 4, 3746.67, 0.556418, 0.773698, 0.700826
trial 136, 1, 0, 5, 0, 7, 4629.33, 0.465303, 0.169632, 0.742233
trial 137, 1, 0, 1, 3, 0, 70608, 0.0839652, 0.445741, 0.203321
trial 138, 1, 1, 5, 2, 7, 19978.7, 0.915127, 0.91296, 0.887843
trial 139, 1, 0, 6, 4, 5, 3690.67, 0.570392, 0.94171, 0.971389
trial 140, 1, 0, 3, 3, 1, 13733.3, 0.409867, 0.449558, 0.448664
trial 141, 1, 1, 4, 3, 5, 32810.7, 0.618945, 0.786684, 0.78389
trial 142, 1, 0, 6, 5, 7, 54432, 0.732313, 0.94663, 0.970916
trial 143, 1, 1, 0, 0, 2, 21330.7, 0.0277786, 0.297944, 0.731545
trial 144, 1, 1, 2, 1, 5, 44045.3, 0.124501, 0.302301, 0.767438
trial 145, 1, 1, 7, 0, 0, 1525.33, 0.591282, 0.285486, 0.290019
trial 146, 1, 1, 3, 2, 8, 77856, 0.613189, 0.762062, 0.817703
trial 147, 1, 1, 5, 2, 6, 58381.3, 0.877073, 0.918928, 0.907032
trial 148, 1, 0, 2, 3, 8, 4285.33, 0.44249, 0.939932, 0.929655
trial 149, 1, 1, 8, 1, 3, 2602.67, 0.734518, 0.35788, 0.433518
trial 150, 1, 0, 0, 6, 1, 63930.7, 0.353834, 0.585957, 0.285432
trial 151, 1, 1, 6, 2, 3, 27533.3, 0.59681, 0.312318, 0.695189
trial 152, 1, 0, 0, 7, 5, 229.333, 0.1818, 0.701745, 0.707099
trial 153, 1, 1, 5, 5, 4, 44850.7, 0.785587, 0.75497, 0.748261
trial 154, 1, 1, 8, 2, 0, 60656, 0.80232, 0.261356, 0.135268
trial 155, 1, 0, 6, 3, 0, 2632, 0.402791, 0.579319, 0.124404
trial 156, 1, 1, 6, 3, 8, 45336, 0.850976, 0.92182, 0.942072
trial 157, 1, 1, 0, 2, 7, 73885.3, 0.0584516, 0.903835, 0.899767
trial 158, 1, 0, 7, 8, 7, 65066.7, 0.976521, 0.867599, 0.876403
trial 159, 1, 1, 2, 2, 4, 52717.3, 0.281386, 0.38335, 0.651068
trial 160, 1, 1, 6, 1, 3, 22677.3, 0.68433, 0.395976, 0.651253
trial 161, 1, 0, 1, 5, 7, 21578.7, 0.192513, 0.839523, 0.867402
trial 162, 1, 1, 8, 6, 4, 79194.7, 0.777261, 0.463364, 0.713326
trial 163, 1, 1, 8, 6, 0, 59586.7, 0.862106, 0.754849, 0.210713
trial 164, 1, 0, 2, 0, 2, 3533.33, 0.133859, 0.206311, 0.696172
trial 165, 1, 1, 5, 2, 4, 266.667, 0.584029, 0.380504, 0.729715
trial 166, 1, 0, 0, 0, 0, 101.333, 0.0821696, 0.191322, 0.201365
trial 167, 1, 1, 5, 7, 7, 64010.7, 0.817724, 1, 0.852377
trial 168, 1, 1, 3, 7, 1, 5624, 0.400742, 0.428925, 0.347934
trial 169, 1, 0, 0, 6, 6, 23610.7, 0.382937, 0.614474, 0.830001
trial 170, 1, 0, 5, 3, 5, 41498.7, 0.827087, 0.909574, 0.905105
trial 171, 1, 0, 3, 0, 6, 43592, 0.482259, 0.435479, 0.843051
trial 172, 1, 1, 0, 1, 8, 64282.7, 0.137439, 0.386799, 0.950013
trial 173, 1, 1, 2, 1, 3, 5544, 0.304033, 0.262862, 0.457054
trial 174, 1, 0, 1, 8, 8, 23424, 0.427335, 0.849169, 0.948941
trial 175, 1, 1, 8, 0, 6, 18045.3, 0.591534, 0.253763, 0.637657
trial 176, 1, 1, 1, 7, 4, 33720, 0.311835, 0.695363, 0.452714
trial 177, 1, 0, 5, 5, 7, 22818.7, 0.67273, 0.782308, 0.72183
trial 178, 1, 1, 2, 6, 6, 70408, 0.347501, 0.449773, 0.645668
trial 179, 1, 0, 0, 0, 1, 6498.67, 0.171996, 0.0757729, 0.416111
trial 180, 1, 1, 7, 3, 8, 66173.3, 0.644484, 0.434681, 0.754203
trial 181, 1, 0, 3, 7, 7, 77493.3, 0.444769, 0.719078, 0.684194
trial 182, 1, 1, 3, 0, 8, 32792, 0.445963, 0.275324, 0.952391
trial 183, 1, 1, 8, 7, 1, 24040, 0.660189, 0.6035, 0.31674
trial 184, 1, 1, 1, 4, 0, 71090.7, 0.126343, 0.357934, 0.155456
trial 185, 1, 1, 6, 6, 6, 65074.7, 0.829051, 0.741089, 0.744231
trial 186, 1, 1, 2, 8, 1, 2074.67, 0.396062, 0.40954, 0.364143
trial 187, 1, 1, 5, 1, 1, 36045.3, 0.602354, 0.359733, 0.419466
trial 188, 1, 0, 6, 0, 1, 60672, 0.621383, 0.242635, 0.359927
trial 189, 1, 1, 1, 1, 7, 6536, 0.218629, 0.411471, 1
trial 190, 1, 1, 2, 1, 7, 22736, 0.407112, 0.450797, 0.67598
trial 191, 1, 0, 1, 8, 5, 73410.7, 0.418252, 0.928918, 0.595679
trial 192, 1, 0, 3, 3, 6, 73322.7, 0.419411, 0.406204, 0.803836
trial 193, 1, 1, 4, 3, 7, 43021.3, 0.632935, 0.421694, 0.69346
trial 194, 1, 0, 0, 1, 3, 62962.7, 0.125419, 0.295411, 0.586283
trial 195, 1, 0, 3, 5, 8, 10314.7, 0.414266, 0.800002, 0.792447
trial 196, 1, 1, 1, 3, 2, 6370.67, 0.321952, 0.426126, 0.495342
trial 197, 1, 1, 7, 1, 0, 22866.7, 0.826225, 0.35372, 0.302402
trial 198, 1, 0, 8, 6, 0, 29437.3, 0.859339, 0.860596, 0.210074
trial 199, 1, 0, 4, 5, 6, 2128, 0.560966, 0.747538, 0.727297
trial 200, 1, 0, 2, 8, 0, 5480, 0.424687, 0.864231, 0.10224
trial 201, 1, 0, 1, 1, 8, 58141.3, 0.3868, 0.307604, 0.741277
trial 202, 1, 1, 5, 3, 1, 24626.7, 0.678643, 0.416707, 0.309826
trial 203, 1, 0, 3, 8, 1, 76477.3, 0.67513, 0.737547, 0.331649
trial 204, 1, 0, 2, 2, 8, 39066.7, 0.608507, 0.400177, 0.912074
trial 205, 1, 0, 6, 6, 1, 77554.7, 0.594995, 0.479667, 0.344239
trial 206, 1, 0, 3, 7, 0, 49962.7, 0.464529, 0.746959, 0.226949
trial 207, 1, 0, 7, 4, 1, 25125.3, 0.754255, 0.43963, 0.440879
trial 208, 1, 0, 0, 0, 7, 5042.67, 0.293482, 0.100811, 0.898008
trial 209, 1, 0, 6, 6, 8, 53112, 0.754209, 0.904145, 0.867294
trial 210, 1, 0, 1, 7, 1, 13605.3, 0.445579, 0.403159, 0.373936
trial 211, 1, 1, 8, 0, 4, 15178.7, 0.800088, 0.336982, 0.689034
trial 212, 1, 1, 5, 4, 2, 63976, 0.649633, 0.429557, 0.352631
trial 213, 1, 1, 0, 7, 5, 56624, 0.129585, 0.942613, 0.596939
trial 214, 1, 0, 6, 1, 7, 57970.7, 0.731317, 0.609699, 0.811437
trial 215, 1, 0, 4, 4, 7, 12240, 0.655056, 0.776252, 0.72326
trial 216, 1, 1, 4, 2, 5, 25928, 0.776163, 0.670042, 0.799513
trial 217, 1, 1, 5, 8, 4, 49362.7, 0.579444, 0.649469, 0.73807
trial 218, 1, 1, 2, 1, 4, 52754.7, 0.420284, 0.273542, 0.720635
trial 219, 1, 0, 2, 7, 7, 25656, 0.420844, 0.843744, 0.819179
trial 220, 1, 0, 5, 7, 5, 17618.7, 0.611038, 0.828356, 0.862675
trial 221, 1, 1, 2, 8, 6, 52213.3, 0.357716, 0.671651, 0.741392
trial 222, 1, 1, 0, 5, 1, 35402.7, 0.14242, 0.382996, 0.626606
trial 223, 1, 1, 8, 1, 0, 6378.67, 0.871047, 0.244972, 0.217902
trial 224, 1, 1, 7, 6, 8, 48389.3, 0.940652, 0.961824, 0.933606
trial 225, 1, 0, 1, 6, 7, 41744, 0.586005, 0.934074, 0.942309
trial 226, 1, 1, 3, 6, 0, 47200, 0.606705, 0.481591, 0.194004
trial 227, 1, 0, 8, 5, 6, 7229.33, 0.780233, 0.73099, 0.706269
trial 228, 1, 0, 2, 1, 1, 48792, 0.376789, 0.428953, 0.416747
trial 229, 1, 1, 3, 5, 7, 3688, 0.602454, 0.819163, 0.832919
trial 230, 1, 1, 5, 7, 6, 67096, 0.79081, 0.915946, 0.899465
trial 231, 1, 1, 2, 8, 4, 57714.7, 0.462767, 0.471814, 0.641095
trial 232, 1, 1, 2, 7, 4, 27354.7, 0.427525, 0.44758, 0.671379
trial 233, 1, 0, 1, 6, 3, 46429.3, 0.382672, 0.416902, 0.594618
trial 234, 1, 0, 4, 2, 1, 53869.3, 0.658731, 0.322857, 0.633114
trial 235, 1, 0, 3, 7, 4, 3661.33, 0.607693, 0.794868, 0.8122
trial 236, 1, 0, 4, 3, 2, 60608, 0.582867, 0.29278, 0.591871
trial 237, 1, 1, 5, 0, 4, 5152, 0.632198, 0.143072, 0.615805
trial 238, 1, 1, 6, 1, 5, 32456, 0.773005, 0.217133, 0.673464
trial 239, 1, 0, 1, 0, 1, 64173.3, 0.433796, 0.206382, 0.41612
trial 240, 1, 0, 5, 5, 8, 30216, 0.749969, 0.692553, 0.687911
trial 241, 1, 1, 8, 3, 6, 44186.7, 0.829259, 0.431873, 0.76845
trial 242, 1, 1, 0, 4, 5, 25858.7, 0.0836862, 0.364262, 0.810845
trial 243, 1, 0, 7, 6, 5, 34552, 0.872558, 0.82706, 0.80851
trial 244, 1, 0, 5, 2, 6, 1488, 0.806639, 0.424174, 0.69433
trial 245, 1, 0, 6, 4, 4, 4704, 0.663021, 0.456368, 0.314425
trial 246, 1, 0, 5, 5, 4, 11914.7, 0.639772, 0.430509, 0.799881
trial 247, 1, 1, 2, 6, 2, 57840, 0.183912, 0.392079, 0.338575
trial 248, 1, 0, 5, 3, 7, 18597.3, 0.587087, 0.337717, 0.727112
trial 249, 1, 1, 5, 5, 1, 28874.7, 0.703667, 0.363022, 0.254907
trial 250, 1, 0, 1, 2, 1, 76208, 0.375797, 0.322614, 0.43867
trial 251, 1, 0, 0, 8, 1, 24325.3, 0.426217, 0.720208, 0.292018
trial 252, 1, 0, 8, 8, 0, 76474.7, 0.897235, 0.644912, 0.214322
trial 253, 1, 1, 4, 1, 6, 28717.3, 0.709436, 0.31286, 0.901988
trial 254, 1, 1, 8, 5, 8, 19421.3, 0.73593, 0.429168, 0.860212
trial 255, 1, 0, 3, 6, 7, 23752, 0.61161, 0.421849, 0.839445
trial 256, 1, 0, 1, 1, 2, 65106.7, 0.31989, 0.258397, 0.438818
trial 257, 1, 1, 2, 8, 3, 15624, 0.590636, 0.482727, 0.628606
trial 258, 1, 0, 7, 8, 8, 11898.7, 0.654082, 0.602322, 0.779956
trial 259, 1, 1, 7, 2, 1, 28368, 0.788986, 0.37236, 0.396691
trial 260, 1, 1, 2, 2, 7, 65330.7, 0.371146, 0.306031, 0.762003
trial 261, 1, 0, 0, 0, 5, 42456, 0.370423, 0.263782, 0.618848
trial 262, 1, 0, 8, 1, 3, 79754.7, 0.785245, 0.374599, 0.664615
trial 263, 1, 0, 4, 5, 7, 25896, 0.60906, 0.447502, 0.865044
trial 264, 1, 0, 5, 1, 4, 54536, 0.671071, 0.401604, 0.600852
trial 265, 1, 1, 0, 1, 1, 74056, 0.190352, 0.339892, 0.461019
trial 266, 1, 1, 0, 7, 8, 43904, 0.360435, 0.813671, 0.864237
trial 267, 1, 0, 0, 6, 5, 56680, 0.249109, 0.614854, 0.703591
trial 268, 1, 0, 4, 6, 7, 3056, 0.606981, 0.80944, 0.878888
trial 269, 1, 1, 1, 5, 2, 27120, 0.335371, 0.39019, 0.322636
trial 270, 1, 0, 5, 8, 7, 40973.3, 0.85804, 0.916939, 0.901306
trial 271, 1, 0, 8, 2, 6, 70602.7, 0.709655, 0.377757, 0.843766
trial 272, 1, 1, 4, 6, 7, 46240, 0.633971, 0.79528, 0.772164
trial 273, 1, 0, 2, 0, 8, 66162.7, 0.173464, 0.0633519, 0.935147
trial 274, 1, 0, 8, 5, 1, 29320, 0.770425, 0.42197, 0.412325
trial 275, 1, 0, 2, 5, 0, 51058.7, 0.555703, 0.616287, 0.206893
trial 276, 1, 1, 1, 7, 1, 43053.3, 0.388442, 0.660703, 0.304264
trial 277, 1, 0, 3, 4, 1, 74357.3, 0.570498, 0.394957, 0.36935
trial 278, 1, 0, 8, 5, 8, 32642.7, 0.888068, 0.840406, 0.834583
trial 279, 1, 0, 4, 1, 2, 60272, 0.634232, 0.162676, 0.614006
trial 280, 1, 0, 4, 2, 2, 60821.3, 0.428063, 0.360375, 0.397319
trial 281, 1, 0, 5, 4, 3, 68941.3, 0.455152, 0.298254, 0.405168
trial 282, 1, 1, 1, 5, 1, 41282.7, 0.345289, 0.423993, 0.327942
trial 283, 1, 1, 2, 3, 3, 33077.3, 0.595849, 0.444269, 0.701606
trial 284, 1, 1, 6, 5, 3, 5274.67, 0.661833, 0.598461, 0.395689
trial 285, 1, 0, 5, 7, 2, 5037.33, 0.677109, 0.675131, 0.384644
trial 286, 1, 1, 8, 5, 0, 22472, 0.859302, 0.606708, 0.131056
trial 287, 1, 0, 1, 7, 7, 36962.7, 0.592284, 0.890372, 0.938593
trial 288, 1, 1, 6, 5, 5, 57421.3, 0.889421, 0.813423, 0.863365
trial 289, 1, 0, 2, 3, 1, 3466.67, 0.446237, 0.321652, 0.430217
trial 290, 1, 0, 3, 1, 6, 2488, 0.635894, 0.187009, 0.882649
trial 291, 1, 1, 2, 0, 3, 6648, 0.241771, 0.107543, 0.910494
trial 292, 1, 1, 8, 3, 2, 76024, 0.917117, 0.391374, 0.275617
trial 293, 1, 0, 0, 7, 4, 71872, 0.34027, 0.891374, 0.619731
trial 294, 1, 0, 6, 3, 2, 18114.7, 0.631369, 0.352977, 0.414727
trial 295, 1, 1, 8, 4, 3, 69282.7, 0.780833, 0.446174, 0.317742
trial 296, 1, 0, 8, 7, 7, 76944, 0.907783, 0.914979, 0.926829
trial 297, 1, 0, 4, 1, 5, 54309.3, 0.41846, 0.241274, 0.692281
trial 298, 1, 0, 0, 1, 6, 54890.7, 0.403845, 0.412836, 0.750039
trial 299, 1, 0, 5, 7, 7, 32016, 0.611518, 0.888845, 0.835474
trial 300, 1, 0, 6, 2, 0, 75733.3, 0.607511, 0.34384, 0.140748
trial 301, 1, 0, 6, 0, 5, 22568, 0.633423, 0.172805, 0.920044
trial 302, 1, 1, 4, 2, 2, 27714.7, 0.361331, 0.393657, 0.405679
trial 303, 1, 1, 3, 6, 5, 13501.3, 0.358707, 0.820515, 0.802397
trial 304, 1, 0, 0, 2, 2, 58970.7, 0.219153, 0.400903, 0.424704
trial 305, 1, 1, 0, 1, 7, 1797.33, 0.204692, 0.310757, 0.914598
trial 306, 1, 1, 6, 3, 5, 7056, 0.910126, 0.825002, 0.869873
trial 307, 1, 1, 1, 2, 7, 21301.3, 0.246962, 0.249885, 0.848268
trial 308, 1, 1, 3, 7, 2, 370.667, 0.706948, 0.733619, 0.398549
trial 309, 1, 0, 7, 3, 3, 4645.33, 0.735686, 0.452492, 0.44733
trial 310, 1, 0, 8, 3, 4, 55949.3, 0.599615, 0.38678, 0.787066
trial 311, 1, 1, 7, 1, 8, 46005.3, 0.699916, 0.40604, 0.743219
trial 312, 1, 0, 5, 1, 2, 53202.7, 0.626167, 0.395476, 0.354008
trial 313, 1, 0, 6, 2, 5, 5272, 0.608332, 0.624072, 0.437057
trial 314, 1, 0, 5, 5, 5, 73605.3, 0.414922, 0.675588, 0.621847
trial 315, 1, 0, 8, 6, 3, 66589.3, 0.602292, 0.420693, 0.389288
trial 316, 1, 1, 0, 2, 4, 79125.3, 0.0910112, 0.256281, 0.634427
trial 317, 1, 1, 5, 4, 7, 70880, 0.626432, 0.845938, 0.808802
trial 318, 1, 1, 7, 8, 3, 66298.7, 0.264993, 0.620804, 0.443286
trial 319, 1, 0, 1, 0, 6, 54005.3, 0.150719, 0.292431, 0.747256
trial 320, 1, 0, 1, 3, 1, 43378.7, 0.26269, 0.294615, 0.401087
trial 321, 1, 1, 2, 2, 2, 31264, 0.183547, 0.302238, 0.391741
trial 322, 1, 1, 5, 7, 5, 34856, 0.306731, 0.699709, 0.428401
trial 323, 1, 1, 5, 4, 5, 71613.3, 0.595356, 0.328509, 0.674804
trial 324, 1, 1, 0, 2, 6, 9082.67, 0.0727805, 0.629041, 0.652858
trial 325, 1, 1, 5, 6, 4, 59762.7, 0.663521, 0.643149, 0.394493
trial 326, 1, 1, 6, 7, 4, 2165.33, 0.557388, 0.605739, 0.396453
trial 327, 1, 1, 4, 0, 8, 63834.7, 0.366095, 0.184837, 0.884312
trial 328, 1, 0, 2, 5, 4, 33189.3, 0.135372, 0.324335, 0.467051
trial 329, 1, 0, 4, 4, 1, 47389.3, 0.40435, 0.409518, 0.248358
trial 330, 1, 1, 1, 6, 2, 50248, 0.128179, 0.609385, 0.408877
trial 331, 1, 0, 4, 1, 6, 26416, 0.632016, 0.235704, 0.81845
trial 332, 1, 1, 3, 0, 5, 31712, 0.597433, 0.19581, 0.956056
trial 333, 1, 1, 1, 4, 2, 40744, 0.166569, 0.394126, 0.397102
trial 334, 1, 0, 3, 1, 0, 42824, 0.563804, 0.358274, 0.169867
trial 335, 1, 0, 6, 2, 6, 1373.33, 0.667146, 0.459395, 0.673092
trial 336, 1, 1, 7, 8, 5, 35949.3, 0.808022, 0.901057, 0.800148
trial 337, 1, 1, 3, 4, 5, 33429.3, 0.647012, 0.72592, 0.615084
trial 338, 1, 0, 7, 2, 3, 75906.7, 0.663988, 0.373417, 0.441383
trial 339, 1, 0, 4, 8, 3, 46464, 0.644572, 0.704994, 0.395915
trial 340, 1, 1, 4, 5, 1, 4861.33, 0.688818, 0.63679, 0.351521
trial 341, 1, 1, 4, 7, 7, 3237.33, 0.663688, 0.67217, 0.657302
trial 342, 1, 0, 5, 4, 4, 41890.7, 0.634832, 0.608623, 0.413535
trial 343, 1, 1, 6, 4, 4, 4805.33, 0.643208, 0.409544, 0.637695
trial 344, 1, 1, 7, 8, 6, 76501.3, 0.755165, 0.697578, 0.710164
trial 345, 1, 1, 6, 5, 0, 71586.7, 0.874128, 0.685224, 0.207498
trial 346, 1, 0, 2, 4, 5, 32938.7, 0.4022, 0.409986, 0.678908
trial 347, 1, 0, 1, 0, 5, 48320, 0.207532, 0.33875, 0.725714
trial 348, 1, 0, 1, 0, 7, 31909.3, 0.271572, 0.309584, 0.826892
trial 349, 1, 1, 3, 0, 1, 13600, 0.627082, 0.343154, 0.566684
trial 350, 1, 1, 8, 8, 1, 40586.7, 0.718763, 0.8275, 0.406236
trial 351, 1, 1, 1, 4, 7, 71645.3, 0.341311, 0.811203, 0.869807
trial 352, 1, 0, 4, 1, 4, 79912, 0.587396, 0.649528, 0.591454
trial 353, 1, 0, 2, 0, 0, 71554.7, 0.419375, 0.360447, 0.24936
trial 354, 1, 1, 8, 4, 7, 5850.67, 0.946012, 0.944426, 0.788826
trial 355, 1, 0, 5, 3, 6, 15482.7, 0.645841, 0.704706, 0.582409
trial 356, 1, 1, 8, 3, 8, 17285.3, 0.862177, 0.810059, 0.809553
trial 357, 1, 1, 6, 0, 4, 6117.33, 0.710845, 0.432931, 0.636148
trial 358, 1, 1, 2, 6, 8, 34360, 0.348802, 0.784745, 0.723475
trial 359, 1, 0, 6, 8, 7, 71714.7, 0.718611, 0.83006, 0.825219
trial 360, 1, 0, 4, 6, 1, 77101.3, 0.621628, 0.888754, 0.238862
trial 361, 1, 1, 2, 7, 7, 44360, 0.35455, 0.915526, 0.813621
trial 362, 1, 0, 2, 0, 7, 77346.7, 0.415074, 0.325855, 0.653896
trial 363, 1, 1, 3, 7, 6, 8589.33, 0.387731, 0.794573, 0.678653
trial 364, 1, 1, 5, 3, 3, 20368, 0.626208, 0.415261, 0.657205
trial 365, 1, 1, 6, 8, 1, 51696, 0.835014, 0.822348, 0.228682
trial 366, 1, 1, 0, 7, 2, 44448, 0.127292, 0.935931, 0.245092
trial 367, 1, 0, 5, 2, 0, 17936, 0.600812, 0.344546, 0.249631
trial 368, 1, 1, 5, 0, 3, 42149.3, 0.712204, 0.376772, 0.68485
trial 369, 1, 0, 7, 6, 2, 70098.7, 0.649094, 0.858844, 0.347985
trial 370, 1, 0, 7, 1, 0, 77498.7, 0.671334, 0.286437, 0.06468
trial 371, 1, 1, 1, 6, 6, 69050.7, 0.235853, 0.810188, 0.685168
trial 372, 1, 1, 1, 5, 7, 70741.3, 0.212006, 0.845153, 0.800787
trial 373, 1, 1, 3, 4, 8, 28797.3, 0.412072, 0.40866, 0.674507
trial 374, 1, 1, 8, 8, 4, 14954.7, 0.781369, 0.842392, 0.393129
trial 375, 1, 0, 5, 2, 3, 3888, 0.672113, 0.486983, 0.622787
trial 376, 1, 1, 8, 4, 8, 53250.7, 0.940532, 0.908879, 0.908146
trial 377, 1, 0, 8, 1, 2, 48381.3, 0.601305, 0.449839, 0.64501
trial 378, 1, 1, 0, 6, 4, 52896, 0.192495, 0.762172, 0.565462
trial 379, 1, 1, 7, 0, 7, 39738.7, 0.911932, 0.41796, 0.783149
trial 380, 1, 1, 5, 8, 5, 8917.33, 0.711275, 0.900154, 0.459545
trial 381, 1, 1, 0, 5, 4, 33317.3, 0.211551, 0.41391, 0.596867
trial 382, 1, 1, 1, 7, 8, 54842.7, 0.405591, 0.923559, 0.838326
trial 383, 1, 0, 8, 1, 7, 29040, 0.78991, 0.426992, 0.859
trial 384, 1, 0, 5, 1, 7, 3333.33, 0.765221, 0.376846, 0.837816
trial 385, 1, 1, 1, 6, 1, 48034.7, 0.390569, 0.447087, 0.404256
trial 386, 1, 1, 7, 1, 4, 48973.3, 0.675491, 0.413863, 0.735274
trial 387, 1, 0, 1, 1, 3, 7093.33, 0.340718, 0.393355, 0.59315
trial 388, 1, 1, 5, 6, 5, 304, 0.896505, 0.943678, 0.593199
trial 389, 1, 1, 6, 3, 0, 40917.3, 0.955862, 0.784248, 0.145634
trial 390, 1, 0, 2, 3, 4, 5352, 0.355431, 0.481006, 0.464302
trial 391, 1, 0, 7, 2, 7, 47589.3, 0.596053, 0.382268, 0.831967
trial 392, 1, 0, 1, 3, 3, 19629.3, 0.355473, 0.592436, 0.410051
trial 393, 1, 0, 5, 4, 6, 7352, 0.700182, 0.754075, 0.720636
trial 394, 1, 0, 7, 2, 1, 55946.7, 0.676118, 0.41924, 0.424477
trial 395, 1, 0, 8, 6, 8, 6085.33, 0.934701, 0.828284, 0.825743
trial 396, 1, 1, 1, 4, 8, 68786.7, 0.169094, 0.6902, 0.771827
trial 397, 1, 1, 6, 3, 2, 1333.33, 0.953516, 0.6866, 0.332593
trial 398, 1, 0, 1, 0, 0, 30168, 0.123483, 0.177863, 0.169261
trial 399, 1, 1, 3, 0, 4, 70106.7, 0.356583, 0.305703, 0.621775
trial 400, 1, 1, 7, 5, 1, 30138.7, 0.945585, 0.861039, 0.349649
trial 401, 1, 0, 1, 2, 2, 58357.3, 0.392969, 0.386249, 0.312319
trial 402, 1, 0, 3, 1, 8, 36016, 0.596321, 0.396188, 0.863859
trial 403, 1, 0, 5, 0, 4, 50218.7, 0.696093, 0.398156, 0.750572
trial 404, 1, 1, 6, 0, 5, 20725.3, 0.886003, 0.318805, 0.789305
trial 405, 1, 1, 7, 0, 5, 21557.3, 0.914337, 0.275174, 0.71461
trial 406, 1, 0, 5, 3, 2, 56800, 0.770149, 0.39353, 0.321231
trial 407, 1, 1, 4, 7, 3, 57072, 0.616898, 0.922155, 0.421459
trial 408, 1, 0, 3, 7, 3, 71560, 0.598892, 0.874173, 0.45202
trial 409, 1, 1, 2, 7, 3, 22506.7, 0.394522, 0.933493, 0.439429
trial 410, 1, 0, 2, 4, 2, 3256, 0.44154, 0.576162, 0.426239
trial 411, 1, 0, 4, 0, 7, 63074.7, 0.423601, 0.224956, 0.893623
trial 412, 1, 0, 5, 0, 0, 76376, 0.6554, 0.250403, 0.34662
trial 413, 1, 0, 4, 6, 0, 50005.3, 0.797248, 0.986737, 0.204888
trial 414, 1, 0, 4, 3, 1, 3242.67, 0.630593, 0.463288, 0.337628
trial 415, 1, 1, 6, 7, 2, 74200, 0.9428, 0.893477, 0.244456
trial 416, 1, 0, 1, 6, 5, 45429.3, 0.416962, 0.917887, 0.834149
trial 417, 1, 0, 4, 2, 0, 33173.3, 0.598772, 0.324749, 0.256528
trial 418, 1, 0, 2, 7, 1, 59229.3, 0.420276, 0.315242, 0.351497
trial 419, 1, 0, 6, 3, 1, 36440, 0.785411, 0.398599, 0.277037
trial 420, 1, 1, 6, 3, 3, 71584, 0.951022, 0.705386, 0.3115
trial 421, 1, 0, 1, 1, 4, 75496, 0.434329, 0.420925, 0.786276
trial 422, 1, 0, 5, 1, 3, 40130.7, 0.59409, 0.261526, 0.443267
trial 423, 1, 0, 8, 0, 4, 49773.3, 0.736414, 0.315917, 0.678059
trial 424, 1, 0, 6, 6, 7, 76824, 0.59706, 0.335301, 0.765385
trial 425, 1, 0, 0, 7, 2, 66256, 0.172419, 0.611539, 0.350631
trial 426, 1, 1, 6, 0, 2, 57256, 0.593495, 0.302866, 0.630462
trial 427, 1, 1, 2, 5, 1, 60232, 0.342224, 0.823408, 0.379515
trial 428, 1, 0, 5, 1, 5, 68114.7, 0.700078, 0.414017, 0.774683
trial 429, 1, 0, 4, 7, 1, 31714.7, 0.372751, 0.693438, 0.377719
trial 430, 1, 0, 8, 0, 7, 42421.3, 0.818641, 0.25598, 0.726197
trial 431, 1, 0, 3, 1, 3, 6474.67, 0.316733, 0.309349, 0.626029
trial 432, 1, 0, 7, 0, 2, 51458.7, 0.5, 0.5, 0.5
trial 433, 1, 1, 4, 0, 0, 36176, 0.595035, 0.173244, 0.226755
trial 434, 1, 0, 1, 7, 4, 16728, 0.263603, 0.610568, 0.42108
trial 435, 1, 1, 1, 2, 3, 18557.3, 0.25086, 0.317685, 0.717735
trial 436, 1, 0, 0, 4, 1, 32165.3, 0.375966, 0.610038, 0.436347
trial 437, 1, 0, 2, 1, 5, 49610.7, 0.35454, 0.38001, 0.935142
trial 438, 1, 1, 2, 1, 6, 11373.3, 0.328554, 0.380568, 0.708396
trial 439, 1, 0, 7, 5, 8, 49584, 0.619655, 0.754272, 0.559435
trial 440, 1, 1, 8, 0, 3, 11365.3, 0.714408, 0.442396, 0.426043
trial 441, 1, 1, 1, 3, 1, 36922.7, 0.190878, 0.69836, 0.377216
trial 442, 1, 0, 7, 2, 2, 35368, 0.669264, 0.457981, 0.374469
trial 443, 1, 1, 3, 5, 6, 3845.33, 0.627594, 0.819408, 0.891925
trial 444, 1, 0, 0, 3, 0, 8405.33, 0.377372, 0.718207, 0.227039
trial 445, 1, 1, 0, 5, 0, 2677.33, 0.265807, 0.885495, 0.281718
trial 446, 1, 1, 0, 8, 4, 3144, 0.396321, 0.897407, 0.462281
trial 447, 1, 0, 1, 0, 2, 71421.3, 0.398192, 0.313858, 0.425297
trial 448, 1, 1, 7, 6, 5, 67597.3, 0.766863, 0.708814, 0.729615
trial 449, 1, 0, 1, 4, 8, 41197.3, 0.375282, 0.67222, 0.683917
trial 450, 1, 1, 3, 1, 3, 1493.33, 0.656534, 0.403162, 0.606454
trial 451, 1, 0, 8, 3, 2, 23538.7, 0.759511, 0.649139, 0.326912
trial 452, 1, 0, 5, 6, 4, 46546.7, 0.67751, 0.813471, 0.66579
trial 453, 1, 0, 5, 5, 3, 43698.7, 0.573103, 0.695954, 0.431263
trial 454, 1, 0, 4, 8, 0, 79128, 0.662753, 0.638577, 0.100007
trial 455, 1, 0, 1, 5, 6, 47848, 0.383679, 0.627027, 0.596186
trial 456, 1, 1, 0, 2, 5, 25184, 0.352527, 0.61859, 0.71668
trial 457, 1, 1, 5, 1, 3, 35106.7, 0.677599, 0.419015, 0.408593
trial 458, 1, 0, 3, 2, 4, 1117.33, 0.601341, 0.575495, 0.423556
trial 459, 1, 1, 1, 3, 0, 57826.7, 0.203852, 0.428845, 0.0428016
trial 460, 1, 0, 8, 0, 8, 34525.3, 0.714858, 0.36454, 0.896407
trial 461, 1, 0, 4, 5, 3, 5901.33, 0.619734, 0.673572, 0.602962
trial 462, 1, 0, 8, 8, 4, 4693.33, 0.79084, 0.960146, 0.619057
trial 463, 1, 0, 4, 1, 3, 63573.3, 0.585048, 0.376863, 0.644588
trial 464, 1, 0, 2, 6, 2, 4893.33, 0.333988, 0.772533, 0.422907
trial 465, 1, 1, 0, 5, 6, 4498.67, 0.336733, 0.902848, 0.971224
trial 466, 1, 1, 6, 2, 2, 67946.7, 0.886776, 0.397144, 0.357115
trial 467, 1, 0, 4, 5, 2, 2469.33, 0.446604, 0.932272, 0.410902
trial 468, 1, 1, 0, 3, 6, 74181.3, 0.195963, 0.348414, 0.944912
trial 469, 1, 0, 1, 7, 6, 39488, 0.33179, 0.918688, 0.952218
trial 470, 1, 0, 7, 7, 0, 71885.3, 0.8774, 0.832435, 0.176809
trial 471, 1, 1, 0, 4, 4, 5600, 0.307648, 0.668053, 0.402789
trial 472, 1, 0, 4, 8, 6, 45290.7, 0.766353, 0.898129, 0.872345
trial 473, 1, 1, 8, 2, 6, 27760, 0.961829, 0.394093, 0.870871
trial 474, 1, 1, 1, 2, 6, 63442.7, 0.32355, 0.441363, 0.829836
trial 475, 1, 1, 1, 6, 5, 13738.7, 0.347068, 0.936949, 0.619263
trial 476, 1, 0, 8, 5, 0, 2469.33, 0.957669, 0.923124, 0.0979183
trial 477, 1, 1, 1, 8, 2, 6162.67, 0.320253, 0.92727, 0.395915
trial 478, 1, 1, 3, 4, 6, 2546.67, 0.295708, 0.822176, 0.703259
trial 479, 1, 1, 4, 5, 0, 13914.7, 0.694583, 0.699775, 0.219141
trial 480, 1, 0, 0, 2, 7, 42512, 0.372088, 0.406613, 0.610409
trial 481, 1, 0, 4, 4, 3, 77032, 0.363651, 0.682503, 0.598011
trial 482, 1, 1, 4, 4, 7, 13546.7, 0.886624, 0.858857, 0.817979
trial 483, 1, 1, 0, 8, 8, 24733.3, 0.175568, 0.899515, 0.873019
trial 484, 1, 1, 2, 4, 1, 50040, 0.173476, 0.423172, 0.776214
trial 485, 1, 0, 8, 8, 7, 73992, 0.929621, 0.894531, 0.861908
trial 486, 1, 0, 7, 4, 8, 79685.3, 0.921394, 0.906671, 0.901642
trial 487, 1, 0, 0, 2, 1, 19136, 0.313975, 0.419806, 0.476072
trial 488, 1, 1, 4, 8, 3, 7285.33, 0.63625, 0.869237, 0.392784
trial 489, 1, 1, 7, 8, 1, 41952, 0.908006, 0.767484, 0.373628
trial 490, 1, 0, 5, 4, 7, 13392, 0.396202, 0.739543, 0.587521
trial 491, 1, 0, 3, 6, 4, 23810.7, 0.353349, 0.905194, 0.558733
trial 492, 1, 1, 5, 2, 1, 4573.33, 0.846718, 0.329942, 0.367155
trial 493, 1, 1, 0, 4, 7, 6666.67, 0.0955778, 0.89408, 0.832639
trial 494, 1, 1, 5, 0, 5, 17784, 0.933848, 0.412597, 0.889423
trial 495, 1, 0, 3, 6, 0, 13386.7, 0.317838, 0.875911, 0.241125
trial 496, 1, 1, 8, 4, 0, 78240, 0.648319, 0.413588, 0.214293
trial 497, 1, 1, 2, 5, 6, 41146.7, 0.401381, 0.735697, 0.71032
trial 498, 1, 1, 4, 4, 1, 61024, 0.596355, 0.437651, 0.433822
trial 499, 1, 1, 6, 6, 5, 33210.7, 0.729057, 0.868199, 0.661201
trial 500, 1, 1, 1, 6, 0, 3912, 0.302428, 0.765427, 0.256414
trial 501, 1, 1, 2, 1, 8, 33826.7, 0.30356, 0.355587, 0.914636
trial 502, 1, 1, 8, 1, 7, 48880, 0.835882, 0.433044, 0.912429
trial 503, 1, 1, 6, 5, 7, 3053.33, 0.615126, 0.90698, 0.793796
trial 504, 1, 1, 3, 0, 7, 3498.67, 0.605351, 0.372875, 0.710585
trial 505, 1, 0, 0, 3, 8, 68605.3, 0.322397, 0.710527, 0.658127
trial 506, 1, 0, 7, 5, 2, 40101.3, 0.739622, 0.729528, 0.656966
trial 507, 1, 1, 6, 2, 1, 27229.3, 0.780205, 0.375202, 0.432242
trial 508, 1, 0, 3, 1, 7, 16650.7, 0.396681, 0.446525, 0.807653
trial 509, 1, 1, 7, 7, 3, 26906.7, 0.666965, 0.841651, 0.543665
trial 510, 1, 0, 4, 0, 6, 23306.7, 0.427369, 0.371936, 0.80406
trial 511, 1, 1, 8, 6, 6, 18005.3, 0.790766, 0.859481, 0.66478
trial 512, 1, 1, 8, 5, 4, 17728, 0.823265, 0.711954, 0.611946
trial 513, 1, 1, 0, 3, 1, 39005.3, 0, 0.67758, 0.271544
trial 514, 1, 1, 1, 8, 0, 16242.7, 0.0564978, 0.669143, 0.177885
trial 515, 1, 0, 3, 5, 7, 43149.3, 0.417286, 0.866011, 0.914708
trial 516, 1, 0, 1, 6, 1, 70408, 0.362295, 0.605617, 0.231412
trial 517, 1, 1, 2, 5, 0, 43192, 0.381267, 0.537975, 0.0647479
trial 518, 1, 1, 8, 2, 7, 23677.3, 0.829712, 0.853663, 0.967554
trial 519, 1, 0, 1, 3, 6, 27002.7, 0.123594, 0.806391, 0.599306
trial 520, 1, 1, 4, 3, 4, 73861.3, 0.639112, 0.44292, 0.66318
trial 521, 1, 1, 7, 2, 6, 5896, 0.809418, 0.442771, 0.883679
trial 522, 1, 1, 2, 2, 3, 17336, 0.57457, 0.554724, 0.630373
trial 523, 1, 0, 4, 0, 5, 11781.3, 0.390156, 0.422529, 0.605938
trial 524, 1, 0, 2, 8, 8, 25536, 0.375195, 0.90996, 0.923941
trial 525, 1, 1, 7, 6, 4, 4776, 0.737159, 0.772573, 0.776618
trial 526, 1, 1, 3, 0, 3, 18914.7, 0.415094, 0.14506, 0.642703
trial 527, 1, 1, 4, 3, 2, 38397.3, 0.587822, 0.62655, 0.612976
trial 528, 1, 1, 1, 5, 6, 5002.67, 0.185138, 0.79682, 0.606048
trial 529, 1, 0, 1, 1, 1, 2469.33, 0.13712, 0.297776, 0.325981
trial 530, 1, 1, 0, 6, 3, 8461.33, 0.254073, 0.669317, 0.591346
trial 531, 1, 0, 5, 7, 0, 41546.7, 0.675482, 0.960809, 0.03887
trial 532, 1, 0, 4, 0, 0, 7066.67, 0.67843, 0.270651, 0.379821
trial 533, 1, 0, 7, 8, 0, 24064, 0.751226, 0.940742, 0.299961
trial 534, 1, 1, 3, 6, 2, 9885.33, 0.641583, 0.827074, 0.475966
trial 535, 1, 1, 0, 6, 8, 43416, 0.435044, 0.932979, 0.727364
trial 536, 1, 0, 7, 0, 3, 72474.7, 0.698219, 0.194548, 0.647819
trial 537, 1, 0, 2, 3, 0, 17485.3, 0.410726, 0.704596, 0.22357
trial 538, 1, 0, 1, 6, 2, 33842.7, 0.326663, 0.929529, 0.543747
trial 539, 1, 0, 8, 7, 1, 42850.7, 0.672741, 0.644905, 0.373428
trial 540, 1, 1, 4, 7, 2, 15930.7, 0.61762, 0.936313, 0.427578
trial 541, 1, 0, 3, 2, 5, 59418.7, 0.592347, 0.423241, 0.681714
trial 542, 1, 0, 4, 6, 6, 61874.7, 0.619632, 0.763339, 0.752384
trial 543, 1, 0, 6, 0, 6, 43154.7, 0.594037, 0.311407, 0.735331
trial 544, 1, 1, 0, 1, 6, 31144, 0.170385, 0.368764, 0.690791
trial 545, 1, 0, 2, 4, 7, 62312, 0.57636, 0.881802, 0.80408
trial 546, 1, 1, 0, 8, 5, 30890.7, 0.171735, 0.899602, 0.640661
trial 547, 1, 1, 8, 6, 5, 40560, 0.754825, 0.791655, 0.450013
trial 548, 1, 1, 3, 1, 4, 1698.67, 0.60606, 0.263071, 0.766983
trial 549, 1, 0, 7, 1, 1, 64250.7, 0.620073, 0.350817, 0.371801
trial 550, 1, 1, 5, 1, 5, 4658.67, 0.577779, 0.424339, 0.730931
trial 551, 1, 1, 7, 5, 0, 28173.3, 0.702605, 0.633613, 0.188296
trial 552, 1, 1, 1, 4, 6, 11306.7, 0.125489, 0.807592, 0.774191
trial 553, 1, 0, 3, 1, 1, 11466.7, 0.431609, 0.438462, 0.442908
trial 554, 1, 0, 7, 6, 4, 54192, 0.575065, 0.963173, 0.618757
trial 555, 1, 0, 4, 3, 3, 5834.67, 0.559651, 0.718417, 0.469702
trial 556, 1, 1, 7, 6, 7, 12282.7, 0.762325, 0.963215, 0.861026
trial 557, 1, 1, 7, 5, 6, 413.333, 0.6467, 0.90218, 0.728381
trial 558, 1, 1, 6, 6, 1, 3010.67, 0.75028, 0.93199, 0.3711
trial 559, 1, 0, 8, 1, 4, 55250.7, 0.746707, 0.372582, 0.614252
trial 560, 1, 0, 3, 3, 3, 72098.7, 0.306136, 0.699636, 0.582219
trial 561, 1, 0, 6, 8, 3, 192, 0.663065, 0.880898, 0.414748
trial 562, 1, 0, 2, 0, 6, 58570.7, 0.439715, 0.381461, 0.999856
trial 563, 1, 0, 5, 6, 2, 17605.3, 0.591848, 0.486798, 0.492768
trial 564, 1, 0, 7, 5, 7, 26269.3, 0.69739, 0.894126, 0.922702
trial 565, 1, 1, 1, 0, 3, 63920, 0.120643, 0.365014, 0.442649
trial 566, 1, 0, 2, 7, 3, 709.333, 0.40028, 0.472282, 0.388535
trial 567, 1, 0, 5, 2, 5, 21957.3, 0.592286, 0.451501, 0.502785
trial 568, 1, 0, 2, 7, 0, 73245.3, 0.356565, 0.867325, 0.0514005
trial 569, 1, 0, 7, 0, 1, 35216, 0.70935, 0.30238, 0.403158
trial 570, 1, 1, 3, 8, 4, 12397.3, 0.424777, 0.939126, 0.556334
trial 571, 1, 1, 4, 3, 0, 4154.67, 0.611431, 0.663055, 0.329223
trial 572, 1, 0, 6, 8, 8, 13568, 0.923813, 0.947773, 0.908301
trial 573, 1, 1, 1, 6, 7, 7312, 0.404788, 0.963704, 0.915206
trial 574, 1, 0, 3, 4, 4, 8848, 0.626793, 0.755463, 0.750055
trial 575, 1, 1, 3, 5, 3, 71626.7, 0.587683, 0.808445, 0.737624
trial 576, 1, 1, 8, 0, 8, 56949.3, 0.895167, 0.168596, 0.911326
trial 577, 1, 1, 2, 3, 5, 38285.3, 0.293025, 0.454383, 0.853089
trial 578, 1, 1, 1, 2, 0, 68834.7, 0.294413, 0.416364, 0.307957
trial 579, 1, 0, 5, 1, 8, 43197.3, 0.7572, 0.160893, 0.68761
trial 580, 1, 1, 4, 7, 4, 60477.3, 0.738292, 0.95807, 0.835873
trial 581, 1, 1, 4, 6, 0, 1965.33, 0.644501, 0.848702, 0.30004
trial 582, 1, 1, 7, 8, 8, 67346.7, 0.950677, 0.899124, 0.895252
trial 583, 1, 0, 0, 5, 3, 71269.3, 0.210226, 0.97012, 0.630523
trial 584, 1, 0, 3, 4, 0, 885.333, 0.590284, 0.709035, 0.190879
trial 585, 1, 1, 8, 2, 1, 49389.3, 0.935368, 0.434755, 0.349718
trial 586, 1, 0, 6, 4, 1, 71128, 0.683757, 0.778229, 0.421855
trial 587, 1, 0, 3, 5, 6, 57488, 0.418917, 0.939414, 0.906604
trial 588, 1, 1, 0, 5, 2, 17341.3, 0.0927201, 0.810089, 0.274613
trial 589, 1, 0, 3, 3, 4, 5930.67, 0.434838, 0.422185, 0.666165
trial 590, 1, 1, 8, 2, 3, 76506.7, 0.828742, 0.434178, 0.634513
trial 591, 1, 0, 0, 6, 2, 5093.33, 0.268925, 0.602825, 0.48602
trial 592, 1, 0, 3, 1, 5, 42981.3, 0.397999, 0.174515, 0.770718
trial 593, 1, 0, 3, 7, 8, 72376, 0.57968, 0.869743, 0.856615
trial 594, 1, 0, 7, 7, 6, 7240, 0.660392, 0.90609, 0.872287
trial 595, 1, 0, 0, 8, 8, 12242.7, 0.42141, 0.86083, 0.857611
trial 596, 1, 1, 5, 0, 6, 55098.7, 0.692151, 0.381262, 0.848576
trial 597, 1, 0, 2, 7, 8, 46754.7, 0.421548, 0.91114, 0.875198
trial 598, 1, 0, 1, 5, 3, 41853.3, 0.44722, 0.785953, 0.453475
trial 599, 1, 1, 4, 5, 8, 53794.7, 0.920726, 0.789261, 0.886597
trial 600, 1, 0, 7, 6, 1, 14709.3, 0.807354, 0.871311, 0.371543
trial 601, 1, 1, 7, 0, 6, 7301.33, 0.905223, 0.199444, 0.766521
trial 602, 1, 1, 0, 3, 2, 75480, 0.182165, 0.712724, 0.402273
trial 603, 1, 0, 4, 2, 7, 1365.33, 0.827772, 0.441615, 0.867154
trial 604, 1, 0, 8, 3, 5, 15624, 0.938336, 0.427644, 0.709621
trial 605, 1, 0, 4, 2, 6, 37389.3, 0.682522, 0.652689, 0.86822
trial 606, 1, 0, 1, 2, 7, 70752, 0.311597, 0.441848, 0.840292
trial 607, 1, 1, 3, 1, 5, 64749.3, 0.904134, 0.899464, 0.821753
trial 608, 1, 0, 8, 1, 6, 22778.7, 0.845608, 0.413126, 0.753722
trial 609, 1, 0, 3, 3, 5, 31074.7, 0.431363, 0.816602, 0.76988
trial 610, 1, 1, 0, 4, 8, 35141.3, 0.104689, 0.884002, 0.847853
trial 611, 1, 0, 4, 8, 4, 58122.7, 0.560049, 0.784637, 0.77452
trial 612, 1, 1, 8, 1, 5, 1650.67, 0.918808, 0.421295, 0.874853
trial 613, 1, 1, 7, 3, 1, 1706.67, 0.915243, 0.446062, 0.3704
trial 614, 1, 1, 1, 1, 5, 8181.33, 0.230418, 0.414313, 0.706601
trial 615, 1, 0, 1, 7, 3, 10400, 0.381467, 0.859575, 0.45401
trial 616, 1, 0, 8, 1, 0, 45288, 0.89655, 0.414679, 0.201374
trial 617, 1, 0, 3, 3, 7, 933.333, 0.434664, 0.939024, 0.893606
trial 618, 1, 0, 7, 0, 7, 51045.3, 0.594513, 0.259423, 0.818485
trial 619, 1, 1, 7, 4, 3, 9141.33, 0.921697, 0.575929, 0.567636
trial 620, 1, 0, 2, 7, 2, 72672, 0.231841, 0.832875, 0.398739
trial 621, 1, 1, 5, 1, 2, 19085.3, 0.853597, 0.33982, 0.393861
trial 622, 1, 0, 1, 0, 4, 65325.3, 0.398621, 0.211315, 0.62499
trial 623, 1, 0, 4, 3, 5, 76701.3, 0.586474, 0.611099, 0.850769
trial 624, 1, 0, 0, 4, 3, 52320, 0.437029, 0.729775, 0.44118
trial 625, 1, 1, 4, 8, 6, 5632, 0.903982, 0.758219, 0.745558
trial 626, 1, 1, 5, 2, 8, 71296, 0.918095, 0.723582, 0.790654
trial 627, 1, 1, 1, 4, 4, 60042.7, 0.395877, 0.693149, 0.68469
trial 628, 1, 1, 7, 4, 5, 19578.7, 0.924401, 0.876722, 0.729893
trial 629, 1, 0, 3, 2, 7, 14864, 0.425217, 0.966688, 0.855299
trial 630, 1, 1, 3, 0, 2, 60120, 0.6386, 0.43584, 0.43604
trial 631, 1, 1, 0, 4, 6, 31405.3, 0.364142, 0.815626, 0.823892
trial 632, 1, 0, 2, 5, 6, 36909.3, 0.375263, 0.872061, 0.874904
trial 633, 1, 0, 1, 4, 2, 72189.3, 0.416324, 0.442762, 0.600817
trial 634, 1, 0, 2, 0, 3, 63821.3, 0.407325, 0.305784, 0.659776
trial 635, 1, 0, 8, 7, 8, 54037.3, 0.924133, 0.899983, 0.992314
trial 636, 1, 1, 4, 2, 3, 5602.67, 0.588746, 0.438785, 0.860224
trial 637, 1, 0, 5, 8, 3, 3170.67, 0.916132, 0.919778, 0.842831
trial 638, 1, 1, 1, 0, 4, 30570.7, 0.254903, 0.29767, 0.797408
trial 639, 1, 0, 6, 5, 6, 50042.7, 0.913888, 0.841652, 0.874402
trial 640, 1, 1, 6, 1, 2, 58645.3, 0.894646, 0.839291, 0.570294
trial 641, 1, 0, 2, 2, 7, 1528, 0.592217, 0.386095, 0.828324
trial 642, 1, 1, 5, 4, 3, 35941.3, 0.676437, 0.628737, 0.627121
trial 643, 1, 1, 7, 6, 0, 40322.7, 0.860041, 0.840317, 0.179017
trial 644, 1, 1, 7, 0, 1, 52666.7, 0.728081, 0.264419, 0.399015
trial 645, 1, 1, 7, 1, 2, 39485.3, 0.901523, 0.444614, 0.777994
trial 646, 1, 1, 6, 2, 7, 57922.7, 0.68858, 0.657597, 0.763258
trial 647, 1, 0, 2, 2, 3, 11544, 0.307428, 0.578806, 0.572041
trial 648, 1, 0, 4, 7, 0, 50720, 0.302571, 0.643549, 0.167002
trial 649, 1, 1, 8, 0, 5, 21509.3, 0.756723, 0.36039, 0.776775
trial 650, 1, 1, 1, 1, 0, 39474.7, 0.0923978, 0.598907, 0.214635
trial 651, 1, 0, 0, 8, 3, 4520, 0.142782, 0.913851, 0.57495
trial 652, 1, 0, 5, 7, 8, 19085.3, 0.815056, 0.914687, 0.89656
trial 653, 1, 1, 3, 6, 6, 42066.7, 0.623587, 0.864038, 0.750907
trial 654, 1, 1, 6, 8, 2, 59194.7, 0.81669, 0.914901, 0.61757
trial 655, 1, 0, 7, 5, 4, 2024, 0.717915, 0.651984, 0.577618
trial 656, 1, 1, 6, 1, 1, 32389.3, 0.755598, 0.346751, 0.635295
trial 657, 1, 0, 8, 0, 0, 24578.7, 0.898571, 0.255761, 0.344903
trial 658, 1, 0, 0, 8, 2, 27709.3, 0.331641, 0.817597, 0.578926
trial 659, 1, 1, 7, 3, 4, 72677.3, 0.665529, 0.421358, 0.85415
trial 660, 1, 0, 6, 1, 6, 6362.67, 0.409853, 0.582802, 0.721559
trial 661, 1, 1, 4, 1, 5, 73112, 0.610873, 0.432726, 0.738996
trial 662, 1, 0, 3, 0, 5, 6589.33, 0.274124, 0.30839, 0.66018
trial 663, 1, 0, 2, 5, 7, 31402.7, 0.330113, 0.956057, 0.774122
trial 664, 1, 0, 1, 7, 2, 37445.3, 0.388644, 0.74378, 0.397882
trial 665, 1, 0, 6, 5, 0, 2280, 0.752803, 0.843096, 0.214499
trial 666, 1, 0, 5, 1, 1, 55573.3, 0.65197, 0.444031, 0.825664
trial 667, 1, 1, 3, 5, 5, 71954.7, 0.590026, 0.827135, 0.883024
trial 668, 1, 0, 3, 5, 2, 517.333, 0.360547, 0.410804, 0.604337
trial 669, 1, 0, 2, 8, 1, 54496, 0.336013, 0.830713, 0.405451
trial 670, 1, 1, 7, 2, 2, 15786.7, 0.681151, 0.449004, 0.667359
trial 671, 1, 1, 3, 6, 1, 1912, 0.662965, 0.606159, 0.433294
trial 672, 1, 1, 4, 8, 2, 78872, 0.655869, 0.577018, 0.406026
trial 673, 1, 0, 8, 2, 2, 7365.33, 0.865752, 0.434994, 0.652679
trial 674, 1, 1, 3, 4, 3, 35514.7, 0.398006, 0.44446, 0.630065
trial 675, 1, 0, 7, 0, 8, 42277.3, 0.948886, 0.337268, 0.874178
trial 676, 1, 0, 2, 2, 2, 34082.7, 0.457478, 0.36966, 0.619095
trial 677, 1, 1, 5, 3, 2, 46136, 0.717902, 0.395757, 0.55879
trial 678, 1, 0, 3, 2, 8, 77906.7, 0.567556, 0.372812, 0.729943
trial 679, 1, 1, 7, 4, 0, 9442.67, 0.786493, 0.417319, 0.22506
trial 680, 1, 0, 7, 4, 3, 77093.3, 0.652095, 0.447238, 0.442208
trial 681, 1, 1, 3, 2, 6, 77840, 0.411613, 0.487916, 0.883594
trial 682, 1, 0, 0, 3, 2, 77165.3, 0.302928, 0.744357, 0.545491
trial 683, 1, 0, 7, 7, 1, 70960, 0.588736, 0.87088, 0.605269
trial 684, 1, 0, 8, 3, 3, 5877.33, 0.733204, 0.471879, 0.762613
trial 685, 1, 1, 7, 1, 7, 77037.3, 0.912614, 0.364538, 0.873969
trial 686, 1, 0, 0, 7, 1, 24221.3, 0.283582, 0.838482, 0.367918
trial 687, 1, 1, 6, 1, 8, 56493.3, 0.599287, 0.235493, 0.887237
trial 688, 1, 1, 8, 4, 5, 61272, 0.85742, 0.589606, 0.540731
trial 689, 1, 0, 3, 5, 3, 1136, 0.348238, 0.683671, 0.459089
trial 690, 1, 1, 2, 1, 2, 47210.7, 0.302414, 0.28959, 0.582004
trial 691, 1, 1, 7, 6, 3, 77333.3, 0.754056, 0.794724, 0.446615
trial 692, 1, 0, 7, 7, 7, 58845.3, 0.621875, 0.857855, 0.651775
trial 693, 1, 1, 8, 8, 7, 32104, 0.932288, 0.934999, 0.957139
trial 694, 1, 1, 5, 8, 3, 30770.7, 0.756623, 0.917641, 0.672032
trial 695, 1, 1, 0, 2, 2, 53661.3, 0.285084, 0.37813, 0.612393
trial 696, 1, 0, 2, 5, 1, 23794.7, 0.265623, 0.422246, 0.551608
trial 697, 1, 1, 3, 3, 1, 78829.3, 0.58245, 0.467199, 0.445977
trial 698, 1, 1, 2, 7, 8, 7384, 0.392946, 0.825209, 0.762135
trial 699, 1, 1, 0, 3, 0, 16312, 0.0437881, 0.382705, 0.426473
trial 700, 1, 0, 8, 1, 5, 19618.7, 0.946409, 0.415234, 0.84304
trial 701, 1, 1, 6, 4, 0, 62685.3, 0.733491, 0.816269, 0.141688
trial 702, 1, 1, 4, 2, 1, 53466.7, 0.362272, 0.591053, 0.389806
trial 703, 1, 1, 8, 4, 6, 2389.33, 0.793978, 0.738788, 0.784436
trial 704, 1, 0, 4, 8, 8, 30784, 0.689283, 0.939956, 0.860307
trial 705, 1, 1, 8, 2, 5, 28810.7, 0.804285, 0.440118, 0.674642
trial 706, 1, 1, 6, 6, 3, 65632, 0.71386, 0.938249, 0.587026
trial 707, 1, 0, 0, 1, 1, 6522.67, 0.26922, 0.358516, 0.574716
trial 708, 1, 0, 1, 2, 0, 77840, 0.177252, 0.438367, 0.373698
trial 709, 1, 1, 2, 0, 4, 69394.7, 0.424144, 0.300183, 0.834162
trial 710, 1, 0, 8, 0, 3, 66802.7, 0.847151, 0.339992, 0.775015
trial 711, 1, 0, 8, 7, 6, 77826.7, 0.687685, 0.891188, 0.866613
trial 712, 1, 0, 3, 6, 6, 57037.3, 0.376887, 0.812031, 0.88166
trial 713, 1, 0, 2, 8, 5, 6285.33, 0.319798, 0.868215, 0.829839
trial 714, 1, 0, 5, 8, 6, 69498.7, 0.612819, 0.865026, 0.853142
trial 715, 1, 1, 2, 6, 5, 64672, 0.223587, 0.747, 0.775927
trial 716, 1, 1, 2, 0, 7, 27760, 0.376684, 0.266495, 0.776788
trial 717, 1, 0, 6, 3, 6, 76472, 0.645817, 0.643551, 0.762438
trial 718, 1, 1, 8, 6, 7, 1768, 0.731722, 0.915004, 0.849626
trial 719, 1, 0, 8, 2, 5, 49784, 0.686742, 0.397644, 0.780395
trial 720, 1, 0, 7, 5, 6, 27528, 0.834574, 0.817416, 0.79481
trial 721, 1, 1, 7, 8, 0, 78789.3, 0.58837, 0.856104, 0.121441
trial 722, 1, 0, 7, 0, 6, 23040, 0.752929, 0.204221, 0.794514
trial 723, 1, 0, 8, 7, 2, 1693.33, 0.712426, 0.795871, 0.438461
trial 724, 1, 0, 5, 8, 0, 36013.3, 0.640398, 0.889267, 0.205604
trial 725, 1, 1, 0, 7, 3, 5288, 0.0590174, 0.810882, 0.558993
trial 726, 1, 0, 6, 1, 1, 20522.7, 0.725026, 0.27607, 0.561013
trial 727, 1, 0, 0, 1, 0, 5973.33, 0.350661, 0.390972, 0.398005
trial 728, 1, 0, 6, 5, 2, 62808, 0.570143, 0.738497, 0.530273
trial 729, 1, 0, 2, 7, 6, 17234.7, 0.100419, 0.925072, 0.91138
trial 730, 1, 1, 4, 0, 4, 44941.3, 0.323512, 0.38088, 0.784712
trial 731, 1, 0, 2, 2, 1, 59504, 0.428216, 0.662637, 0.447242
trial 732, 1, 1, 1, 0, 0, 52125.3, 0.0567369, 0.20315, 0.258734
trial 733, 1, 0, 1, 8, 3, 65688, 0.382037, 0.935069, 0.540668
trial 734, 1, 1, 7, 1, 1, 59840, 0.635347, 0.387958, 0.823144
trial 735, 1, 0, 1, 5, 0, 67504, 0.37277, 0.786086, 0.108943
trial 736, 1, 1, 0, 3, 3, 34933.3, 0.175553, 0.572335, 0.573646
trial 737, 1, 0, 0, 0, 3, 1632, 0.320404, 0.288658, 0.561003
trial 738, 1, 1, 3, 3, 2, 2010.67, 0.362651, 0.452116, 0.35938
trial 739, 1, 1, 5, 7, 8, 79792, 0.73801, 0.986419, 0.898236
trial 740, 1, 1, 1, 8, 4, 12773.3, 0.39575, 0.882353, 0.894283
trial 741, 1, 0, 8, 4, 1, 6525.33, 0.705824, 0.583871, 0.561467
trial 742, 1, 0, 8, 2, 7, 33256, 0.933211, 0.881401, 0.945809
trial 743, 1, 0, 6, 7, 4, 75397.3, 0.692392, 0.87415, 0.82448
trial 744, 1, 1, 7, 6, 1, 9752, 0.645067, 0.742594, 0.356047
trial 745, 1, 1, 0, 3, 5, 17445.3, 0.134168, 0.390997, 0.657918
trial 746, 1, 0, 1, 3, 4, 58149.3, 0.229727, 0.663881, 0.850826
trial 747, 1, 1, 8, 7, 3, 41733.3, 0.801738, 0.862841, 0.760447
trial 748, 1, 0, 5, 7, 1, 75240, 0.775974, 0.59041, 0.299596
trial 749, 1, 1, 2, 0, 2, 48589.3, 0.226978, 0.277272, 0.563933
trial 750, 1, 1, 6, 7, 0, 78933.3, 0.777201, 0.786021, 0.151098
trial 751, 1, 0, 2, 4, 8, 32797.3, 0.182613, 0.869806, 0.872708
trial 752, 1, 1, 2, 3, 7, 49752, 0.359824, 0.430728, 0.84938
trial 753, 1, 1, 5, 2, 2, 6357.33, 0.820481, 0.467, 0.72142
trial 754, 1, 0, 6, 2, 1, 59890.7, 0.767287, 0.42888, 0.388414
trial 755, 1, 1, 8, 7, 0, 26096, 0.840235, 0.792316, 0.183227
trial 756, 1, 1, 5, 8, 1, 5941.33, 0.827209, 0.787576, 0.253244
trial 757, 1, 1, 5, 8, 7, 44256, 0.862769, 0.946964, 0.936803
trial 758, 1, 1, 0, 1, 0, 51237.3, 0.0615682, 0.208259, 0.274448
trial 759, 1, 0, 6, 7, 3, 77589.3, 0.612679, 0.427839, 0.456319
trial 760, 1, 1, 2, 8, 5, 69642.7, 0.443958, 0.759012, 0.655441
trial 761, 1, 0, 2, 3, 3, 29077.3, 0.337287, 0.422756, 0.579483
trial 762, 1, 0, 3, 0, 3, 48322.7, 0.585736, 0.472258, 0.681554
trial 763, 1, 1, 8, 8, 8, 22621.3, 0.812818, 0.94071, 0.712409
trial 764, 1, 1, 4, 1, 8, 37389.3, 0.597617, 0.330562, 0.661376
trial 765, 1, 1, 3, 8, 7, 66818.7, 0.442572, 0.819083, 0.747337
trial 766, 1, 0, 5, 7, 4, 78578.7, 0.560748, 0.728146, 0.607858
trial 767, 1, 0, 0, 4, 7, 1160, 0.297651, 0.434231, 0.679922
trial 768, 1, 0, 4, 4, 4, 58170.7, 0.440713, 0.48039, 0.549595
trial 769, 1, 1, 6, 6, 4, 62168, 0.542007, 0.918218, 0.474855
trial 770, 1, 0, 4, 3, 7, 19696, 0.423501, 0.379649, 0.809515
trial 771, 1, 1, 8, 5, 6, 64762.7, 0.809437, 0.944999, 0.943448
trial 772, 1, 1, 7, 5, 8, 78517.3, 0.836322, 0.94896, 0.772064
trial 773, 1, 1, 1, 2, 2, 54762.7, 0.132985, 0.455753, 0.447921
trial 774, 1, 1, 6, 6, 2, 1888, 0.59936, 0.854252, 0.38057
trial 775, 1, 1, 8, 5, 3, 39832, 0.579761, 0.780471, 0.402858
trial 776, 1, 0, 0, 5, 5, 28658.7, 0.189369, 0.801809, 0.606375
trial 777, 1, 0, 1, 8, 2, 23149.3, 0.3997, 0.729902, 0.379671
trial 778, 1, 0, 1, 5, 5, 6576, 0.316337, 0.565296, 0.590381
trial 779, 1, 1, 5, 6, 1, 194.667, 0.550205, 0.698755, 0.402241
trial 780, 1, 0, 0, 6, 7, 31576, 0.241471, 0.78623, 0.752916
trial 781, 1, 1, 6, 0, 8, 33464, 0.631384, 0.414755, 0.899476
trial 782, 1, 1, 1, 1, 4, 6192, 0.250491, 0.321505, 0.683828
trial 783, 1, 0, 7, 3, 7, 75634.7, 0.661897, 0.880226, 0.759924
trial 784, 1, 1, 3, 8, 2, 43616, 0.404548, 0.787345, 0.313258
trial 785, 1, 0, 8, 5, 5, 53904, 0.815669, 0.810163, 0.908988
trial 786, 1, 0, 6, 5, 5, 304, 0.868241, 0.931605, 0.866792
trial 787, 1, 0, 7, 8, 2, 34882.7, 0.608565, 0.827953, 0.354638
trial 788, 1, 0, 8, 3, 6, 12949.3, 0.587897, 0.599749, 0.886638
trial 789, 1, 0, 1, 3, 5, 56552, 0.272516, 0.760171, 0.681355
trial 790, 1, 1, 4, 2, 6, 47184, 0.565684, 0.849271, 0.808783
trial 791, 1, 0, 1, 2, 5, 2.66667, 0.14799, 0.351702, 0.732813
trial 792, 1, 1, 4, 5, 3, 1592, 0.566009, 0.704098, 0.701956
trial 793, 1, 0, 7, 2, 4, 5245.33, 0.664295, 0.434591, 0.688852
trial 794, 1, 1, 2, 2, 8, 30848, 0.0940207, 0.578882, 0.911612
trial 795, 1, 0, 7, 8, 5, 40250.7, 0.921677, 0.92391, 0.571419
trial 796, 1, 0, 6, 1, 0, 41888, 0.648563, 0.305532, 0.178028
trial 797, 1, 0, 3, 6, 8, 74125.3, 0.580995, 0.893153, 0.90434
trial 798, 1, 0, 8, 7, 0, 2018.67, 0.925773, 0.732991, 0.0600463
trial 799, 1, 0, 3, 4, 3, 32509.3, 0.376245, 0.642306, 0.43522
trial 800, 1, 0, 6, 2, 8, 20474.7, 0.752149, 0.433086, 0.863484
trial 801, 1, 0, 6, 5, 3, 19418.7, 0.550301, 0.80322, 0.406638
trial 802, 1, 1, 4, 0, 1, 20437.3, 0.440243, 0.222831, 0.467948
trial 803, 1, 0, 6, 0, 4, 54309.3, 0.763154, 0.415678, 0.674677
trial 804, 1, 1, 6, 0, 0, 7101.33, 0.629811, 0.356652, 0.290214
trial 805, 1, 1, 1, 7, 7, 23605.3, 0.125439, 0.933637, 0.762682
trial 806, 1, 1, 0, 7, 1, 48298.7, 0.297097, 0.863049, 0.443488
trial 807, 1, 1, 3, 3, 0, 61688, 0.399385, 0.430094, 0.355718
trial 808, 1, 0, 2, 4, 3, 2824, 0.438653, 0.68086, 0.416353
trial 809, 1, 0, 8, 8, 1, 2357.33, 0.901286, 0.808721, 0.45046
trial 810, 1, 1, 5, 4, 6, 55394.7, 0.717854, 0.622966, 0.750953
trial 811, 1, 1, 0, 6, 0, 57528, 0.110481, 0.786307, 0.202564
trial 812, 1, 0, 4, 7, 2, 63218.7, 0.605831, 0.846441, 0.465419
trial 813, 1, 1, 0, 5, 3, 1546.67, 0.280981, 0.6923, 0.450026
trial 814, 1, 0, 7, 7, 4, 37349.3, 0.71987, 0.858233, 0.591717
trial 815, 1, 1, 6, 8, 0, 43538.7, 0.673944, 0.759098, 0.139496
trial 816, 1, 1, 3, 2, 2, 45880, 0.42321, 0.398329, 0.44485
trial 817, 1, 1, 7, 0, 3, 6536, 0.844622, 0.280804, 0.684768
trial 818, 1, 0, 4, 7, 7, 11352, 0.68246, 0.877409, 0.736428
trial 819, 1, 1, 3, 7, 7, 63010.7, 0.416658, 0.776763, 0.732603
trial 820, 1, 1, 7, 8, 4, 59229.3, 0.912328, 0.830629, 0.561075
trial 821, 1, 1, 8, 3, 5, 7973.33, 0.906214, 0.586887, 0.690229
trial 822, 1, 1, 8, 0, 1, 74906.7, 0.883057, 0.288793, 0.391605
trial 823, 1, 1, 7, 6, 6, 42197.3, 0.824739, 0.805157, 0.603451
trial 824, 1, 1, 7, 7, 8, 5266.67, 0.848129, 0.911675, 0.781317
trial 825, 1, 1, 8, 7, 7, 36512, 0.867527, 0.896143, 0.882545
trial 826, 1, 0, 5, 3, 3, 55024, 0.356521, 0.724321, 0.580045
trial 827, 1, 0, 4, 4, 8, 17013.3, 0.468535, 0.854078, 0.790545
trial 828, 1, 0, 0, 6, 4, 17162.7, 0.306362, 0.929669, 0.598666
trial 829, 1, 1, 7, 2, 3, 68685.3, 0.741577, 0.444779, 0.61518
trial 830, 1, 0, 0, 4, 4, 46730.7, 0, 0.631773, 0.59745
trial 831, 1, 0, 0, 3, 3, 54754.7, 0.276225, 0.474578, 0.635133
trial 832, 1, 1, 4, 0, 7, 50434.7, 0.563193, 0.434994, 0.886166
trial 833, 1, 0, 7, 3, 8, 16440, 0.803572, 0.760523, 0.851048
trial 834, 1, 1, 4, 8, 8, 4608, 0.46131, 0.890279, 0.641509
trial 835, 1, 1, 7, 3, 7, 51653.3, 0.857916, 0.800987, 0.774477
trial 836, 1, 0, 1, 6, 8, 10624, 0.181807, 0.903328, 0.791818
trial 837, 1, 0, 2, 2, 0, 76106.7, 0.363407, 0.419484, 0.298425
trial 838, 1, 1, 6, 6, 0, 15021.3, 0.781839, 0.780004, 0.210194
trial 839, 1, 1, 2, 4, 5, 35536, 0.432085, 0.901268, 0.580329
trial 840, 1, 0, 8, 3, 8, 10256, 0.642002, 0.446423, 0.863304
trial 841, 1, 1, 4, 1, 2, 42613.3, 0.620588, 0.404166, 0.58683
trial 842, 1, 1, 1, 2, 4, 36952, 0.170236, 0.920185, 0.548225
trial 843, 1, 0, 8, 6, 5, 16989.3, 0.899147, 0.865329, 0.601925
trial 844, 1, 1, 7, 5, 4, 16117.3, 0.61631, 0.907186, 0.607222
trial 845, 1, 1, 4, 1, 0, 12658.7, 0.601282, 0.373034, 0.277876
trial 846, 1, 0, 0, 3, 7, 3330.67, 0.268513, 0.684173, 0.944235
trial 847, 1, 0, 2, 3, 5, 1848, 0.268961, 0.835492, 0.616006
trial 848, 1, 0, 3, 5, 5, 20077.3, 0.585206, 0.783381, 0.680979
trial 849, 1, 0, 5, 5, 0, 7805.33, 0.609929, 0.466115, 0.09887
trial 850, 1, 0, 8, 2, 8, 51696, 0.930343, 0.931855, 0.952594
trial 851, 1, 0, 6, 6, 4, 429.333, 0.774046, 0.936221, 0.713507
trial 852, 1, 1, 2, 2, 6, 19922.7, 0.301167, 0.380506, 0.893548
trial 853, 1, 1, 6, 1, 7, 61328, 0.846473, 0.3183, 0.842023
trial 854, 1, 1, 1, 7, 3, 33925.3, 0.162254, 0.70267, 0.442054
trial 855, 1, 0, 1, 1, 6, 8362.67, 0.188146, 0.367259, 0.909203
trial 856, 1, 1, 5, 4, 4, 47581.3, 0.584633, 0.719465, 0.676464
trial 857, 1, 0, 3, 3, 2, 10205.3, 0.487249, 0.813277, 0.597286
trial 858, 1, 1, 7, 4, 8, 41098.7, 0.819188, 0.946424, 0.960141
trial 859, 1, 1, 8, 1, 8, 55600, 0.926347, 0.356256, 0.852108
trial 860, 1, 0, 1, 7, 0, 11674.7, 0.27533, 0.803744, 0.146929
trial 861, 1, 1, 1, 8, 8, 65149.3, 0.140742, 0.933916, 0.805355
trial 862, 1, 1, 0, 0, 0, 37386.7, 0.101232, 0.342175, 0.264867
trial 863, 1, 1, 2, 2, 5, 56405.3, 0.228639, 0.316989, 0.820651
trial 864, 1, 1, 1, 7, 2, 49802.7, 0.172458, 0.899982, 0.588161
trial 865, 1, 0, 1, 5, 8, 56776, 0.47808, 0.884499, 1
trial 866, 1, 1, 1, 5, 4, 8949.33, 0.356738, 0.837752, 0.560134
trial 867, 1, 1, 3, 6, 7, 72370.7, 0.594834, 0.796508, 0.977623
trial 868, 1, 1, 1, 5, 5, 17397.3, 0.142135, 0.844214, 0.815828
trial 869, 1, 1, 0, 0, 4, 66506.7, 0.166017, 0.282585, 0.718382
trial 870, 1, 0, 6, 3, 7, 75829.3, 0.810101, 0.929007, 0.920687
trial 871, 1, 0, 1, 8, 7, 8765.33, 0.571021, 0.624151, 0.933131
trial 872, 1, 1, 2, 8, 2, 20280, 0.416247, 0.813102, 0.335477
trial 873, 1, 0, 7, 1, 7, 3949.33, 0.905439, 0.33728, 0.933298
trial 874, 1, 1, 0, 8, 0, 58520, 0.121473, 0.905949, 0.0639426
trial 875, 1, 0, 8, 6, 7, 11440, 0.91519, 0.787123, 0.950972
trial 876, 1, 0, 1, 5, 1, 15144, 0.173733, 0.835194, 0.405611
trial 877, 1, 1, 4, 2, 0, 65104, 0.737025, 0.388914, 0.28375
trial 878, 1, 0, 5, 4, 2, 62186.7, 0.641335, 0.654354, 0.402688
trial 879, 1, 0, 0, 3, 5, 1664, 0.132973, 0.464609, 0.840168
trial 880, 1, 0, 0, 5, 4, 2832, 0.121572, 0.70319, 0.642967
trial 881, 1, 0, 3, 3, 0, 27005.3, 0.598628, 0.447752, 0.243706
trial 882, 1, 1, 3, 4, 2, 45938.7, 0.36091, 0.582218, 0.447565
trial 883, 1, 1, 1, 1, 1, 26808, 0.351586, 0.379884, 0.508766
trial 884, 1, 0, 6, 5, 4, 11544, 0.735978, 0.889222, 0.586232
trial 885, 1, 0, 7, 3, 2, 36162.7, 0.81026, 0.647132, 0.563675
trial 886, 1, 0, 0, 3, 1, 637.333, 0.427019, 0.450455, 0.409921
trial 887, 1, 0, 1, 0, 8, 33304, 0.112781, 0.443263, 0.937701
trial 888, 1, 1, 5, 8, 0, 23234.7, 0.614999, 0.942508, 0.239136
trial 889, 1, 0, 8, 1, 8, 66240, 0.702308, 0.328777, 0.965743
trial 890, 1, 1, 0, 5, 7, 44168, 0.112683, 0.894312, 0.931746
trial 891, 1, 0, 3, 7, 2, 25442.7, 0.663253, 0.746442, 0.537775
trial 892, 1, 1, 6, 1, 6, 61058.7, 0.84534, 0.352832, 0.830635
trial 893, 1, 1, 5, 0, 1, 75728, 0.636954, 0.141244, 0.54356
trial 894, 1, 0, 0, 8, 6, 22618.7, 0.211285, 0.908773, 0.555498
trial 895, 1, 1, 5, 0, 7, 3856, 0.611663, 0.30124, 0.67586
trial 896, 1, 0, 1, 8, 6, 78141.3, 0.35897, 0.932331, 0.742187
trial 897, 1, 0, 2, 2, 4, 52504, 0.472932, 0.685255, 0.635565
trial 898, 1, 0, 4, 7, 8, 58186.7, 0.627839, 0.904567, 0.698447
trial 899, 1, 0, 2, 5, 8, 29098.7, 0.534309, 0.757442, 0.927839
trial 900, 1, 0, 6, 2, 7, 28685.3, 0.748043, 0.394218, 0.880033
trial 901, 1, 0, 0, 8, 7, 36650.7, 0.363656, 0.908166, 0.725402
trial 902, 1, 0, 1, 4, 4, 63250.7, 0.432623, 0.439806, 0.560396
trial 903, 1, 0, 2, 8, 4, 14925.3, 0.347274, 0.570447, 0.449746
trial 904, 1, 0, 4, 5, 1, 63624, 0.614289, 0.606592, 0.36293
trial 905, 1, 1, 2, 4, 0, 6160, 0.323131, 0.47079, 0.270372
trial 906, 1, 0, 8, 8, 2, 20610.7, 0.714524, 0.635105, 0.38731
trial 907, 1, 0, 7, 5, 3, 32744, 0.778227, 0.671323, 0.418158
trial 908, 1, 1, 5, 2, 3, 46898.7, 0.577995, 0.407077, 0.555627
trial 909, 1, 0, 2, 1, 8, 3306.67, 0.388844, 0.369066, 0.769088
trial 910, 1, 0, 5, 8, 5, 2280, 0.641297, 0.761577, 0.704511
trial 911, 1, 1, 7, 5, 7, 53981.3, 0.721374, 0.636146, 0.870027
trial 912, 1, 1, 4, 8, 7, 272, 0.654465, 0.722638, 0.765557
trial 913, 1, 0, 3, 0, 2, 55352, 0.349833, 0.177304, 0.580284
trial 914, 1, 0, 5, 2, 8, 4290.67, 0.608586, 0.600431, 0.87734
trial 915, 1, 1, 6, 5, 1, 25477.3, 0.728167, 0.726122, 0.427595
trial 916, 1, 0, 0, 4, 2, 317.333, 0.313635, 0.624562, 0.447257
trial 917, 1, 1, 2, 7, 6, 16949.3, 0.28178, 0.642749, 0.64654
trial 918, 1, 1, 3, 1, 8, 67440, 0.578598, 0.304741, 0.692398
trial 919, 1, 0, 7, 5, 1, 72618.7, 0.697742, 0.702431, 0.357192
trial 920, 1, 1, 7, 2, 0, 18546.7, 0.72594, 0.438091, 0.199031
trial 921, 1, 1, 5, 5, 2, 74600, 0.610445, 0.884385, 0.423171
trial 922, 1, 1, 0, 6, 5, 37458.7, 0.189342, 0.635792, 0.657206
trial 923, 1, 1, 7, 6, 2, 17696, 0.753837, 0.81025, 0.552943
trial 924, 1, 0, 4, 0, 4, 25224, 0.594423, 0.278449, 0.779095
trial 925, 1, 0, 2, 2, 5, 36738.7, 0.424838, 0.387774, 0.760718
trial 926, 1, 1, 3, 4, 4, 77701.3, 0.553552, 0.620069, 0.649542
trial 927, 1, 0, 6, 4, 7, 7384, 0.645578, 0.72472, 0.69697
trial 928, 1, 0, 0, 5, 8, 77688, 0.374781, 0.928358, 0.921756
trial 929, 1, 0, 2, 1, 4, 3898.67, 0.318577, 0.415049, 0.677462
trial 930, 1, 0, 7, 2, 8, 57600, 0.827173, 0.626145, 0.905817
trial 931, 1, 0, 7, 7, 2, 67354.7, 0.769845, 0.88351, 0.441875
trial 932, 1, 1, 5, 1, 0, 28986.7, 0.579428, 0.57278, 0.253587
trial 933, 1, 1, 4, 4, 8, 65432, 0.575946, 0.877679, 0.757396
trial 934, 1, 0, 6, 6, 3, 37610.7, 0.594444, 0.458032, 0.554545
trial 935, 1, 0, 8, 4, 3, 34429.3, 0.616649, 0.46178, 0.472197
trial 936, 1, 1, 6, 2, 6, 39909.3, 0.544602, 0.372175, 0.619654
trial 937, 1, 0, 2, 8, 2, 74149.3, 0.302069, 0.623993, 0.415527
trial 938, 1, 1, 3, 7, 4, 33256, 0.459484, 0.660944, 0.595629
trial 939, 1, 1, 7, 7, 5, 41752, 0.637041, 0.744406, 0.760758
trial 940, 1, 1, 0, 4, 1, 42461.3, 0.122568, 0.646644, 0.445116
trial 941, 1, 1, 5, 1, 6, 40181.3, 0.666061, 0.350346, 0.592419
trial 942, 1, 1, 0, 0, 7, 44872, 0.183035, 0.269578, 0.689271
trial 943, 1, 1, 1, 6, 8, 1405.33, 0.231895, 0.75532, 0.806768
trial 944, 1, 1, 0, 5, 8, 4810.67, 0.0825333, 0.888314, 0.79801
trial 945, 1, 1, 3, 7, 3, 1645.33, 0.402617, 0.716059, 0.602903
trial 946, 1, 1, 5, 5, 0, 51290.7, 0.501171, 0.616152, 0.429819
trial 947, 1, 1, 0, 2, 3, 34669.3, 0.136698, 0.445446, 0.45897
trial 948, 1, 1, 0, 4, 0, 2842.67, 0.0795531, 0.552218, 0.261769
trial 949, 1, 0, 6, 3, 5, 28216, 0.732738, 0.720608, 0.784235
trial 950, 1, 0, 0, 5, 7, 45042.7, 0.313578, 0.858637, 0.958557
trial 951, 1, 0, 3, 1, 4, 42240, 0.58517, 0.433183, 0.487027
trial 952, 1, 0, 3, 8, 5, 40485.3, 0.426049, 0.767988, 0.601866
trial 953, 1, 1, 1, 8, 1, 44768, 0.0496734, 0.778176, 0.368426
trial 954, 1, 0, 5, 0, 5, 74082.7, 0.915963, 0.115169, 0.918372
trial 955, 1, 0, 3, 0, 8, 5365.33, 0.410673, 0.10828, 0.922383
trial 956, 1, 0, 1, 4, 3, 19178.7, 0.300033, 0.492407, 0.54526
trial 957, 1, 0, 0, 5, 1, 4714.67, 0.206788, 0.601652, 0.41098
trial 958, 1, 1, 3, 4, 0, 75850.7, 0.392948, 0.598845, 0.0151053
trial 959, 1, 0, 8, 8, 6, 27752, 0.897837, 0.861099, 0.895834
trial 960, 1, 0, 5, 2, 7, 35720, 0.600898, 0.34748, 0.607626
trial 961, 1, 0, 2, 4, 1, 7093.33, 0.398426, 0.63036, 0.265576
trial 962, 1, 1, 2, 5, 3, 2866.67, 0.110143, 0.837918, 0.535755
trial 963, 1, 0, 6, 3, 4, 68386.7, 0.595136, 0.393885, 0.683594
trial 964, 1, 0, 1, 1, 5, 70277.3, 0.36584, 0.402024, 0.686419
trial 965, 1, 1, 7, 4, 6, 69760, 0.705733, 0.669127, 0.701246
trial 966, 1, 1, 4, 6, 5, 58368, 0.402517, 0.830122, 0.589279
trial 967, 1, 1, 8, 2, 2, 16706.7, 0.677379, 0.430622, 0.415677
trial 968, 1, 1, 2, 0, 1, 2594.67, 0.185914, 0.272705, 0.407357
trial 969, 1, 0, 7, 0, 4, 26189.3, 0.686365, 0.190649, 0.713895
trial 970, 1, 1, 2, 2, 0, 59330.7, 0.195751, 0.407594, 0.16876
trial 971, 1, 1, 2, 7, 0, 70997.3, 0.406118, 0.781674, 0.317418
trial 972, 1, 1, 6, 0, 3, 59157.3, 0.72787, 0.374922, 0.633126
trial 973, 1, 1, 6, 2, 0, 27240, 0.638109, 0.499202, 0.182096
trial 974, 1, 0, 7, 4, 4, 24656, 0.700906, 0.400558, 0.610568
trial 975, 1, 0, 8, 4, 8, 24810.7, 0.878838, 0.859508, 0.848704
trial 976, 1, 0, 4, 2, 5, 22125.3, 0.7942, 0.751824, 0.774629
trial 977, 1, 1, 1, 3, 5, 27330.7, 0.18405, 0.731795, 0.893999
trial 978, 1, 1, 0, 4, 2, 14424, 0.150096, 0.47981, 0.482511
trial 979, 1, 1, 3, 7, 8, 40933.3, 0.588154, 0.948604, 0.963618
trial 980, 1, 1, 8, 7, 8, 54413.3, 0.928758, 0.954543, 0.955308
trial 981, 1, 0, 5, 5, 6, 14621.3, 0.604657, 0.885147, 0.890461
trial 982, 1, 1, 8, 1, 6, 17608, 0.890182, 0.304373, 0.945274
trial 983, 1, 0, 5, 6, 1, 71298.7, 0.753091, 0.940298, 0.407967
trial 984, 1, 0, 7, 1, 2, 29520, 0.830175, 0.445968, 0.410541
trial 985, 1, 1, 4, 5, 7, 15272, 0.630626, 0.960981, 0.93482
trial 986, 1, 1, 0, 0, 6, 67088, 0.055899, 0.316645, 0.941244
trial 987, 1, 0, 6, 5, 1, 40664, 0.745537, 0.961301, 0.429956
trial 988, 1, 0, 7, 3, 5, 6685.33, 0.718537, 0.73507, 0.644738
trial 989, 1, 1, 2, 4, 6, 69824, 0.432623, 0.80856, 0.757228
trial 990, 1, 0, 3, 8, 2, 30480, 0.309016, 0.93308, 0.359826
trial 991, 1, 1, 4, 4, 0, 6138.67, 0.302472, 0.583347, 0.100105
trial 992, 1, 0, 6, 7, 1, 71320, 0.731894, 0.914966, 0.422248
trial 993, 1, 1, 0, 6, 7, 17346.7, 0.119408, 0.837961, 0.828906
trial 994, 1, 0, 0, 1, 8, 78410.7, 0.111877, 0.436999, 0.967574
trial 995, 1, 0, 0, 1, 7, 20208, 0.166364, 0.409912, 0.864517
trial 996, 1, 1, 3, 2, 0, 22770.7, 0.285023, 0.441458, 0.294181
trial 997, 1, 1, 2, 6, 1, 19576, 0.44349, 0.711283, 0.452801
trial 998, 1, 0, 8, 1, 1, 4378.67, 0.752412, 0.446721, 0.612655
trial 999, 1, 0, 4, 5, 4, 781.333, 0.666855, 0.711341, 0.559486
trial 1000, 1, 0, 5, 1, 0, 24544, 0.638864, 0.394583, 0.357506
trial 1001, 1, 0, 8, 8, 8, 26482.7, 0.821819, 0.862661, 0.896705
trial 1002, 1, 0, 5, 1, 6, 69714.7, 0.615382, 0.418847, 0.767597
trial 1003, 1, 0, 5, 4, 5, 44498.7, 0.593482, 0.901249, 0.614721
trial 1004, 1, 1, 0, 2, 1, 10552, 0.194416, 0.607636, 0.454887
trial 1005, 1, 0, 0, 2, 5, 66058.7, 0.228887, 0.894179, 0.878665
trial 1006, 1, 0, 4, 2, 4, 64277.3, 0.646218, 0.465662, 0.599354
trial 1007, 1, 1, 7, 7, 1, 10789.3, 0.726005, 0.826721, 0.340531
trial 1008, 1, 0, 2, 3, 2, 20056, 0.427981, 0.397619, 0.570674
trial 1009, 1, 1, 1, 0, 6, 25773.3, 0.342823, 0.301341, 0.765325
trial 1010, 1, 0, 3, 8, 7, 57562.7, 0.600163, 0.868389, 0.718556
trial 1011, 1, 1, 0, 3, 8, 9706.67, 0.324433, 0.453729, 0.780136
trial 1012, 1, 1, 8, 7, 2, 19000, 0.758849, 0.86427, 0.434732
trial 1013, 1, 0, 0, 2, 8, 76989.3, 0.224569, 0.486747, 0.898367
trial 1014, 1, 1, 2, 0, 5, 40722.7, 0.380081, 0.441157, 0.693046
trial 1015, 1, 1, 4, 3, 3, 6149.33, 0.579539, 0.770522, 0.572006
trial 1016, 1, 0, 3, 0, 7, 381.333, 0.554732, 0.224473, 0.777107
trial 1017, 1, 1, 6, 7, 8, 440, 0.745171, 0.911516, 0.67051
trial 1018, 1, 0, 0, 7, 3, 71106.7, 0.0369585, 0.724779, 0.47209
trial 1019, 1, 1, 4, 8, 5, 39642.7, 0.594706, 0.93029, 0.572328
trial 1020, 1, 1, 3, 6, 4, 55312, 0.627396, 0.860343, 0.576597
trial 1021, 1, 0, 6, 1, 5, 4042.67, 0.718131, 0.291341, 0.869543
trial 1022, 1, 0, 1, 8, 1, 51229.3, 0.141455, 0.887033, 0.431637
trial 1023, 1, 0, 5, 7, 3, 66880, 0.574148, 0.861046, 0.421975
trial 1024, 1, 1, 6, 8, 4, 60608, 0.560458, 0.935012, 0.405972
trial 1025, 1, 1, 8, 6, 8, 23861.3, 0.895066, 0.973125, 0.880947
trial 1026, 1, 0, 8, 2, 1, 7416, 0.655672, 0.432906, 0.445674
trial 1027, 1, 0, 7, 2, 6, 79512, 0.672013, 0.42098, 0.798833
trial 1028, 1, 0, 0, 2, 0, 65034.7, 0.259056, 0.459561, 0.284032
trial 1029, 1, 1, 5, 6, 7, 23349.3, 0.699387, 0.9783, 0.576791
trial 1030, 1, 1, 3, 3, 7, 30904, 0.192573, 0.861561, 0.870276
trial 1031, 1, 1, 4, 0, 6, 61362.7, 0.604714, 0.417629, 0.856378
trial 1032, 1, 0, 5, 8, 4, 23642.7, 0.630516, 1, 0.601705
trial 1033, 1, 1, 7, 2, 7, 65986.7, 0.776607, 0.842643, 0.901615
trial 1034, 1, 0, 0, 4, 5, 68082.7, 0.161421, 0.843023, 0.580318
trial 1035, 1, 0, 3, 1, 2, 46992, 0.402762, 0.422543, 0.632819
trial 1036, 1, 1, 1, 4, 1, 39754.7, 0.373825, 0.831764, 0.451629
trial 1037, 1, 1, 3, 8, 3, 41890.7, 0.58282, 0.949826, 0.425481
trial 1038, 1, 1, 8, 3, 0, 2509.33, 0.86585, 0.638844, 0.297299
trial 1039, 1, 0, 5, 0, 1, 72728, 0.616204, 0.118874, 0.387742
trial 1040, 1, 1, 7, 3, 5, 26130.7, 0.618665, 0.798646, 0.70976
trial 1041, 1, 0, 3, 8, 0, 67434.7, 0.642809, 0.841374, 0.177456
trial 1042, 1, 1, 3, 6, 3, 73029.3, 0.297728, 0.805708, 0.469615
trial 1043, 1, 0, 2, 6, 7, 8549.33, 0.130898, 0.968269, 0.962134
trial 1044, 1, 0, 2, 4, 0, 44040, 0.422564, 0.944209, 0.154744
trial 1045, 1, 1, 7, 2, 4, 5701.33, 0.745449, 0.430035, 0.712637
trial 1046, 1, 0, 4, 6, 5, 46032, 0.609161, 0.945635, 0.854745
trial 1047, 1, 1, 1, 7, 0, 64520, 0.38671, 0.905512, 0.19345
trial 1048, 1, 0, 1, 1, 0, 22866.7, 0.197306, 0.347682, 0.188426
trial 1049, 1, 0, 7, 4, 2, 40618.7, 0.615057, 0.45197, 0.46625
trial 1050, 1, 0, 3, 8, 4, 1408, 0.368584, 0.748656, 0.439125
trial 1051, 1, 0, 7, 4, 0, 44949.3, 0.708634, 0.432427, 0.347045
trial 1052, 1, 1, 1, 6, 4, 35650.7, 0.19401, 0.847497, 0.427379
trial 1053, 1, 1, 7, 5, 5, 11341.3, 0.656226, 0.751825, 0.691378
trial 1054, 1, 1, 0, 0, 5, 4754.67, 0.074098, 0.286649, 0.698591
trial 1055, 1, 0, 7, 0, 5, 36938.7, 0.779399, 0.305519, 0.651089
trial 1056, 1, 1, 4, 6, 2, 58098.7, 0.68712, 0.820453, 0.60635
trial 1057, 1, 1, 6, 0, 1, 14349.3, 0.752493, 0.336252, 0.656907
trial 1058, 1, 1, 2, 1, 0, 62536, 0.32149, 0.431277, 0.255428
trial 1059, 1, 0, 4, 7, 6, 32042.7, 0.446569, 0.641222, 0.863335
trial 1060, 1, 0, 3, 5, 4, 42992, 0.401185, 0.621526, 0.604834
trial 1061, 1, 1, 2, 1, 1, 26762.7, 0.215229, 0.466324, 0.463039
trial 1062, 1, 1, 4, 4, 2, 8080, 0.572601, 0.692259, 0.549763
trial 1063, 1, 1, 5, 3, 8, 39976, 0.588482, 0.484575, 0.902463
trial 1064, 1, 1, 3, 7, 5, 73269.3, 0.559586, 0.796679, 0.557425
trial 1065, 1, 0, 2, 1, 0, 64957.3, 0.277734, 0.445412, 0.301022
trial 1066, 1, 1, 0, 8, 3, 59234.7, 0.359627, 0.739021, 0.558285
trial 1067, 1, 1, 6, 4, 3, 66373.3, 0.761354, 0.65301, 0.59424
trial 1068, 1, 0, 0, 2, 3, 2938.67, 0.164263, 0.704271, 0.58026
trial 1069, 1, 1, 5, 6, 6, 290.667, 0.811271, 0.752186, 0.845437
trial 1070, 1, 1, 2, 0, 8, 5496, 0.396247, 0.27796, 0.822864
trial 1071, 1, 1, 4, 2, 8, 35010.7, 0.606324, 0.573798, 0.985586
trial 1072, 1, 0, 1, 7, 5, 61458.7, 0.415929, 0.805971, 0.749833
trial 1073, 1, 0, 8, 5, 4, 58394.7, 0.862754, 0.731865, 0.737978
trial 1074, 1, 0, 4, 1, 7, 44050.7, 0.594642, 0.395332, 0.966321
trial 1075, 1, 0, 2, 1, 7, 43768, 0.399491, 0.493032, 0.852294
trial 1076, 1, 1, 6, 2, 4, 23133.3, 0.757541, 0.798925, 0.889826
trial 1077, 1, 0, 5, 2, 4, 12746.7, 0.579516, 0.41252, 0.710663
trial 1078, 1, 0, 7, 8, 1, 47752, 0.653958, 0.956779, 0.460819
trial 1079, 1, 0, 5, 3, 0, 36018.7, 0.575265, 0.526096, 0.345203
trial 1080, 1, 0, 1, 5, 4, 32301.3, 0.403976, 0.757134, 0.620085
trial 1081, 1, 0, 0, 1, 4, 2312, 0.317701, 0.387078, 0.603287
trial 1082, 1, 0, 6, 6, 5, 53978.7, 0.810472, 0.908257, 0.636978
trial 1083, 1, 1, 2, 3, 0, 44005.3, 0.320427, 0.818439, 0.314616
trial 1084, 1, 0, 2, 8, 7, 16592, 0.465233, 0.975887, 0.852355
trial 1085, 1, 1, 5, 0, 8, 76208, 0.602164, 0.391094, 0.880027
trial 1086, 1, 0, 4, 2, 8, 45912, 0.693373, 0.454595, 0.783388
trial 1087, 1, 0, 2, 6, 8, 19082.7, 0.445151, 0.894488, 0.925262
trial 1088, 1, 0, 6, 2, 4, 54717.3, 0.796216, 0.377731, 0.792746
trial 1089, 1, 0, 4, 4, 6, 79930.7, 0.651307, 0.80535, 0.811191
trial 1090, 1, 1, 6, 5, 6, 56061.3, 0.699715, 0.939502, 0.91738
trial 1091, 1, 1, 6, 3, 7, 44621.3, 0.745164, 0.449064, 0.931775
trial 1092, 1, 0, 0, 6, 0, 75344, 0.165917, 0.643099, 0.250319
trial 1093, 1, 1, 1, 8, 3, 23485.3, 0.394423, 0.815778, 0.462526
trial 1094, 1, 0, 2, 2, 6, 34592, 0.386368, 0.395873, 0.745461
trial 1095, 1, 1, 0, 4, 3, 11266.7, 0.247265, 0.681752, 0.569741
trial 1096, 1, 1, 6, 4, 8, 55781.3, 0.745475, 0.70635, 0.811382
trial 1097, 1, 1, 8, 5, 5, 31941.3, 0.851653, 0.733347, 0.820572
trial 1098, 1, 0, 7, 8, 4, 10309.3, 0.674203, 0.635044, 0.643685
trial 1099, 1, 1, 5, 8, 8, 27330.7, 0.584163, 0.792355, 0.851756
trial 1100, 1, 0, 7, 6, 3, 38266.7, 0.836098, 0.770698, 0.564905
trial 1101, 1, 1, 1, 6, 3, 56709.3, 0.143508, 0.794201, 0.458946
trial 1102, 1, 1, 4, 6, 4, 76997.3, 0.612894, 0.729858, 0.719738
trial 1103, 1, 1, 2, 5, 2, 21874.7, 0.469486, 0.61051, 0.627671
trial 1104, 1, 1, 1, 0, 8, 1976, 0.301968, 0.21848, 0.89861
trial 1105, 1, 1, 3, 3, 3, 17090.7, 0.38032, 0.4639, 0.628825
trial 1106, 1, 0, 0, 0, 2, 22306.7, 0.231566, 0.413641, 0.567245
trial 1107, 1, 0, 4, 6, 3, 38176, 0.595442, 0.907132, 0.58715
trial 1108, 1, 0, 3, 4, 5, 60192, 0.597416, 0.382953, 0.846457
trial 1109, 1, 1, 0, 8, 6, 3682.67, 0.296526, 0.946094, 0.608727
trial 1110, 1, 0, 6, 0, 0, 44533.3, 0.826612, 0.279538, 0.229014
trial 1111, 1, 0, 7, 4, 7, 35973.3, 0.867303, 0.827277, 0.890313
trial 1112, 1, 1, 1, 0, 2, 73232, 0.30049, 0.357967, 0.589902
trial 1113, 1, 0, 2, 3, 7, 77768, 0.41849, 0.85798, 0.926912
trial 1114, 1, 1, 1, 5, 3, 43197.3, 0.323132, 0.880848, 0.769608
trial 1115, 1, 1, 7, 4, 4, 77453.3, 0.660171, 0.628748, 0.572509
trial 1116, 1, 1, 1, 8, 5, 71450.7, 0.236655, 0.960699, 0.66654
trial 1117, 1, 1, 1, 2, 5, 3978.67, 0.17344, 0.39549, 0.620887
trial 1118, 1, 1, 8, 4, 4, 4040, 0.658324, 0.847896, 0.626992
trial 1119, 1, 1, 7, 3, 3, 25104, 0.616731, 0.398687, 0.434998
trial 1120, 1, 1, 0, 6, 1, 47658.7, 0.100344, 0.609267, 0.225269
trial 1121, 1, 0, 4, 4, 0, 77914.7, 0.596398, 0.403693, 0.0598524
trial 1122, 1, 1, 2, 5, 7, 39704, 0.171853, 0.456494, 0.876512
trial 1123, 1, 0, 3, 2, 1, 55474.7, 0.592104, 0.586637, 0.37615
trial 1124, 1, 1, 3, 5, 1, 63504, 0.120679, 0.44221, 0.438574
trial 1125, 1, 1, 3, 2, 4, 42562.7, 0.563818, 0.499781, 0.659717
trial 1126, 1, 1, 3, 4, 1, 9888, 0.631539, 0.623686, 0.412631
trial 1127, 1, 0, 0, 0, 6, 7992, 0.119196, 0.371841, 0.61088
trial 1128, 1, 0, 0, 6, 3, 5749.33, 0.39439, 0.920949, 0.562571
trial 1129, 1, 1, 6, 8, 6, 69693.3, 0.752057, 0.752674, 0.827132
trial 1130, 1, 1, 0, 8, 1, 13946.7, 0.158402, 0.950207, 0.24612
trial 1131, 1, 0, 4, 1, 8, 64336, 0.684458, 0.29232, 0.968659
trial 1132, 1, 0, 6, 1, 2, 22240, 0.738354, 0.360644, 0.650695
trial 1133, 1, 1, 1, 1, 8, 53093.3, 0.145893, 0.384922, 0.84232
trial 1134, 1, 1, 2, 4, 7, 25144, 0.578821, 0.683942, 0.680343
trial 1135, 1, 0, 4, 0, 1, 4922.67, 0.732262, 0.684543, 0.43447
trial 1136, 1, 0, 2, 0, 4, 2789.33, 0.421946, 0.423289, 0.406131
trial 1137, 1, 1, 4, 6, 6, 63224, 0.574388, 0.479614, 0.672676
trial 1138, 1, 1, 1, 5, 0, 32597.3, 0.241518, 0.45168, 0.243175
trial 1139, 1, 0, 4, 3, 8, 35021.3, 0.587632, 0.739658, 0.82048
trial 1140, 1, 0, 6, 7, 0, 28608, 0.744765, 0.860448, 0.196297
trial 1141, 1, 1, 5, 0, 2, 49488, 0.74513, 0.405705, 0.593441
trial 1142, 1, 1, 5, 3, 7, 3018.67, 0.730678, 0.67814, 0.836805
trial 1143, 1, 0, 0, 2, 4, 64898.7, 0.24926, 0.476171, 0.639243
trial 1144, 1, 0, 3, 5, 0, 11837.3, 0.600328, 0.752442, 0.127382
trial 1145, 1, 1, 1, 0, 5, 1818.67, 0.258497, 0.290885, 0.892561
trial 1146, 1, 0, 4, 0, 2, 73160, 0.621169, 0.409385, 0.589786
trial 1147, 1, 1, 7, 1, 3, 21520, 0.683499, 0.39829, 0.560981
trial 1148, 1, 1, 8, 8, 2, 17093.3, 0.796452, 0.88645, 0.446966
trial 1149, 1, 0, 0, 7, 7, 67914.7, 0.220262, 0.853947, 0.748225
trial 1150, 1, 1, 3, 6, 8, 19856, 0.638252, 0.856258, 0.863942
trial 1151, 1, 0, 3, 7, 5, 46040, 0.610922, 0.856455, 0.682725
trial 1152, 1, 0, 8, 7, 3, 66362.7, 0.901601, 0.79597, 0.551259
trial 1153, 1, 0, 6, 4, 2, 3936, 0.749814, 0.718517, 0.389122
trial 1154, 1, 0, 1, 4, 0, 60293.3, 0.381023, 0.841296, 0.265364
trial 1155, 1, 1, 4, 7, 0, 3280, 0.901576, 0.711803, 0.0986996
trial 1156, 1, 1, 3, 8, 0, 52778.7, 0.598874, 0.726271, 0.0461283
trial 1157, 1, 1, 8, 6, 2, 37653.3, 0.903197, 0.759773, 0.344972
trial 1158, 1, 0, 6, 7, 5, 52690.7, 0.888733, 0.889505, 0.862311
trial 1159, 1, 0, 4, 6, 2, 44280, 0.613533, 0.669073, 0.411565
trial 1160, 1, 1, 4, 1, 7, 57730.7, 0.600921, 0.180689, 0.860514
trial 1161, 1, 0, 5, 8, 8, 9781.33, 0.808599, 0.893087, 0.929347
trial 1162, 1, 0, 6, 0, 3, 30096, 0.690728, 0.2928, 0.695303
trial 1163, 1, 0, 6, 7, 2, 13554.7, 0.703256, 0.832652, 0.737505
trial 1164, 1, 0, 4, 7, 4, 28418.7, 0.725944, 0.84051, 0.716913
trial 1165, 1, 0, 0, 3, 6, 34213.3, 0.102202, 0.565868, 0.835519
trial 1166, 1, 1, 2, 3, 6, 40834.7, 0.611278, 0.446714, 0.704602
trial 1167, 1, 1, 5, 5, 3, 51402.7, 0.692806, 0.664161, 0.720233
trial 1168, 1, 1, 4, 6, 1, 45936, 0.628032, 0.647012, 0.641019
trial 1169, 1, 0, 6, 4, 8, 12461.3, 0.903252, 0.953519, 0.910311
trial 1170, 1, 0, 8, 6, 6, 27210.7, 0.895356, 0.836561, 0.898575
trial 1171, 1, 1, 0, 7, 4, 4482.67, 0.0807343, 0.882171, 0.575579
trial 1172, 1, 1, 6, 8, 3, 78938.7, 0.801265, 0.898644, 0.702994
trial 1173, 1, 0, 8, 2, 3, 5461.33, 0.73711, 0.369368, 0.674391
trial 1174, 1, 0, 2, 7, 5, 21573.3, 0.418406, 0.892991, 0.804856
trial 1175, 1, 1, 5, 2, 5, 14202.7, 0.809093, 0.424676, 0.761594
trial 1176, 1, 1, 5, 1, 4, 71368, 0.654993, 0.441389, 0.657834
trial 1177, 1, 0, 6, 7, 6, 79696, 0.823915, 0.87334, 0.731673
trial 1178, 1, 0, 5, 2, 1, 75365.3, 0.676866, 0.448119, 0.457457
trial 1179, 1, 1, 8, 4, 2, 22736, 0.798865, 0.683748, 0.412157
trial 1180, 1, 0, 0, 0, 8, 49218.7, 0.0970331, 0.210116, 0.735262
trial 1181, 1, 0, 6, 7, 7, 58794.7, 0.816512, 0.94728, 0.771156
trial 1182, 1, 1, 6, 1, 0, 4069.33, 0.62611, 0.43476, 0.144275
trial 1183, 1, 0, 2, 6, 6, 46962.7, 0.104556, 0.85189, 0.784254
trial 1184, 1, 1, 2, 7, 1, 36802.7, 0.447748, 0.857439, 0.452969
trial 1185, 1, 1, 5, 7, 3, 47360, 0.69014, 0.890439, 0.473338
trial 1186, 1, 0, 7, 4, 6, 42904, 0.909691, 0.408329, 0.886481
trial 1187, 1, 1, 4, 3, 1, 77112, 0.668082, 0.471262, 0.595644
trial 1188, 1, 1, 2, 7, 2, 6312, 0.395654, 0.847306, 0.470827
trial 1189, 1, 1, 2, 0, 0, 33346.7, 0.115052, 0.0268847, 0.206194
trial 1190, 1, 0, 3, 2, 2, 16560, 0.274751, 0.459187, 0.563836
trial 1191, 1, 1, 3, 5, 4, 14800, 0.759889, 0.861128, 0.787178
trial 1192, 1, 1, 2, 7, 5, 11797.3, 0.599214, 0.84227, 0.837997
trial 1193, 1, 0, 1, 6, 4, 51501.3, 0.146683, 0.769829, 0.640839
trial 1194, 1, 1, 4, 7, 6, 37738.7, 0.839037, 0.898004, 0.903653
trial 1195, 1, 1, 6, 4, 1, 45218.7, 0.672629, 0.468429, 0.437016
trial 1196, 1, 0, 3, 0, 0, 2658.67, 0.381198, 0.42775, 0.394193
trial 1197, 1, 0, 8, 4, 0, 39930.7, 0.896629, 0.797835, 0.179935
trial 1198, 1, 0, 3, 5, 1, 5925.33, 0.63366, 0.758789, 0.431313
trial 1199, 1, 1, 2, 3, 8, 24461.3, 0.402145, 0.565087, 0.814046
trial 1200, 1, 0, 4, 3, 4, 39397.3, 0.635731, 0.466257, 0.71208
trial 1201, 1, 1, 5, 1, 8, 40024, 0.770782, 0.429728, 0.894985
trial 1202, 1, 1, 4, 0, 2, 2245.33, 0.662309, 0.364868, 0.619371
trial 1203, 1, 0, 6, 3, 8, 76101.3, 0.81897, 0.898972, 0.87313
trial 1204, 1, 0, 2, 6, 0, 73936, 0.21718, 0.759154, 0.141542
trial 1205, 1, 0, 0, 7, 8, 59042.7, 0.154459, 0.853924, 0.855466
trial 1206, 1, 1, 6, 8, 8, 51021.3, 0.86737, 0.886488, 0.854747
trial 1207, 1, 0, 3, 6, 3, 3704, 0.574466, 0.738893, 0.582294
trial 1208, 1, 0, 1, 2, 8, 1936, 0.451719, 0.311883, 0.780031
trial 1209, 1, 0, 8, 3, 0, 23978.7, 0.783494, 0.560897, 0.196504
trial 1210, 1, 0, 1, 1, 7, 68381.3, 0.160233, 0.304918, 0.932415
trial 1211, 1, 1, 4, 4, 5, 60973.3, 0.706938, 0.446373, 0.632308
trial 1212, 1, 1, 8, 6, 1, 74946.7, 0.817589, 0.509217, 0.412137
trial 1213, 1, 1, 5, 2, 0, 29864, 0.655078, 0.436641, 0.304656
trial 1214, 1, 1, 1, 7, 6, 51213.3, 0.046552, 0.893407, 0.841741
trial 1215, 1, 1, 7, 0, 4, 75706.7, 0.826992, 0.354537, 0.825604
trial 1216, 1, 1, 4, 5, 6, 32120, 0.642601, 0.808168, 0.880162
trial 1217, 1, 1, 2, 3, 1, 12013.3, 0.133478, 0.423912, 0.606151
trial 1218, 1, 0, 4, 4, 5, 42181.3, 0.762231, 0.614548, 0.619997
trial 1219, 1, 0, 6, 1, 8, 66213.3, 0.741602, 0.396948, 0.811111
trial 1220, 1, 0, 7, 5, 0, 37696, 0.72121, 0.877526, 0.163043
trial 1221, 1, 1, 3, 4, 7, 31696, 0.650928, 0.840448, 0.915741
trial 1222, 1, 1, 3, 1, 2, 3205.33, 0.40223, 0.479569, 0.389741
trial 1223, 1, 0, 4, 0, 3, 25048, 0.566324, 0.405185, 0.664033
trial 1224, 1, 1, 8, 7, 5, 22181.3, 0.860995, 0.76722, 0.778048
trial 1225, 1, 1, 6, 8, 5, 11154.7, 0.934174, 0.913857, 0.831017
trial 1226, 1, 1, 1, 5, 8, 25648, 0.300918, 0.859416, 0.895065
trial 1227, 1, 0, 8, 4, 6, 23248, 0.653356, 0.442786, 0.633998
trial 1228, 1, 0, 1, 6, 6, 34845.3, 0.293361, 0.543292, 0.605868
trial 1229, 1, 0, 2, 0, 5, 63258.7, 0.432507, 0.22568, 0.616732
trial 1230, 1, 1, 0, 1, 2, 43658.7, 0.313364, 0.339801, 0.412274
trial 1231, 1, 1, 8, 8, 0, 40696, 0.679075, 0.742464, 0.104259
trial 1232, 1, 0, 0, 7, 6, 4621.33, 0.137663, 0.85527, 0.68629
trial 1233, 1, 1, 7, 7, 2, 60789.3, 0.632872, 0.883425, 0.45763
trial 1234, 1, 0, 7, 2, 5, 2584, 0.699164, 0.422697, 0.710487
trial 1235, 1, 0, 3, 3, 8, 60757.3, 0.375795, 0.560624, 0.846186
trial 1236, 1, 1, 2, 2, 1, 67013.3, 0.265187, 0.587726, 0.566306
trial 1237, 1, 0, 3, 8, 8, 5968, 0.599515, 0.923362, 0.910313
trial 1238, 1, 0, 7, 1, 4, 4997.33, 0.56326, 0.316419, 0.613172
trial 1239, 1, 1, 5, 1, 7, 73480, 0.637935, 0.238909, 0.732139
trial 1240, 1, 1, 3, 8, 6, 79018.7, 0.579218, 0.886095, 0.937104
trial 1241, 1, 1, 2, 4, 3, 52106.7, 0.405278, 0.547836, 0.443805
trial 1242, 1, 0, 4, 6, 4, 29045.3, 0.462645, 0.716667, 0.461227
trial 1243, 1, 0, 1, 4, 5, 26661.3, 0.202689, 0.744751, 0.44757
trial 1244, 1, 0, 7, 3, 4, 43637.3, 0.739502, 0.646365, 0.619291
trial 1245, 1, 0, 8, 3, 7, 51018.7, 0.758953, 0.447182, 0.675176
trial 1246, 1, 1, 3, 2, 5, 31736, 0.407857, 0.436647, 0.658525
trial 1247, 1, 1, 3, 3, 8, 55997.3, 0.543012, 0.743281, 0.749871
trial 1248, 1, 0, 4, 5, 0, 7432, 0.613909, 0.861024, 0.218662
trial 1249, 1, 1, 8, 1, 4, 1253.33, 0.672266, 0.201662, 0.701228
trial 1250, 1, 1, 7, 1, 6, 28845.3, 0.678124, 0.375586, 0.623615
trial 1251, 1, 1, 6, 2, 5, 61008, 0.615863, 0.465783, 0.625148
trial 1252, 1, 0, 5, 0, 8, 61576, 0.590978, 0.340739, 0.727893
trial 1253, 1, 0, 2, 8, 3, 1034.67, 0.351794, 0.909125, 0.456057
trial 1254, 1, 0, 0, 5, 0, 6738.67, 0.0720053, 0.870418, 0.164991
trial 1255, 1, 0, 1, 4, 6, 5962.67, 0.297727, 0.699073, 0.612608
trial 1256, 1, 0, 6, 8, 6, 23005.3, 0.680097, 0.900708, 0.897799
trial 1257, 1, 1, 3, 3, 4, 77824, 0.594327, 0.431911, 0.645933
trial 1258, 1, 1, 3, 1, 0, 79277.3, 0.41396, 0.377932, 0.247502
trial 1259, 1, 0, 0, 1, 2, 49565.3, 0.243736, 0.342181, 0.450951
trial 1260, 1, 1, 5, 6, 3, 76162.7, 0.637811, 0.83279, 0.442411
trial 1261, 1, 1, 2, 8, 0, 16965.3, 0.345749, 0.891077, 0.164085
trial 1262, 1, 0, 8, 0, 2, 32434.7, 0.83929, 0.362054, 0.650791
trial 1263, 1, 1, 1, 1, 3, 6760, 0.136398, 0.303971, 0.640054
trial 1264, 1, 0, 5, 5, 1, 53418.7, 0.427391, 0.881947, 0.457626
trial 1265, 1, 0, 1, 4, 7, 29874.7, 0.228908, 0.790166, 0.96275
trial 1266, 1, 1, 1, 0, 7, 53797.3, 0.206718, 0.0952799, 0.933621
trial 1267, 1, 1, 8, 1, 2, 25080, 0.608203, 0.302038, 0.579799
trial 1268, 1, 0, 0, 0, 4, 3045.33, 0.0956116, 0.273282, 0.773967
trial 1269, 1, 1, 8, 3, 7, 14669.3, 0.81802, 0.745451, 0.919713
trial 1270, 1, 0, 7, 1, 6, 66472, 0.770754, 0.390465, 0.752418
trial 1271, 1, 0, 6, 0, 8, 54829.3, 0.701844, 0.251416, 0.952236
trial 1272, 1, 1, 5, 8, 6, 51962.7, 0.568468, 0.949704, 0.762276
trial 1273, 1, 0, 2, 6, 3, 54872, 0.410258, 0.94234, 0.454977
trial 1274, 1, 0, 5, 7, 6, 79504, 0.669711, 0.973208, 0.57483
trial 1275, 1, 0, 1, 5, 2, 6632, 0.260689, 0.587132, 0.414315
trial 1276, 1, 0, 2, 7, 4, 61360, 0.28205, 0.775252, 0.557664
trial 1277, 1, 1, 0, 7, 7, 74344, 0.25276, 0.451682, 0.831493
trial 1278, 1, 0, 6, 6, 0, 6861.33, 0.662399, 0.574064, 0.186255
trial 1279, 1, 1, 4, 4, 3, 3069.33, 0.69512, 0.642396, 0.585768
trial 1280, 1, 0, 3, 4, 8, 34040, 0.207383, 0.853662, 0.895949
trial 1281, 1, 0, 4, 3, 6, 40160, 0.609537, 0.359784, 0.811484
trial 1282, 1, 1, 8, 7, 6, 74034.7, 0.900111, 0.8621, 0.851672
trial 1283, 1, 1, 2, 5, 4, 4413.33, 0.373796, 0.763847, 0.759107
trial 1284, 1, 0, 7, 8, 3, 31936, 0.787706, 0.754482, 0.460881
trial 1285, 1, 1, 7, 3, 0, 76130.7, 0.751242, 0.43243, 0.147403
trial 1286, 1, 1, 0, 0, 8, 24181.3, 0.113834, 0.368488, 0.895129
trial 1287, 1, 1, 7, 2, 8, 13312, 0.790819, 0.347412, 0.795894
trial 1288, 1, 0, 0, 8, 5, 64621.3, 0.301489, 0.886112, 0.569388
trial 1289, 1, 1, 0, 0, 1, 15714.7, 0.177228, 0.245077, 0.46577
trial 1290, 1, 0, 0, 4, 0, 39792, 0.254238, 0.455798, 0.106177
trial 1291, 1, 1, 7, 4, 2, 74072, 0.819055, 0.69256, 0.558972
trial 1292, 1, 1, 2, 0, 6, 2720, 0.356062, 0.263574, 0.751335
trial 1293, 1, 0, 4, 7, 3, 35488, 0.56614, 0.810631, 0.471642
trial 1294, 1, 1, 6, 5, 4, 74218.7, 0.641912, 0.73847, 0.658332
trial 1295, 1, 0, 2, 0, 1, 24410.7, 0.405106, 0.214188, 0.606748
trial 1296, 1, 1, 0, 8, 7, 62869.3, 0.0915741, 0.915394, 0.83996
trial 1297, 1, 1, 4, 4, 6, 7224, 0.586999, 0.951033, 0.900257
trial 1298, 1, 1, 5, 4, 8, 27680, 0.82852, 0.901593, 0.899847
trial 1299, 1, 0, 8, 2, 0, 26802.7, 0.832048, 0.887243, 0.236012
trial 1300, 1, 0, 6, 4, 3, 936, 0.679166, 0.854691, 0.437441
trial 1301, 1, 0, 4, 6, 8, 29808, 0.845851, 0.931471, 1
trial 1302, 1, 1, 6, 4, 7, 76578.7, 0.638566, 0.89613, 0.979145
trial 1303, 1, 0, 3, 6, 5, 3309.33, 0.317429, 0.922127, 0.915819
trial 1304, 1, 1, 1, 4, 5, 46301.3, 0.0640693, 0.637779, 0.730138
trial 1305, 1, 0, 6, 4, 6, 22994.7, 0.869695, 0.592873, 0.956584
trial 1306, 1, 0, 4, 7, 5, 5077.33, 0.592577, 0.850996, 0.791688
trial 1307, 1, 1, 6, 1, 4, 77549.3, 0.899854, 0.401602, 0.756248
trial 1308, 1, 0, 2, 4, 6, 68725.3, 0.363443, 0.900131, 0.904439
trial 1309, 1, 1, 4, 1, 4, 13514.7, 0.57755, 0.521971, 0.588548
trial 1310, 1, 1, 7, 7, 0, 1698.67, 0.77656, 0.88268, 0.0736099
trial 1311, 1, 0, 5, 6, 7, 70992, 0.847567, 0.945667, 0.849776
trial 1312, 1, 1, 0, 7, 6, 75762.7, 0.0574531, 0.916704, 0.819343
trial 1313, 1, 0, 2, 5, 2, 60634.7, 0.419373, 0.86013, 0.435562
trial 1314, 1, 1, 7, 0, 2, 77805.3, 0.678243, 0.28735, 0.598681
trial 1315, 1, 1, 8, 0, 0, 3120, 0.634534, 0.237833, 0.315556
trial 1316, 1, 1, 4, 5, 5, 61149.3, 0.604568, 0.823334, 0.66142
trial 1317, 1, 1, 3, 8, 8, 42138.7, 0.363493, 0.958391, 0.965502
trial 1318, 1, 0, 4, 0, 8, 17477.3, 0.407928, 0.356741, 0.947056
trial 1319, 1, 1, 8, 5, 7, 15912, 0.846272, 0.918025, 0.921358
trial 1320, 1, 1, 6, 3, 6, 2650.67, 0.753942, 0.733767, 0.919337
trial 1321, 1, 0, 4, 2, 3, 1237.33, 0.610615, 0.432988, 0.580324
trial 1322, 1, 1, 0, 0, 3, 75992, 0.116719, 0.297302, 0.72152
trial 1323, 1, 0, 5, 4, 8, 3794.67, 0.702355, 0.724737, 0.873773
trial 1324, 1, 1, 2, 5, 8, 2125.33, 0.554955, 0.848253, 0.860678
trial 1325, 1, 0, 5, 6, 8, 55194.7, 0.596433, 0.906814, 0.970984
trial 1326, 1, 1, 4, 0, 5, 968, 0.568818, 0.328894, 0.706977
trial 1327, 1, 0, 8, 5, 3, 29986.7, 0.766348, 0.890381, 0.538131
trial 1328, 1, 0, 7, 8, 6, 3149.33, 0.872622, 0.961863, 0.870557
trial 1329, 1, 1, 8, 0, 2, 39416, 0.797094, 0.253073, 0.88996
trial 1330, 1, 1, 6, 0, 6, 15608, 0.626697, 0.104098, 0.843836
trial 1331, 1, 0, 6, 5, 8, 4269.33, 0.910104, 0.945354, 0.865846
trial 1332, 1, 1, 1, 3, 3, 78954.7, 0.122335, 0.904329, 0.586584
trial 1333, 1, 0, 4, 1, 0, 56197.3, 0.389833, 0.205357, 0.406515
trial 1334, 1, 0, 5, 3, 8, 25240, 0.731041, 0.873691, 0.717204
trial 1335, 1, 1, 7, 4, 1, 650.667, 0.658631, 0.425437, 0.569544
trial 1336, 1, 0, 0, 5, 6, 3154.67, 0.155554, 0.770169, 0.74872
trial 1337, 1, 0, 3, 2, 6, 67573.3, 0.429052, 0.860072, 0.888552
trial 1338, 1, 1, 1, 3, 8, 31914.7, 0.32575, 0.809298, 0.928232
trial 1339, 1, 0, 7, 2, 0, 65421.3, 0.793624, 0.311174, 0.342368
trial 1340, 1, 0, 8, 0, 6, 59944, 0.850216, 0.360286, 0.878848
trial 1341, 1, 1, 8, 3, 4, 4256, 0.793088, 0.876337, 0.920441
trial 1342, 1, 1, 1, 3, 7, 19405.3, 0.134167, 0.808868, 0.864055
trial 1343, 1, 1, 6, 7, 5, 49786.7, 0.679862, 0.846331, 0.720063
trial 1344, 1, 1, 4, 1, 3, 68928, 0.431291, 0.415481, 0.620262
trial 1345, 1, 0, 1, 3, 8, 3802.67, 0.316674, 0.82372, 0.852457
trial 1346, 1, 1, 8, 2, 8, 76501.3, 0.855511, 0.362359, 0.791892
trial 1347, 1, 0, 1, 6, 0, 14954.7, 0.320068, 0.876182, 0.279325
trial 1348, 1, 1, 4, 8, 1, 8240, 0.596652, 0.875803, 0.424297
trial 1349, 1, 1, 2, 8, 8, 53749.3, 0.101287, 0.894714, 0.807839
trial 1350, 1, 0, 6, 7, 8, 34410.7, 0.74376, 0.919749, 0.816872
trial 1351, 1, 0, 8, 8, 3, 61042.7, 0.760203, 0.900683, 0.544699
trial 1352, 1, 0, 5, 3, 1, 1344, 0.647751, 0.433774, 0.644939
trial 1353, 1, 0, 7, 1, 8, 50080, 0.714265, 0.423386, 0.845029
trial 1354, 1, 1, 3, 7, 0, 78568, 0.383292, 0.914425, 0.295566
trial 1355, 1, 0, 8, 6, 1, 1056, 0.885194, 0.818054, 0.384707
trial 1356, 1, 0, 0, 7, 0, 15805.3, 0.222475, 0.822997, 0.154858
trial 1357, 1, 0, 5, 0, 3, 44080, 0.651704, 0.299813, 0.843056
trial 1358, 1, 1, 4, 8, 0, 71050.7, 0.555733, 0.797835, 0.341277
trial 1359, 1, 1, 7, 8, 2, 14648, 0.794448, 0.902231, 0.613229
trial 1360, 1, 1, 8, 1, 1, 13912, 0.791577, 0.37131, 0.378845
trial 1361, 1, 0, 3, 8, 6, 66805.3, 0.61188, 0.950099, 0.793547
trial 1362, 1, 1, 6, 7, 1, 7568, 0.797636, 0.907823, 0.409486
trial 1363, 1, 1, 3, 1, 7, 44586.7, 0.305025, 0.395757, 0.841709
trial 1364, 1, 0, 7, 3, 0, 56573.3, 0.853316, 0.389062, 0.266211
trial 1365, 1, 0, 8, 4, 5, 41696, 0.87901, 0.78588, 0.685137
trial 1366, 1, 1, 7, 2, 5, 42506.7, 0.846026, 0.337621, 0.737437
trial 1367, 1, 1, 5, 0, 0, 69984, 0.602598, 0.103521, 0.288445
trial 1368, 1, 1, 3, 5, 0, 36408, 0.34283, 0.828356, 0.277188
trial 1369, 1, 1, 3, 2, 1, 57354.7, 0.29759, 0.640288, 0.455195
trial 1370, 1, 1, 8, 6, 3, 53989.3, 0.693649, 0.785437, 0.542803
trial 1371, 1, 0, 5, 6, 5, 6525.33, 0.645073, 0.60992, 0.756461
trial 1372, 1, 1, 0, 7, 0, 41544, 0.0992263, 0.741184, 0.186851
trial 1373, 1, 0, 7, 5, 5, 31736, 0.771263, 0.619452, 0.338671
trial 1374, 1, 0, 4, 1, 1, 11914.7, 0.564263, 0.411756, 0.407164
trial 1375, 1, 1, 1, 0, 1, 26970.7, 0.0515371, 0.428173, 0.441207
trial 1376, 1, 1, 4, 5, 4, 31744, 0.328273, 0.891959, 0.609349
trial 1377, 1, 0, 8, 3, 1, 57357.3, 0.835748, 0.588607, 0.547793
trial 1378, 1, 1, 5, 3, 0, 36005.3, 0.591622, 0.403058, 0.371988
trial 1379, 1, 0, 8, 6, 2, 12989.3, 0.817461, 0.931511, 0.419812
trial 1380, 1, 0, 6, 8, 2, 41354.7, 0.753881, 0.928336, 0.44014
trial 1381, 1, 1, 5, 5, 7, 44848, 0.875919, 0.885468, 0.903214
trial 1382, 1, 1, 1, 1, 2, 23538.7, 0.144651, 0.396033, 0.744606
trial 1383, 1, 1, 5, 3, 4, 13384, 0.548675, 0.834741, 0.643542
trial 1384, 1, 0, 7, 1, 3, 7314.67, 0.677922, 0.422804, 0.682915
trial 1385, 1, 1, 1, 8, 7, 77277.3, 0.152756, 0.909455, 0.960697
trial 1386, 1, 1, 5, 6, 0, 714.667, 0.636674, 0.899518, 0.273944
trial 1387, 1, 0, 6, 8, 1, 2669.33, 0.776941, 0.832078, 0.407684
trial 1388, 1, 0, 6, 4, 0, 42864, 0.740034, 0.449012, 0.228775
trial 1389, 1, 1, 6, 5, 8, 2525.33, 0.63651, 0.615769, 0.94368
trial 1390, 1, 1, 8, 8, 3, 78733.3, 0.727719, 0.855376, 0.77098
trial 1391, 1, 0, 7, 3, 6, 38461.3, 0.633562, 0.456595, 0.83886
trial 1392, 1, 0, 5, 4, 0, 70112, 0.5965, 0.352966, 0.363622
trial 1393, 1, 0, 6, 2, 3, 6816, 0.592071, 0.454281, 0.650082
trial 1394, 1, 1, 6, 3, 4, 37936, 0.545739, 0.701162, 0.727482
trial 1395, 1, 1, 6, 6, 8, 8680, 0.705507, 0.967824, 0.853561
trial 1396, 1, 0, 7, 3, 1, 36245.3, 0.603012, 0.479303, 0.424614
trial 1397, 1, 1, 6, 7, 6, 10472, 0.663882, 0.917669, 0.754204
trial 1398, 1, 1, 5, 6, 8, 79242.7, 0.606578, 0.940842, 0.834458
trial 1399, 1, 0, 1, 7, 8, 5117.33, 0.427094, 0.979274, 0.812941
trial 1400, 1, 1, 3, 5, 8, 4653.33, 0.562203, 0.861793, 0.94578
trial 1401, 1, 1, 1, 1, 6, 40408, 0.114924, 0.366748, 0.786162
trial 1402, 1, 0, 4, 8, 1, 15448, 0.410498, 0.803526, 0.418511
trial 1403, 1, 1, 1, 2, 1, 42021.3, 0.247747, 0.419026, 0.465794
trial 1404, 1, 1, 0, 1, 4, 37808, 0.136377, 0.417357, 0.693205
trial 1405, 1, 0, 4, 8, 2, 18754.7, 0.701314, 0.864044, 0.406816
trial 1406, 1, 1, 4, 3, 6, 22306.7, 0.581143, 0.357054, 0.867811
trial 1407, 1, 0, 6, 1, 3, 63445.3, 0.696146, 0.304918, 0.678123
trial 1408, 1, 0, 3, 0, 1, 29672, 0.396475, 0.261219, 0.441911
trial 1409, 1, 1, 2, 3, 2, 36450.7, 0.321026, 0.462558, 0.423643
trial 1410, 1, 0, 6, 1, 4, 68085.3, 0.621125, 0.28572, 0.846344
trial 1411, 1, 0, 2, 4, 4, 69346.7, 0.587643, 0.689014, 0.720557
trial 1412, 1, 1, 2, 6, 7, 55821.3, 0.44591, 0.926188, 0.858613
trial 1413, 1, 0, 5, 8, 2, 3488, 0.588559, 0.925766, 0.404661
trial 1414, 1, 1, 6, 0, 7, 29613.3, 0.614111, 0.158844, 0.821783
trial 1415, 1, 1, 6, 7, 3, 10416, 0.596078, 0.919775, 0.46062
trial 1416, 1, 1, 4, 2, 4, 65682.7, 0.575087, 0.617766, 0.461016
trial 1417, 1, 1, 3, 0, 6, 9664, 0.589871, 0.34902, 0.791244
trial 1418, 1, 0, 8, 6, 4, 44880, 0.799561, 0.864185, 0.596157
trial 1419, 1, 1, 4, 4, 4, 1200, 0.625308, 0.805059, 0.886032
trial 1420, 1, 0, 3, 7, 6, 1418.67, 0.398713, 0.930705, 0.860905
trial 1421, 1, 0, 7, 6, 6, 21458.7, 0.780066, 0.874603, 0.824056
trial 1422, 1, 0, 3, 8, 3, 22082.7, 0.443964, 0.926383, 0.618153
trial 1423, 1, 1, 1, 3, 6, 34168, 0.347931, 0.417909, 0.852068
trial 1424, 1, 1, 2, 6, 4, 62565.3, 0.314316, 0.815146, 0.831834
trial 1425, 1, 0, 8, 4, 7, 6485.33, 0.842881, 0.413312, 0.852233
trial 1426, 1, 0, 1, 0, 3, 45888, 0.400184, 0.218925, 0.605382
trial 1427, 1, 0, 8, 5, 7, 949.333, 0.767779, 0.85696, 0.850202
trial 1428, 1, 0, 8, 7, 5, 51784, 0.835626, 0.953719, 0.889346
trial 1429, 1, 1, 2, 4, 8, 35309.3, 0.317746, 0.71232, 0.833434
trial 1430, 1, 1, 5, 4, 1, 32645.3, 0.593938, 0.456064, 0.318352
trial 1431, 1, 1, 0, 2, 0, 48546.7, 0.111855, 0.408696, 0.366915
trial 1432, 1, 1, 0, 3, 7, 68224, 0.264113, 0.44302, 0.772583
trial 1433, 1, 0, 2, 1, 6, 43218.7, 0.460038, 0.365449, 0.805263
trial 1434, 1, 0, 7, 6, 7, 66122.7, 0.674523, 0.885812, 0.849084
trial 1435, 1, 1, 6, 4, 6, 41360, 0.733406, 0.891495, 0.910425
trial 1436, 1, 1, 1, 7, 5, 15034.7, 0.169057, 0.669383, 0.842076
trial 1437, 1, 1, 1, 4, 3, 3384, 0.182453, 0.759578, 0.597131
trial 1438, 1, 1, 3, 1, 1, 23384, 0.561237, 0.367211, 0.40422
trial 1439, 1, 1, 0, 3, 4, 6778.67, 0.092976, 0.435701, 0.734229
trial 1440, 1, 0, 0, 6, 8, 66176, 0.204802, 0.821835, 0.923637
trial 1441, 1, 0, 2, 3, 6, 6101.33, 0.385643, 0.644106, 0.933936
trial 1442, 1, 0, 8, 4, 4, 2085.33, 0.823775, 0.574281, 0.82409
trial 1443, 1, 1, 5, 7, 0, 24178.7, 0.655606, 0.940011, 0.138301
trial 1444, 1, 0, 6, 6, 2, 19826.7, 0.694872, 0.939877, 0.376539
trial 1445, 1, 1, 7, 3, 2, 48605.3, 0.588255, 0.301617, 0.409469
trial 1446, 1, 1, 2, 6, 0, 22285.3, 0.166327, 0.903776, 0.294804
trial 1447, 1, 0, 2, 8, 6, 72789.3, 0.421967, 0.893981, 0.936845
trial 1448, 1, 0, 5, 2, 2, 450.667, 0.619478, 0.35337, 0.80917
trial 1449, 1, 1, 2, 3, 4, 73229.3, 0.316077, 0.334589, 0.670806
trial 1450, 1, 0, 0, 3, 4, 30864, 0.336679, 0.862454, 0.868127
trial 1451, 1, 1, 5, 6, 2, 24837.3, 0.869534, 0.911899, 0.634695
trial 1452, 1, 0, 1, 3, 2, 46858.7, 0.31675, 0.398265, 0.655304
trial 1453, 1, 1, 0, 2, 8, 41448, 0.240809, 0.372046, 0.966858
trial 1454, 1, 0, 5, 6, 3, 35066.7, 0.63822, 0.844318, 0.858492
trial 1455, 1, 0, 0, 5, 2, 37389.3, 0.42135, 0.831228, 0.729827
trial 1456, 1, 1, 3, 3, 6, 56053.3, 0.564399, 0.396666, 0.870572
trial 1457, 1, 1, 1, 3, 4, 43256, 0.150443, 0.414481, 0.902438
trial 1458, 1, 1, 3, 1, 6, 55586.7, 0.584319, 0.413616, 0.777804
trial 1459, 1, 0, 6, 8, 0, 15570.7, 0.777781, 0.894163, 0.212556
