OctaneSinglePotato Data File OctaneSinglePotatoRes_79.txt
Participant Number: 79
Date: 01/20/15, Time: 17:16:01
=============================


trial 1, 1, -1, -1, -1, -1, 0, 0, 0, 0
trial 2, 1, 0, 1, 8, 0, 39626.7, 0.556392, 0.761525, 0.267324
trial 3, 1, 1, 5, 7, 1, 7010.67, 0.675726, 0.846252, 0.283733
trial 4, 1, 0, 6, 0, 2, 68032, 0.761022, 0.306287, 0.678008
trial 5, 1, 1, 0, 1, 3, 68930.7, 0.267796, 0.655587, 0.647374
trial 6, 1, 0, 0, 4, 6, 70746.7, 0.5, 0.74263, 0.664787
trial 7, 1, 0, 2, 6, 4, 59554.7, 0.588242, 0.751215, 0.637284
trial 8, 1, 1, 4, 7, 8, 59640, 0.691716, 0.80681, 0.739969
trial 9, 1, 1, 5, 5, 6, 79824, 0.404777, 0.71327, 0.639974
trial 10, 1, 1, 2, 6, 3, 5792, 0.353778, 0.85577, 0.5
trial 11, 1, 1, 3, 2, 3, 20253.3, 0.60543, 0.69614, 0.665929
trial 12, 1, 0, 5, 8, 1, 60050.7, 0.756831, 0.757092, 0.683469
trial 13, 1, 0, 6, 6, 6, 68410.7, 0.917078, 0.881942, 0.839987
trial 14, 1, 0, 1, 2, 6, 78712, 0.77595, 0.828085, 0.708601
trial 15, 1, 0, 3, 4, 6, 66197.3, 0.606261, 0.805512, 0.650248
trial 16, 1, 1, 8, 4, 1, 269.333, 0.726598, 0.476759, 0.611399
trial 17, 1, 1, 2, 4, 4, 12152, 0.59422, 0.796016, 0.662596
trial 18, 1, 0, 4, 5, 5, 2328, 0.679915, 0.713619, 0.6413
trial 19, 1, 0, 8, 8, 5, 20186.7, 0.859019, 0.850204, 0.837937
trial 20, 1, 0, 5, 6, 0, 47957.3, 0.729196, 0.767, 0.277183
trial 21, 1, 1, 4, 2, 7, 59696, 0.719397, 0.834091, 0.80003
trial 22, 1, 1, 6, 2, 8, 8560, 0.551499, 0.832948, 0.884946
trial 23, 1, 1, 8, 3, 3, 56106.7, 0.691308, 0.830752, 0.788899
trial 24, 1, 1, 4, 1, 1, 24154.7, 0.614516, 0.374365, 0.379868
trial 25, 1, 0, 7, 6, 0, 57168, 0.772903, 0.823322, 0.198222
trial 26, 1, 0, 8, 0, 1, 2776, 0.823464, 0.308476, 0.714007
trial 27, 1, 0, 0, 8, 4, 29800, 0.37549, 0.773522, 0.682403
trial 28, 1, 1, 5, 4, 0, 37829.3, 0.71339, 0.407983, 0.417492
trial 29, 1, 0, 6, 8, 5, 42162.7, 0.744884, 0.718501, 0.71438
trial 30, 1, 1, 4, 6, 8, 34269.3, 0.727422, 0.738377, 0.777821
trial 31, 1, 1, 2, 4, 2, 35562.7, 0.426486, 0.763673, 0.625999
trial 32, 1, 0, 4, 8, 7, 5256, 0.699254, 0.76648, 0.763743
trial 33, 1, 1, 0, 6, 6, 68717.3, 0.373533, 0.759921, 0.624002
trial 34, 1, 0, 8, 4, 2, 17949.3, 0.786439, 0.422775, 0.442275
trial 35, 1, 0, 2, 6, 1, 77008, 0.436219, 0.795973, 0.454762
trial 36, 1, 0, 2, 5, 5, 66888, 0.472706, 0.795461, 0.722186
trial 37, 1, 1, 7, 5, 2, 61050.7, 0.789368, 0.835273, 0.603709
trial 38, 1, 1, 7, 1, 5, 17688, 0.861058, 0.798475, 0.738732
trial 39, 1, 1, 0, 8, 2, 1056, 0.629278, 0.748235, 0.619255
trial 40, 1, 0, 3, 4, 2, 29909.3, 0.383655, 0.778739, 0.68365
trial 41, 1, 1, 6, 4, 2, 38829.3, 0.706472, 0.686126, 0.637715
trial 42, 1, 1, 8, 0, 7, 66594.7, 0.688252, 0.383707, 0.682882
trial 43, 1, 1, 4, 7, 5, 21392, 0.703404, 0.749, 0.724746
trial 44, 1, 1, 7, 7, 4, 23392, 0.653278, 0.74494, 0.721757
trial 45, 1, 0, 0, 2, 6, 12488, 0.46174, 0.528439, 0.43706
trial 46, 1, 0, 4, 5, 8, 1056, 0.709038, 0.887974, 0.854719
trial 47, 1, 1, 8, 8, 6, 19354.7, 0.876415, 0.775538, 0.76957
trial 48, 1, 1, 6, 3, 1, 165.333, 0.798204, 0.62951, 0.37695
trial 49, 1, 0, 1, 4, 1, 77165.3, 0.614499, 0.723508, 0.376129
trial 50, 1, 0, 0, 1, 5, 75261.3, 0.404855, 0.773863, 0.630324
trial 51, 1, 1, 6, 8, 7, 71661.3, 0.756113, 0.715196, 0.703627
trial 52, 1, 1, 5, 7, 4, 63258.7, 0.740414, 0.749109, 0.682947
trial 53, 1, 1, 7, 4, 7, 5512, 0.828972, 0.774628, 0.692823
trial 54, 1, 0, 4, 3, 0, 21328, 0.682442, 0.627357, 0.241447
trial 55, 1, 0, 5, 0, 2, 71146.7, 0.701382, 0.415482, 0.392103
trial 56, 1, 0, 2, 5, 3, 4349.33, 0.469747, 0.74892, 0.643868
trial 57, 1, 0, 1, 3, 7, 42413.3, 0.529889, 0.50843, 0.5
trial 58, 1, 0, 2, 6, 5, 30578.7, 0.335286, 0.698875, 0.618343
trial 59, 1, 0, 3, 2, 3, 53688, 0.392728, 0.47871, 0.45303
trial 60, 1, 1, 8, 2, 4, 63717.3, 0.705255, 0.725279, 0.639006
trial 61, 1, 0, 0, 4, 8, 71504, 0.22393, 0.785887, 0.815749
trial 62, 1, 1, 8, 3, 1, 66386.7, 0.74748, 0.371665, 0.399967
trial 63, 1, 1, 8, 5, 1, 31293.3, 0.812657, 0.730231, 0.595318
trial 64, 1, 0, 5, 3, 4, 44608, 0.681312, 0.768253, 0.407218
trial 65, 1, 1, 0, 1, 5, 64565.3, 0.743497, 0.761492, 0.669696
trial 66, 1, 0, 8, 5, 2, 56421.3, 0.779001, 0.778098, 0.712573
trial 67, 1, 1, 2, 8, 7, 79480, 0.286592, 0.918911, 0.803854
trial 68, 1, 1, 4, 0, 3, 43954.7, 0.754321, 0.326729, 0.668207
trial 69, 1, 0, 6, 2, 2, 76165.3, 0.670144, 0.773075, 0.623148
trial 70, 1, 1, 4, 6, 3, 10322.7, 0.700368, 0.785284, 0.710404
trial 71, 1, 1, 5, 8, 2, 4440, 0.688906, 0.789768, 0.674042
trial 72, 1, 0, 3, 7, 1, 40978.7, 0.727312, 0.741872, 0.758204
trial 73, 1, 0, 1, 8, 4, 32709.3, 0.281729, 0.827174, 0.790158
trial 74, 1, 1, 5, 7, 2, 52882.7, 0.806237, 0.8115, 0.767334
trial 75, 1, 1, 7, 8, 7, 64314.7, 0.849455, 0.801699, 0.830604
trial 76, 1, 1, 7, 7, 7, 32082.7, 0.836201, 0.810717, 0.842965
trial 77, 1, 1, 1, 2, 8, 63101.3, 0.304144, 0.542341, 0.8087
trial 78, 1, 0, 8, 0, 5, 70941.3, 0.828513, 0.850554, 0.722661
trial 79, 1, 1, 5, 5, 5, 67973.3, 0.812003, 0.848613, 0.668914
trial 80, 1, 1, 6, 5, 2, 32610.7, 0.831909, 0.36635, 0.413695
trial 81, 1, 1, 0, 5, 5, 5616, 0.244777, 0.726836, 0.6477
trial 82, 1, 1, 7, 0, 8, 76698.7, 0.839425, 0.287104, 0.768459
trial 83, 1, 0, 6, 0, 7, 72909.3, 0.771826, 0.310989, 0.781704
trial 84, 1, 0, 4, 4, 2, 3994.67, 0.5, 0.572112, 0.5
trial 85, 1, 0, 5, 0, 6, 13293.3, 0.634226, 0.291454, 0.712714
trial 86, 1, 1, 8, 7, 4, 7205.33, 0.836632, 0.890619, 0.666546
trial 87, 1, 0, 6, 8, 4, 73834.7, 0.695205, 0.888239, 0.645388
trial 88, 1, 1, 4, 5, 2, 11808, 0.736352, 0.8002, 0.735587
trial 89, 1, 1, 4, 7, 1, 72525.3, 0.6878, 0.804414, 0.689781
trial 90, 1, 1, 5, 5, 8, 65402.7, 0.78024, 0.726004, 0.681798
trial 91, 1, 1, 7, 7, 6, 76778.7, 0.818668, 0.83277, 0.811134
trial 92, 1, 1, 6, 6, 7, 54794.7, 0.820588, 0.9052, 0.888588
trial 93, 1, 0, 7, 6, 8, 64970.7, 0.874901, 0.873277, 0.875152
trial 94, 1, 0, 1, 2, 3, 18760, 0.640816, 0.383736, 0.656225
trial 95, 1, 1, 2, 5, 5, 3165.33, 0.389184, 0.780267, 0.684744
trial 96, 1, 1, 3, 0, 0, 6634.67, 0.251154, 0.263377, 0.255796
trial 97, 1, 1, 3, 8, 1, 44042.7, 0.2433, 0.768506, 0.649372
trial 98, 1, 0, 2, 1, 3, 18005.3, 0.26525, 0.371873, 0.384116
trial 99, 1, 1, 6, 7, 7, 40061.3, 0.81064, 0.779451, 0.72696
trial 100, 1, 0, 6, 3, 3, 11736, 0.739907, 0.781133, 0.775728
trial 101, 1, 0, 7, 7, 8, 39066.7, 0.80447, 0.834657, 0.756156
trial 102, 1, 0, 4, 8, 5, 72298.7, 0.712557, 0.731221, 0.728356
trial 103, 1, 0, 0, 8, 0, 15314.7, 0.636742, 0.816477, 0.198138
trial 104, 1, 0, 5, 5, 2, 19674.7, 0.700424, 0.898228, 0.696929
trial 105, 1, 1, 7, 3, 6, 34709.3, 0.783268, 0.819907, 0.806607
trial 106, 1, 0, 7, 7, 5, 17053.3, 0.77743, 0.767763, 0.776084
trial 107, 1, 1, 6, 4, 5, 25408, 0.89044, 0.848915, 0.805943
trial 108, 1, 1, 7, 5, 3, 29021.3, 0.79317, 0.831323, 0.75894
trial 109, 1, 0, 8, 2, 4, 11866.7, 0.745531, 0.307355, 0.614189
trial 110, 1, 1, 8, 8, 5, 79381.3, 0.718082, 0.775016, 0.706055
trial 111, 1, 0, 7, 4, 5, 61194.7, 0.667631, 0.744365, 0.75723
trial 112, 1, 0, 3, 0, 4, 5386.67, 0.642741, 0.291622, 0.46991
trial 113, 1, 0, 3, 2, 0, 52621.3, 0.412991, 0.334718, 0.354552
trial 114, 1, 0, 3, 6, 1, 26128, 0.384553, 0.725754, 0.637938
trial 115, 1, 0, 5, 4, 1, 9000, 0.700252, 0.707373, 0.696916
trial 116, 1, 1, 3, 2, 7, 9437.33, 0.693246, 0.873147, 0.861316
trial 117, 1, 1, 5, 3, 6, 45760, 0.806846, 0.871221, 0.860767
trial 118, 1, 0, 5, 6, 6, 1176, 0.785772, 0.725812, 0.678192
trial 119, 1, 1, 1, 8, 6, 45253.3, 0.663001, 0.722196, 0.666667
trial 120, 1, 1, 4, 3, 8, 2688, 0.657128, 0.747414, 0.730739
trial 121, 1, 1, 3, 5, 2, 47592, 0.355085, 0.657691, 0.68223
trial 122, 1, 1, 0, 6, 2, 4418.67, 0.305564, 0.752353, 0.606189
trial 123, 1, 0, 7, 0, 0, 42536, 0.775224, 0.320211, 0.331007
trial 124, 1, 1, 8, 5, 2, 45882.7, 0.744906, 0.729503, 0.686739
trial 125, 1, 0, 3, 6, 2, 23762.7, 0.814288, 0.719622, 0.64832
trial 126, 1, 0, 7, 7, 3, 2192, 0.80936, 0.78081, 0.60005
trial 127, 1, 0, 2, 1, 2, 42672, 0.622083, 0.390201, 0.414312
trial 128, 1, 1, 3, 3, 5, 52797.3, 0.400962, 0.706774, 0.5
trial 129, 1, 0, 3, 4, 7, 38309.3, 0.384279, 0.734104, 0.667824
trial 130, 1, 0, 7, 1, 5, 40864, 0.681166, 0.327476, 0.660849
trial 131, 1, 0, 8, 7, 4, 73098.7, 0.795285, 0.700861, 0.711291
trial 132, 1, 1, 5, 3, 5, 29034.7, 0.823154, 0.617886, 0.682093
trial 133, 1, 0, 1, 2, 4, 68752, 0.668133, 0.492175, 0.670048
trial 134, 1, 1, 3, 8, 5, 57445.3, 0.646551, 0.699094, 0.628516
trial 135, 1, 1, 4, 8, 4, 3746.67, 0.715753, 0.731686, 0.687398
trial 136, 1, 0, 5, 0, 7, 4629.33, 0.832845, 0.118146, 0.815728
trial 137, 1, 0, 1, 3, 0, 70608, 0.338595, 0.318913, 0.344365
trial 138, 1, 1, 5, 2, 7, 19978.7, 0.705205, 0.592293, 0.661655
trial 139, 1, 0, 6, 4, 5, 3690.67, 0.689755, 0.75605, 0.66332
trial 140, 1, 0, 3, 3, 1, 13733.3, 0.68291, 0.404326, 0.352726
trial 141, 1, 1, 4, 3, 5, 32810.7, 0.673448, 0.641414, 0.630594
trial 142, 1, 0, 6, 5, 7, 54432, 0.761804, 0.726074, 0.725456
trial 143, 1, 1, 0, 0, 2, 21330.7, 0.0995861, 0.269859, 0.398142
trial 144, 1, 1, 2, 1, 5, 44045.3, 0.36284, 0.251287, 0.304334
trial 145, 1, 1, 7, 0, 0, 1525.33, 0.59239, 0.262501, 0.258736
trial 146, 1, 1, 3, 2, 8, 77856, 0.712533, 0.336624, 0.342992
trial 147, 1, 1, 5, 2, 6, 58381.3, 0.679302, 0.764706, 0.718703
trial 148, 1, 0, 2, 3, 8, 4285.33, 0.628932, 0.698515, 0.617342
trial 149, 1, 1, 8, 1, 3, 2602.67, 0.738608, 0.692652, 0.363628
trial 150, 1, 0, 0, 6, 1, 63930.7, 0.616151, 0.545507, 0.5
trial 151, 1, 1, 6, 2, 3, 27533.3, 0.756335, 0.244303, 0.431419
trial 152, 1, 0, 0, 7, 5, 229.333, 0.360115, 0.863847, 0.631807
trial 153, 1, 1, 5, 5, 4, 44850.7, 0.751464, 0.728217, 0.687757
trial 154, 1, 1, 8, 2, 0, 60656, 0.746527, 0.318257, 0.329994
trial 155, 1, 0, 6, 3, 0, 2632, 0.71075, 0.297601, 0.337015
trial 156, 1, 1, 6, 3, 8, 45336, 0.691177, 0.730718, 0.792159
trial 157, 1, 1, 0, 2, 7, 73885.3, 0.263652, 0.755078, 0.660767
trial 158, 1, 0, 7, 8, 7, 65066.7, 0.639619, 0.656201, 0.76678
trial 159, 1, 1, 2, 2, 4, 52717.3, 0.615722, 0.729508, 0.6496
trial 160, 1, 1, 6, 1, 3, 22677.3, 0.733137, 0.654103, 0.743231
trial 161, 1, 0, 1, 5, 7, 21578.7, 0.319206, 0.852665, 0.748601
trial 162, 1, 1, 8, 6, 4, 79194.7, 0.679948, 0.754268, 0.665744
trial 163, 1, 1, 8, 6, 0, 59586.7, 0.746217, 0.35165, 0.375155
trial 164, 1, 0, 2, 0, 2, 3533.33, 0.71463, 0.298013, 0.35191
trial 165, 1, 1, 5, 2, 4, 266.667, 0.826025, 0.757454, 0.708227
trial 166, 1, 0, 0, 0, 0, 101.333, 0.598498, 0.713389, 0.380195
trial 167, 1, 1, 5, 7, 7, 64010.7, 0.73756, 0.796398, 0.812665
trial 168, 1, 1, 3, 7, 1, 5624, 0.69109, 0.806632, 0.436448
trial 169, 1, 0, 0, 6, 6, 23610.7, 0.655976, 0.805884, 0.671055
trial 170, 1, 0, 5, 3, 5, 41498.7, 0.69422, 0.387661, 0.417172
trial 171, 1, 0, 3, 0, 6, 43592, 0.663107, 0.773053, 0.684537
trial 172, 1, 1, 0, 1, 8, 64282.7, 0.578322, 0.764243, 0.688965
trial 173, 1, 1, 2, 1, 3, 5544, 0.393383, 0.757103, 0.408305
trial 174, 1, 0, 1, 8, 8, 23424, 0.604351, 0.785524, 0.671212
trial 175, 1, 1, 8, 0, 6, 18045.3, 0.810014, 0.312125, 0.753063
trial 176, 1, 1, 1, 7, 4, 33720, 0.647056, 0.840132, 0.65391
trial 177, 1, 0, 5, 5, 7, 22818.7, 0.800913, 0.769038, 0.713208
trial 178, 1, 1, 2, 6, 6, 70408, 0.598772, 0.769716, 0.792147
trial 179, 1, 0, 0, 0, 1, 6498.67, 0.44531, 0.304953, 0.341481
trial 180, 1, 1, 7, 3, 8, 66173.3, 0.766231, 0.79132, 0.69611
trial 181, 1, 0, 3, 7, 7, 77493.3, 0.729243, 0.819271, 0.692404
trial 182, 1, 1, 3, 0, 8, 32792, 0.775744, 0.787253, 0.699216
trial 183, 1, 1, 8, 7, 1, 24040, 0.78005, 0.80246, 0.705003
trial 184, 1, 1, 1, 4, 0, 71090.7, 0.717009, 0.821462, 0.224399
trial 185, 1, 1, 6, 6, 6, 65074.7, 0.745338, 0.864901, 0.709723
trial 186, 1, 1, 2, 8, 1, 2074.67, 0.757741, 0.833884, 0.718293
trial 187, 1, 1, 5, 1, 1, 36045.3, 0.691962, 0.711381, 0.386996
trial 188, 1, 0, 6, 0, 1, 60672, 0.680128, 0.383563, 0.398922
trial 189, 1, 1, 1, 1, 7, 6536, 0.704537, 0.814692, 0.623366
trial 190, 1, 1, 2, 1, 7, 22736, 0.637033, 0.829481, 0.677551
trial 191, 1, 0, 1, 8, 5, 73410.7, 0.674021, 0.730902, 0.691481
trial 192, 1, 0, 3, 3, 6, 73322.7, 0.761912, 0.737543, 0.689019
trial 193, 1, 1, 4, 3, 7, 43021.3, 0.805576, 0.72697, 0.720271
trial 194, 1, 0, 0, 1, 3, 62962.7, 0.637033, 0.801656, 0.631849
trial 195, 1, 0, 3, 5, 8, 10314.7, 0.679368, 0.784076, 0.62686
trial 196, 1, 1, 1, 3, 2, 6370.67, 0.681076, 0.82804, 0.603412
trial 197, 1, 1, 7, 1, 0, 22866.7, 0.80183, 0.400184, 0.418755
trial 198, 1, 0, 8, 6, 0, 29437.3, 0.653195, 0.672548, 0.608329
trial 199, 1, 0, 4, 5, 6, 2128, 0.743147, 0.783314, 0.621479
trial 200, 1, 0, 2, 8, 0, 5480, 0.671578, 0.806937, 0.372799
trial 201, 1, 0, 1, 1, 8, 58141.3, 0.709586, 0.561105, 0.527393
trial 202, 1, 1, 5, 3, 1, 24626.7, 0.774696, 0.735118, 0.63225
trial 203, 1, 0, 3, 8, 1, 76477.3, 0.744455, 0.759592, 0.631225
trial 204, 1, 0, 2, 2, 8, 39066.7, 0.668839, 0.841839, 0.757131
trial 205, 1, 0, 6, 6, 1, 77554.7, 0.73735, 0.753328, 0.687323
trial 206, 1, 0, 3, 7, 0, 49962.7, 0.798589, 0.767329, 0.278432
trial 207, 1, 0, 7, 4, 1, 25125.3, 0.717833, 0.835644, 0.5362
trial 208, 1, 0, 0, 0, 7, 5042.67, 0.665822, 0.852777, 0.913417
trial 209, 1, 0, 6, 6, 8, 53112, 0.752413, 0.868324, 0.829188
trial 210, 1, 0, 1, 7, 1, 13605.3, 0.722346, 0.816094, 0.700351
trial 211, 1, 1, 8, 0, 4, 15178.7, 0.801058, 0.359935, 0.394986
trial 212, 1, 1, 5, 4, 2, 63976, 0.767848, 0.307323, 0.416547
trial 213, 1, 1, 0, 7, 5, 56624, 0.31333, 0.818371, 0.730164
trial 214, 1, 0, 6, 1, 7, 57970.7, 0.809005, 0.726348, 0.666894
trial 215, 1, 0, 4, 4, 7, 12240, 0.736262, 0.770524, 0.751596
trial 216, 1, 1, 4, 2, 5, 25928, 0.812188, 0.43064, 0.661906
trial 217, 1, 1, 5, 8, 4, 49362.7, 0.81649, 0.835801, 0.646126
trial 218, 1, 1, 2, 1, 4, 52754.7, 0.669318, 0.723044, 0.702281
trial 219, 1, 0, 2, 7, 7, 25656, 0.651515, 0.78088, 0.664928
trial 220, 1, 0, 5, 7, 5, 17618.7, 0.647023, 0.741621, 0.680365
trial 221, 1, 1, 2, 8, 6, 52213.3, 0.624576, 0.819139, 0.675806
trial 222, 1, 1, 0, 5, 1, 35402.7, 0.431237, 0.331367, 0.383416
trial 223, 1, 1, 8, 1, 0, 6378.67, 0.718611, 0.171624, 0.291345
trial 224, 1, 1, 7, 6, 8, 48389.3, 0.722515, 0.690019, 0.700066
trial 225, 1, 0, 1, 6, 7, 41744, 0.581837, 0.840954, 0.759748
trial 226, 1, 1, 3, 6, 0, 47200, 0.460938, 0.655927, 0.24266
trial 227, 1, 0, 8, 5, 6, 7229.33, 0.731548, 0.813877, 0.790696
trial 228, 1, 0, 2, 1, 1, 48792, 0.651434, 0.336615, 0.35428
trial 229, 1, 1, 3, 5, 7, 3688, 0.689438, 0.646865, 0.622854
trial 230, 1, 1, 5, 7, 6, 67096, 0.587048, 0.782402, 0.655382
trial 231, 1, 1, 2, 8, 4, 57714.7, 0.38675, 0.749524, 0.661161
trial 232, 1, 1, 2, 7, 4, 27354.7, 0.448038, 0.756959, 0.635834
trial 233, 1, 0, 1, 6, 3, 46429.3, 0.611723, 0.701215, 0.42645
trial 234, 1, 0, 4, 2, 1, 53869.3, 0.67574, 0.400389, 0.474552
trial 235, 1, 0, 3, 7, 4, 3661.33, 0.703102, 0.585879, 0.591263
trial 236, 1, 0, 4, 3, 2, 60608, 0.639543, 0.389483, 0.386564
trial 237, 1, 1, 5, 0, 4, 5152, 0.680964, 0.117669, 0.243591
trial 238, 1, 1, 6, 1, 5, 32456, 0.672531, 0.722159, 0.64262
trial 239, 1, 0, 1, 0, 1, 64173.3, 0.671963, 0.318065, 0.285631
trial 240, 1, 0, 5, 5, 8, 30216, 0.749166, 0.744137, 0.715022
trial 241, 1, 1, 8, 3, 6, 44186.7, 0.726543, 0.834236, 0.780003
trial 242, 1, 1, 0, 4, 5, 25858.7, 0.0826785, 0.783736, 0.637638
trial 243, 1, 0, 7, 6, 5, 34552, 0.81411, 0.873165, 0.848275
trial 244, 1, 0, 5, 2, 6, 1488, 0.858828, 0.785778, 0.757395
trial 245, 1, 0, 6, 4, 4, 4704, 0.787877, 0.715622, 0.818882
trial 246, 1, 0, 5, 5, 4, 11914.7, 0.781011, 0.765493, 0.812683
trial 247, 1, 1, 2, 6, 2, 57840, 0.286877, 0.834039, 0.712303
trial 248, 1, 0, 5, 3, 7, 18597.3, 0.938471, 0.87906, 0.969165
trial 249, 1, 1, 5, 5, 1, 28874.7, 0.592772, 0.65184, 0.339595
trial 250, 1, 0, 1, 2, 1, 76208, 0.383354, 0.350571, 0.390664
trial 251, 1, 0, 0, 8, 1, 24325.3, 0.283295, 0.287766, 0.401228
trial 252, 1, 0, 8, 8, 0, 76474.7, 0.640657, 0.810066, 0.18412
trial 253, 1, 1, 4, 1, 6, 28717.3, 0.657933, 0.637062, 0.970446
trial 254, 1, 1, 8, 5, 8, 19421.3, 0.836681, 0.830222, 0.985929
trial 255, 1, 0, 3, 6, 7, 23752, 0.653622, 0.854645, 0.819037
trial 256, 1, 0, 1, 1, 2, 65106.7, 0.232898, 0.248115, 0.244493
trial 257, 1, 1, 2, 8, 3, 15624, 0.217256, 0.896776, 0.665651
trial 258, 1, 0, 7, 8, 8, 11898.7, 0.698519, 0.880267, 0.822854
trial 259, 1, 1, 7, 2, 1, 28368, 0.862993, 0.390403, 0.382637
trial 260, 1, 1, 2, 2, 7, 65330.7, 0.673455, 0.693435, 0.687243
trial 261, 1, 0, 0, 0, 5, 42456, 0.282049, 0.293382, 0.856325
trial 262, 1, 0, 8, 1, 3, 79754.7, 0.381946, 0.214504, 0.197088
trial 263, 1, 0, 4, 5, 7, 25896, 0.553759, 0.469825, 0.5016
trial 264, 1, 0, 5, 1, 4, 54536, 0.754753, 0.172156, 0.622527
trial 265, 1, 1, 0, 1, 1, 74056, 0.162266, 0.276092, 0.336777
trial 266, 1, 1, 0, 7, 8, 43904, 0.147656, 0.817864, 0.687932
trial 267, 1, 0, 0, 6, 5, 56680, 0.172547, 0.84762, 0.724894
trial 268, 1, 0, 4, 6, 7, 3056, 0.643774, 0.872349, 0.733125
trial 269, 1, 1, 1, 5, 2, 27120, 0.247396, 0.822562, 0.45595
trial 270, 1, 0, 5, 8, 7, 40973.3, 0.824097, 0.920436, 0.860298
trial 271, 1, 0, 8, 2, 6, 70602.7, 0.899758, 0.785851, 0.750243
trial 272, 1, 1, 4, 6, 7, 46240, 0.78705, 0.980525, 0.902981
trial 273, 1, 0, 2, 0, 8, 66162.7, 0.643187, 0.134121, 0.362954
trial 274, 1, 0, 8, 5, 1, 29320, 0.734069, 0.326308, 0.337033
trial 275, 1, 0, 2, 5, 0, 51058.7, 0.828863, 0.209071, 0.239673
trial 276, 1, 1, 1, 7, 1, 43053.3, 0.144428, 0.968008, 0.690851
trial 277, 1, 0, 3, 4, 1, 74357.3, 0.602252, 0.904373, 0.636919
trial 278, 1, 0, 8, 5, 8, 32642.7, 0.759332, 0.96396, 0.649799
trial 279, 1, 0, 4, 1, 2, 60272, 0.760065, 0.222116, 0.258752
trial 280, 1, 0, 4, 2, 2, 60821.3, 0.810184, 0.205167, 0.215677
trial 281, 1, 0, 5, 4, 3, 68941.3, 0.737501, 0.227622, 0.279164
trial 282, 1, 1, 1, 5, 1, 41282.7, 0.230961, 0.286077, 0.318903
trial 283, 1, 1, 2, 3, 3, 33077.3, 0.227022, 0.735998, 0.584233
trial 284, 1, 1, 6, 5, 3, 5274.67, 0.725738, 0.21884, 0.330109
trial 285, 1, 0, 5, 7, 2, 5037.33, 0.613523, 0.807062, 0.595221
trial 286, 1, 1, 8, 5, 0, 22472, 0.765428, 0.778887, 0.399102
trial 287, 1, 0, 1, 7, 7, 36962.7, 0.800975, 0.830184, 0.709088
trial 288, 1, 1, 6, 5, 5, 57421.3, 0.795697, 0.92349, 0.637473
trial 289, 1, 0, 2, 3, 1, 3466.67, 0.760102, 0.879491, 0.629686
trial 290, 1, 0, 3, 1, 6, 2488, 0.807804, 0.8177, 0.919588
trial 291, 1, 1, 2, 0, 3, 6648, 0.175499, 0.192427, 0.251117
trial 292, 1, 1, 8, 3, 2, 76024, 0.879452, 0.279121, 0.278033
trial 293, 1, 0, 0, 7, 4, 71872, 0.115515, 0.599175, 0.584921
trial 294, 1, 0, 6, 3, 2, 18114.7, 0.632613, 0.296545, 0.324472
trial 295, 1, 1, 8, 4, 3, 69282.7, 0.894438, 0.778157, 0.602767
trial 296, 1, 0, 8, 7, 7, 76944, 0.746565, 0.875255, 0.748379
trial 297, 1, 0, 4, 1, 5, 54309.3, 0.760075, 0.833127, 0.742562
trial 298, 1, 0, 0, 1, 6, 54890.7, 0.829541, 0.839524, 0.712443
trial 299, 1, 0, 5, 7, 7, 32016, 0.790749, 0.882572, 0.813312
trial 300, 1, 0, 6, 2, 0, 75733.3, 0.748431, 0.287318, 0.331211
trial 301, 1, 0, 6, 0, 5, 22568, 0.819684, 0.238342, 0.388797
trial 302, 1, 1, 4, 2, 2, 27714.7, 0.782802, 0.254823, 0.28443
trial 303, 1, 1, 3, 6, 5, 13501.3, 0.199034, 0.347611, 0.591259
trial 304, 1, 0, 0, 2, 2, 58970.7, 0.149147, 0.303874, 0.369666
trial 305, 1, 1, 0, 1, 7, 1797.33, 0.148265, 0.811027, 0.638937
trial 306, 1, 1, 6, 3, 5, 7056, 0.772309, 0.436098, 0.783538
trial 307, 1, 1, 1, 2, 7, 21301.3, 0.679916, 0.818121, 0.78187
trial 308, 1, 1, 3, 7, 2, 370.667, 0.654569, 0.809992, 0.425135
trial 309, 1, 0, 7, 3, 3, 4645.33, 0.681575, 0.871986, 0.680603
trial 310, 1, 0, 8, 3, 4, 55949.3, 0.838707, 0.668652, 0.740936
trial 311, 1, 1, 7, 1, 8, 46005.3, 0.873232, 0.873798, 0.704328
trial 312, 1, 0, 5, 1, 2, 53202.7, 0.862469, 0.841627, 0.808751
trial 313, 1, 0, 6, 2, 5, 5272, 0.699664, 0.438988, 0.695494
trial 314, 1, 0, 5, 5, 5, 73605.3, 0.763366, 0.84166, 0.764622
trial 315, 1, 0, 8, 6, 3, 66589.3, 0.885074, 0.781326, 0.655587
trial 316, 1, 1, 0, 2, 4, 79125.3, 0.232396, 0.715247, 0.62056
trial 317, 1, 1, 5, 4, 7, 70880, 0.788697, 0.810397, 0.941033
trial 318, 1, 1, 7, 8, 3, 66298.7, 0.789958, 0.836217, 0.795201
trial 319, 1, 0, 1, 0, 6, 54005.3, 0.250303, 0.256896, 0.70701
trial 320, 1, 0, 1, 3, 1, 43378.7, 0.256115, 0.220096, 0.250491
trial 321, 1, 1, 2, 2, 2, 31264, 0.271718, 0.319486, 0.342916
trial 322, 1, 1, 5, 7, 5, 34856, 0.785323, 0.784627, 0.717707
trial 323, 1, 1, 5, 4, 5, 71613.3, 0.715874, 0.841184, 0.776149
trial 324, 1, 1, 0, 2, 6, 9082.67, 0.135738, 0.777761, 0.67801
trial 325, 1, 1, 5, 6, 4, 59762.7, 0.766992, 0.893505, 0.65435
trial 326, 1, 1, 6, 7, 4, 2165.33, 0.875183, 0.800336, 0.764477
trial 327, 1, 1, 4, 0, 8, 63834.7, 0.72841, 0.159081, 0.908502
trial 328, 1, 0, 2, 5, 4, 33189.3, 0.609269, 0.76686, 0.704834
trial 329, 1, 0, 4, 4, 1, 47389.3, 0.696062, 0.862622, 0.752349
trial 330, 1, 1, 1, 6, 2, 50248, 0.288157, 0.830975, 0.692238
trial 331, 1, 0, 4, 1, 6, 26416, 0.738704, 0.26222, 0.810987
trial 332, 1, 1, 3, 0, 5, 31712, 0.220775, 0.263973, 0.716963
trial 333, 1, 1, 1, 4, 2, 40744, 0.20547, 0.347012, 0.704899
trial 334, 1, 0, 3, 1, 0, 42824, 0.759465, 0.223036, 0.783569
trial 335, 1, 0, 6, 2, 6, 1373.33, 0.700055, 0.166202, 0.665306
trial 336, 1, 1, 7, 8, 5, 35949.3, 0.776306, 0.843963, 0.69266
trial 337, 1, 1, 3, 4, 5, 33429.3, 0.762523, 0.808233, 0.685882
trial 338, 1, 0, 7, 2, 3, 75906.7, 0.71648, 0.293414, 0.397126
trial 339, 1, 0, 4, 8, 3, 46464, 0.654508, 0.304327, 0.332719
trial 340, 1, 1, 4, 5, 1, 4861.33, 0.717846, 0.324393, 0.357504
trial 341, 1, 1, 4, 7, 7, 3237.33, 0.677192, 0.834788, 0.912625
trial 342, 1, 0, 5, 4, 4, 41890.7, 0.753583, 0.831273, 0.760779
trial 343, 1, 1, 6, 4, 4, 4805.33, 0.697851, 0.8432, 0.722087
trial 344, 1, 1, 7, 8, 6, 76501.3, 0.71103, 0.845369, 0.683627
trial 345, 1, 1, 6, 5, 0, 71586.7, 0.637468, 0.366369, 0.401739
trial 346, 1, 0, 2, 4, 5, 32938.7, 0.315212, 0.796941, 0.576978
trial 347, 1, 0, 1, 0, 5, 48320, 0.64769, 0.122979, 0.901074
trial 348, 1, 0, 1, 0, 7, 31909.3, 0.209932, 0.086826, 0.781122
trial 349, 1, 1, 3, 0, 1, 13600, 0.329793, 0.181146, 0.617191
trial 350, 1, 1, 8, 8, 1, 40586.7, 0.767067, 0.804658, 0.667001
trial 351, 1, 1, 1, 4, 7, 71645.3, 0.251173, 0.746292, 0.681951
trial 352, 1, 0, 4, 1, 4, 79912, 0.643987, 0.160038, 0.37414
trial 353, 1, 0, 2, 0, 0, 71554.7, 0.0727879, 0.0488753, 0.0672054
trial 354, 1, 1, 8, 4, 7, 5850.67, 0.735741, 0.793961, 0.728433
trial 355, 1, 0, 5, 3, 6, 15482.7, 0.714294, 0.67077, 0.768808
trial 356, 1, 1, 8, 3, 8, 17285.3, 0.812175, 0.396659, 0.779326
trial 357, 1, 1, 6, 0, 4, 6117.33, 0.795617, 0.200448, 0.666344
trial 358, 1, 1, 2, 6, 8, 34360, 0.370734, 0.723558, 0.906054
trial 359, 1, 0, 6, 8, 7, 71714.7, 0.666782, 0.842644, 0.877776
trial 360, 1, 0, 4, 6, 1, 77101.3, 0.642203, 0.731887, 0.601794
trial 361, 1, 1, 2, 7, 7, 44360, 0.165773, 0.872277, 0.792982
trial 362, 1, 0, 2, 0, 7, 77346.7, 0.644354, 0.145941, 0.855727
trial 363, 1, 1, 3, 7, 6, 8589.33, 0.195653, 0.854786, 0.771531
trial 364, 1, 1, 5, 3, 3, 20368, 0.765284, 0.382249, 0.756109
trial 365, 1, 1, 6, 8, 1, 51696, 0.746087, 0.262453, 0.308986
trial 366, 1, 1, 0, 7, 2, 44448, 0.027167, 0.425304, 0.401516
trial 367, 1, 0, 5, 2, 0, 17936, 0.60242, 0.115978, 0.297041
trial 368, 1, 1, 5, 0, 3, 42149.3, 0.710281, 0.079726, 0.200001
trial 369, 1, 0, 7, 6, 2, 70098.7, 0.85315, 0.727252, 0.876583
trial 370, 1, 0, 7, 1, 0, 77498.7, 0.740976, 0.213098, 0.317202
trial 371, 1, 1, 1, 6, 6, 69050.7, 0.0981539, 0.854052, 0.419319
trial 372, 1, 1, 1, 5, 7, 70741.3, 0.184133, 0.982853, 0.872515
trial 373, 1, 1, 3, 4, 8, 28797.3, 0.154972, 0.160246, 0.3923
trial 374, 1, 1, 8, 8, 4, 14954.7, 0.774573, 0.878185, 0.715269
trial 375, 1, 0, 5, 2, 3, 3888, 0.852843, 0.740104, 0.233957
trial 376, 1, 1, 8, 4, 8, 53250.7, 0.815923, 0.657562, 0.891654
trial 377, 1, 0, 8, 1, 2, 48381.3, 0.816349, 0.130578, 0.669485
trial 378, 1, 1, 0, 6, 4, 52896, 0.103042, 0.873647, 0.703641
trial 379, 1, 1, 7, 0, 7, 39738.7, 0.806703, 0.0259796, 0.915437
trial 380, 1, 1, 5, 8, 5, 8917.33, 0.766934, 0.857965, 0.811675
trial 381, 1, 1, 0, 5, 4, 33317.3, 0.161397, 0.846999, 0.721719
trial 382, 1, 1, 1, 7, 8, 54842.7, 0.162565, 0.897235, 0.777246
trial 383, 1, 0, 8, 1, 7, 29040, 0.930628, 0.578402, 0.778322
trial 384, 1, 0, 5, 1, 7, 3333.33, 0.926664, 0.241395, 0.810715
trial 385, 1, 1, 1, 6, 1, 48034.7, 0.206979, 0.81982, 0.727816
trial 386, 1, 1, 7, 1, 4, 48973.3, 0.871062, 0.670972, 0.797656
trial 387, 1, 0, 1, 1, 3, 7093.33, 0.829761, 0.755633, 0.814637
trial 388, 1, 1, 5, 6, 5, 304, 0.793918, 0.864772, 0.736807
trial 389, 1, 1, 6, 3, 0, 40917.3, 0.861136, 0.270077, 0.401231
trial 390, 1, 0, 2, 3, 4, 5352, 0.0977632, 0.69247, 0.405236
trial 391, 1, 0, 7, 2, 7, 47589.3, 0.704292, 0.873976, 0.793012
trial 392, 1, 0, 1, 3, 3, 19629.3, 0.167228, 0.763588, 0.38129
trial 393, 1, 0, 5, 4, 6, 7352, 0.869267, 0.856359, 0.677541
trial 394, 1, 0, 7, 2, 1, 55946.7, 0.756725, 0.202856, 0.290485
trial 395, 1, 0, 8, 6, 8, 6085.33, 0.917324, 1, 0.952035
trial 396, 1, 1, 1, 4, 8, 68786.7, 0.234731, 0.943765, 0.994238
trial 397, 1, 1, 6, 3, 2, 1333.33, 0.918538, 0.851167, 0.77359
trial 398, 1, 0, 1, 0, 0, 30168, 0.163816, 0.123747, 0.204951
trial 399, 1, 1, 3, 0, 4, 70106.7, 0.0870859, 0.181073, 0.248476
trial 400, 1, 1, 7, 5, 1, 30138.7, 0.212106, 0.195673, 0.14663
trial 401, 1, 0, 1, 2, 2, 58357.3, 0.802544, 0.807414, 0.281097
trial 402, 1, 0, 3, 1, 8, 36016, 0.837915, 0.641633, 0.818132
trial 403, 1, 0, 5, 0, 4, 50218.7, 0.801039, 0.193805, 0.282562
trial 404, 1, 1, 6, 0, 5, 20725.3, 0.835036, 0.210199, 0.396747
trial 405, 1, 1, 7, 0, 5, 21557.3, 0.851946, 0.153468, 0.371401
trial 406, 1, 0, 5, 3, 2, 56800, 0.8184, 0.853141, 0.22103
trial 407, 1, 1, 4, 7, 3, 57072, 0.853333, 0.864234, 0.742042
trial 408, 1, 0, 3, 7, 3, 71560, 0.672321, 0.766081, 0.269578
trial 409, 1, 1, 2, 7, 3, 22506.7, 0.517762, 0.737077, 0.368902
trial 410, 1, 0, 2, 4, 2, 3256, 0.64501, 0.751479, 0.64751
trial 411, 1, 0, 4, 0, 7, 63074.7, 0.627766, 0.345198, 0.716155
trial 412, 1, 0, 5, 0, 0, 76376, 0.853985, 0.368073, 0.217697
trial 413, 1, 0, 4, 6, 0, 50005.3, 0.657033, 0.817706, 0.769046
trial 414, 1, 0, 4, 3, 1, 3242.67, 0.66706, 0.242277, 0.390307
trial 415, 1, 1, 6, 7, 2, 74200, 0.939357, 0.887524, 0.601751
trial 416, 1, 0, 1, 6, 5, 45429.3, 0.187175, 0.890051, 0.74176
trial 417, 1, 0, 4, 2, 0, 33173.3, 0.793294, 0.23573, 0.36892
trial 418, 1, 0, 2, 7, 1, 59229.3, 0.721744, 0.700413, 0.418939
trial 419, 1, 0, 6, 3, 1, 36440, 0.856194, 0.290487, 0.329431
trial 420, 1, 1, 6, 3, 3, 71584, 0.85221, 0.770113, 0.742154
trial 421, 1, 0, 1, 1, 4, 75496, 0.728488, 0.186729, 0.319268
trial 422, 1, 0, 5, 1, 3, 40130.7, 0.793898, 0.23998, 0.348134
trial 423, 1, 0, 8, 0, 4, 49773.3, 0.825367, 0.262024, 0.33069
trial 424, 1, 0, 6, 6, 7, 76824, 0.825783, 0.871026, 0.625806
trial 425, 1, 0, 0, 7, 2, 66256, 0.17397, 0.860086, 0.596005
trial 426, 1, 1, 6, 0, 2, 57256, 0.711705, 0.235275, 0.376322
trial 427, 1, 1, 2, 5, 1, 60232, 0.202957, 0.803618, 0.314455
trial 428, 1, 0, 5, 1, 5, 68114.7, 0.731736, 0.206281, 0.388271
trial 429, 1, 0, 4, 7, 1, 31714.7, 0.698906, 0.817365, 0.5
trial 430, 1, 0, 8, 0, 7, 42421.3, 0.788763, 0.202985, 0.81783
trial 431, 1, 0, 3, 1, 3, 6474.67, 0.809515, 0.255813, 0.78393
trial 432, 1, 0, 7, 0, 2, 51458.7, 0.802054, 0.293882, 0.412032
trial 433, 1, 1, 4, 0, 0, 36176, 0.763865, 0.192576, 0.264973
trial 434, 1, 0, 1, 7, 4, 16728, 0.285591, 0.654673, 0.345353
trial 435, 1, 1, 1, 2, 3, 18557.3, 0.21884, 0.751536, 0.601663
trial 436, 1, 0, 0, 4, 1, 32165.3, 0.688573, 0.719945, 0.630834
trial 437, 1, 0, 2, 1, 5, 49610.7, 0.658888, 0.333257, 0.390832
trial 438, 1, 1, 2, 1, 6, 11373.3, 0.741861, 0.256777, 0.336726
trial 439, 1, 0, 7, 5, 8, 49584, 0.952769, 0.949516, 0.921593
trial 440, 1, 1, 8, 0, 3, 11365.3, 0.841812, 0.160481, 0.794493
trial 441, 1, 1, 1, 3, 1, 36922.7, 0.167981, 0.851203, 0.686199
trial 442, 1, 0, 7, 2, 2, 35368, 0.897886, 0.812021, 0.729538
trial 443, 1, 1, 3, 5, 6, 3845.33, 0.39605, 0.911761, 0.678874
trial 444, 1, 0, 0, 3, 0, 8405.33, 0.294801, 0.841245, 0.34523
trial 445, 1, 1, 0, 5, 0, 2677.33, 0.24225, 0.283675, 0.39452
trial 446, 1, 1, 0, 8, 4, 3144, 0.126549, 0.839174, 0.645853
trial 447, 1, 0, 1, 0, 2, 71421.3, 0.372381, 0.163307, 0.336471
trial 448, 1, 1, 7, 6, 5, 67597.3, 0.827294, 0.958054, 0.762797
trial 449, 1, 0, 1, 4, 8, 41197.3, 0.828451, 0.934665, 0.734522
trial 450, 1, 1, 3, 1, 3, 1493.33, 0.790682, 0.267667, 0.353245
trial 451, 1, 0, 8, 3, 2, 23538.7, 1, 0.233309, 0.279056
trial 452, 1, 0, 5, 6, 4, 46546.7, 0.823215, 0.596571, 0.5
trial 453, 1, 0, 5, 5, 3, 43698.7, 0.872337, 0.80927, 0.402819
trial 454, 1, 0, 4, 8, 0, 79128, 0.749476, 0.854951, 0.309222
trial 455, 1, 0, 1, 5, 6, 47848, 0.286589, 0.811379, 0.640071
trial 456, 1, 1, 0, 2, 5, 25184, 0.174357, 0.404021, 0.436605
trial 457, 1, 1, 5, 1, 3, 35106.7, 0.852735, 0.198992, 0.381532
trial 458, 1, 0, 3, 2, 4, 1117.33, 0.743788, 0.193114, 0.366089
trial 459, 1, 1, 1, 3, 0, 57826.7, 0.36805, 0.191335, 0.23964
trial 460, 1, 0, 8, 0, 8, 34525.3, 0.977099, 0.169368, 0.348244
trial 461, 1, 0, 4, 5, 3, 5901.33, 0.685266, 0.731336, 0.410212
trial 462, 1, 0, 8, 8, 4, 4693.33, 0.922854, 0.785374, 0.669922
trial 463, 1, 0, 4, 1, 3, 63573.3, 0.819433, 0.307851, 0.679222
trial 464, 1, 0, 2, 6, 2, 4893.33, 0.654466, 0.799612, 0.591784
trial 465, 1, 1, 0, 5, 6, 4498.67, 0.130266, 0.736966, 0.640792
trial 466, 1, 1, 6, 2, 2, 67946.7, 0.844353, 0.366577, 0.381358
trial 467, 1, 0, 4, 5, 2, 2469.33, 0.746562, 0.764195, 0.661309
trial 468, 1, 1, 0, 3, 6, 74181.3, 0.169232, 0.648072, 0.656143
trial 469, 1, 0, 1, 7, 6, 39488, 0.198967, 0.840393, 0.629884
trial 470, 1, 0, 7, 7, 0, 71885.3, 0.730008, 0.31823, 0.168793
trial 471, 1, 1, 0, 4, 4, 5600, 0.202738, 0.843319, 0.670979
trial 472, 1, 0, 4, 8, 6, 45290.7, 0.921897, 0.821479, 0.67041
trial 473, 1, 1, 8, 2, 6, 27760, 0.955927, 0.283946, 0.747539
trial 474, 1, 1, 1, 2, 6, 63442.7, 0.193595, 0.827842, 0.656282
trial 475, 1, 1, 1, 6, 5, 13738.7, 0.146319, 0.835714, 0.690898
trial 476, 1, 0, 8, 5, 0, 2469.33, 0.949577, 0.578593, 0.161483
trial 477, 1, 1, 1, 8, 2, 6162.67, 0.215763, 0.843531, 0.634269
trial 478, 1, 1, 3, 4, 6, 2546.67, 0.270607, 0.82512, 0.826907
trial 479, 1, 1, 4, 5, 0, 13914.7, 0.383724, 0.703347, 0.315676
trial 480, 1, 0, 0, 2, 7, 42512, 0.398614, 0.233628, 0.359936
trial 481, 1, 0, 4, 4, 3, 77032, 0.780229, 0.792985, 0.647317
trial 482, 1, 1, 4, 4, 7, 13546.7, 0.909919, 0.823992, 0.696273
trial 483, 1, 1, 0, 8, 8, 24733.3, 0.111636, 0.909094, 0.819257
trial 484, 1, 1, 2, 4, 1, 50040, 0.162091, 0.377597, 0.410422
trial 485, 1, 0, 8, 8, 7, 73992, 0.910302, 0.827304, 0.873412
trial 486, 1, 0, 7, 4, 8, 79685.3, 0.891299, 0.796068, 0.828038
trial 487, 1, 0, 0, 2, 1, 19136, 0.74735, 0.459589, 0.243598
trial 488, 1, 1, 4, 8, 3, 7285.33, 0.617721, 0.816021, 0.612955
trial 489, 1, 1, 7, 8, 1, 41952, 0.70046, 0.796502, 0.607546
trial 490, 1, 0, 5, 4, 7, 13392, 0.72983, 0.820596, 0.755986
trial 491, 1, 0, 3, 6, 4, 23810.7, 0.727774, 0.73251, 0.631142
trial 492, 1, 1, 5, 2, 1, 4573.33, 0.847773, 0.396792, 0.385103
trial 493, 1, 1, 0, 4, 7, 6666.67, 0.194802, 0.809592, 0.664095
trial 494, 1, 1, 5, 0, 5, 17784, 0.661304, 0.261629, 0.701333
trial 495, 1, 0, 3, 6, 0, 13386.7, 0.66143, 0.706534, 0.314673
trial 496, 1, 1, 8, 4, 0, 78240, 0.864592, 0.317708, 0.166719
trial 497, 1, 1, 2, 5, 6, 41146.7, 0.284184, 0.751184, 0.66346
trial 498, 1, 1, 4, 4, 1, 61024, 0.451817, 0.793496, 0.592323
trial 499, 1, 1, 6, 6, 5, 33210.7, 0.73872, 0.786228, 0.629838
trial 500, 1, 1, 1, 6, 0, 3912, 0.652833, 0.721771, 0.297678
trial 501, 1, 1, 2, 1, 8, 33826.7, 0.396916, 0.785304, 0.786118
trial 502, 1, 1, 8, 1, 7, 48880, 0.809082, 0.630707, 0.797363
trial 503, 1, 1, 6, 5, 7, 3053.33, 0.815796, 0.831767, 0.801914
trial 504, 1, 1, 3, 0, 7, 3498.67, 0.738832, 0.271344, 0.662626
trial 505, 1, 0, 0, 3, 8, 68605.3, 0.662529, 0.746951, 0.7724
trial 506, 1, 0, 7, 5, 2, 40101.3, 0.68153, 0.712317, 0.430919
trial 507, 1, 1, 6, 2, 1, 27229.3, 0.842806, 0.433815, 0.438085
trial 508, 1, 0, 3, 1, 7, 16650.7, 0.689227, 0.32007, 0.614482
trial 509, 1, 1, 7, 7, 3, 26906.7, 0.728845, 0.745198, 0.753647
trial 510, 1, 0, 4, 0, 6, 23306.7, 0.721192, 0.297216, 0.442745
trial 511, 1, 1, 8, 6, 6, 18005.3, 0.806847, 0.707043, 0.71699
trial 512, 1, 1, 8, 5, 4, 17728, 0.790285, 0.767641, 0.748499
trial 513, 1, 1, 0, 3, 1, 39005.3, 0.440534, 0.684126, 0.633949
trial 514, 1, 1, 1, 8, 0, 16242.7, 0.339629, 0.40916, 0.421232
trial 515, 1, 0, 3, 5, 7, 43149.3, 0.714319, 0.7811, 0.762674
trial 516, 1, 0, 1, 6, 1, 70408, 0.466459, 0.707819, 0.623886
trial 517, 1, 1, 2, 5, 0, 43192, 0.555143, 0.363265, 0.384479
trial 518, 1, 1, 8, 2, 7, 23677.3, 0.738821, 0.829106, 0.933359
trial 519, 1, 0, 1, 3, 6, 27002.7, 0.630397, 0.766713, 0.69247
trial 520, 1, 1, 4, 3, 4, 73861.3, 0.821296, 0.745298, 0.715359
trial 521, 1, 1, 7, 2, 6, 5896, 0.790005, 0.778985, 0.794477
trial 522, 1, 1, 2, 2, 3, 17336, 0.749337, 0.814294, 0.743195
trial 523, 1, 0, 4, 0, 5, 11781.3, 0.819375, 0.314714, 0.659225
trial 524, 1, 0, 2, 8, 8, 25536, 0.654269, 0.807411, 0.736577
trial 525, 1, 1, 7, 6, 4, 4776, 0.833593, 0.77157, 0.766298
trial 526, 1, 1, 3, 0, 3, 18914.7, 0.635648, 0.422576, 0.380435
trial 527, 1, 1, 4, 3, 2, 38397.3, 0.650673, 0.769752, 0.683447
trial 528, 1, 1, 1, 5, 6, 5002.67, 0.72202, 0.758415, 0.680965
trial 529, 1, 0, 1, 1, 1, 2469.33, 0.664762, 0.425619, 0.440653
trial 530, 1, 1, 0, 6, 3, 8461.33, 0.231202, 0.43808, 0.472016
trial 531, 1, 0, 5, 7, 0, 41546.7, 0.716455, 0.339482, 0.362944
trial 532, 1, 0, 4, 0, 0, 7066.67, 0.692739, 0.231246, 0.331907
trial 533, 1, 0, 7, 8, 0, 24064, 0.753061, 0.312148, 0.380312
trial 534, 1, 1, 3, 6, 2, 9885.33, 0.66859, 0.550651, 0.521753
trial 535, 1, 1, 0, 6, 8, 43416, 0.436897, 0.678137, 0.655139
trial 536, 1, 0, 7, 0, 3, 72474.7, 0.857607, 0.285266, 0.602349
trial 537, 1, 0, 2, 3, 0, 17485.3, 0.744246, 0.437786, 0.395968
trial 538, 1, 0, 1, 6, 2, 33842.7, 0.336061, 0.7912, 0.435049
trial 539, 1, 0, 8, 7, 1, 42850.7, 0.765694, 0.730837, 0.638715
trial 540, 1, 1, 4, 7, 2, 15930.7, 0.671156, 0.795745, 0.705905
trial 541, 1, 0, 3, 2, 5, 59418.7, 0.764268, 0.741633, 0.801564
trial 542, 1, 0, 4, 6, 6, 61874.7, 0.890266, 0.865892, 0.776209
trial 543, 1, 0, 6, 0, 6, 43154.7, 0.906441, 0.843572, 0.826117
trial 544, 1, 1, 0, 1, 6, 31144, 0.379697, 0.808205, 0.749433
trial 545, 1, 0, 2, 4, 7, 62312, 0.282177, 0.71389, 0.652611
trial 546, 1, 1, 0, 8, 5, 30890.7, 0.260098, 0.841171, 0.760057
trial 547, 1, 1, 8, 6, 5, 40560, 0.912439, 0.812435, 0.732503
trial 548, 1, 1, 3, 1, 4, 1698.67, 0.8326, 0.599807, 0.681652
trial 549, 1, 0, 7, 1, 1, 64250.7, 0.85087, 0.355719, 0.790206
trial 550, 1, 1, 5, 1, 5, 4658.67, 0.797649, 0.405808, 0.781695
trial 551, 1, 1, 7, 5, 0, 28173.3, 0.819857, 0.686879, 0.285507
trial 552, 1, 1, 1, 4, 6, 11306.7, 0.282901, 0.796391, 0.596107
trial 553, 1, 0, 3, 1, 1, 11466.7, 0.660735, 0.724327, 0.668832
trial 554, 1, 0, 7, 6, 4, 54192, 0.899753, 0.88174, 0.755662
trial 555, 1, 0, 4, 3, 3, 5834.67, 0.683779, 0.347523, 0.651622
trial 556, 1, 1, 7, 6, 7, 12282.7, 0.809477, 0.740778, 0.711591
trial 557, 1, 1, 7, 5, 6, 413.333, 0.82223, 0.759557, 0.712619
trial 558, 1, 1, 6, 6, 1, 3010.67, 0.735837, 0.822656, 0.661295
trial 559, 1, 0, 8, 1, 4, 55250.7, 0.851837, 0.589479, 0.736629
trial 560, 1, 0, 3, 3, 3, 72098.7, 0.671507, 0.677255, 0.692005
trial 561, 1, 0, 6, 8, 3, 192, 0.928205, 0.855977, 0.690452
trial 562, 1, 0, 2, 0, 6, 58570.7, 0.700913, 0.23957, 0.780674
trial 563, 1, 0, 5, 6, 2, 17605.3, 0.851075, 0.839104, 0.710477
trial 564, 1, 0, 7, 5, 7, 26269.3, 0.831845, 0.780682, 0.684838
trial 565, 1, 1, 1, 0, 3, 63920, 0.310045, 0.286127, 0.3806
trial 566, 1, 0, 2, 7, 3, 709.333, 0.3051, 0.310889, 0.62048
trial 567, 1, 0, 5, 2, 5, 21957.3, 0.650328, 0.744539, 0.408439
trial 568, 1, 0, 2, 7, 0, 73245.3, 0.375297, 0.744362, 0.59928
trial 569, 1, 0, 7, 0, 1, 35216, 0.724698, 0.282328, 0.599393
trial 570, 1, 1, 3, 8, 4, 12397.3, 0.640925, 0.740802, 0.676768
trial 571, 1, 1, 4, 3, 0, 4154.67, 0.677281, 0.720704, 0.381203
trial 572, 1, 0, 6, 8, 8, 13568, 0.812213, 0.900329, 0.907358
trial 573, 1, 1, 1, 6, 7, 7312, 0.698009, 0.849861, 0.915499
trial 574, 1, 0, 3, 4, 4, 8848, 0.756216, 0.848165, 0.766425
trial 575, 1, 1, 3, 5, 3, 71626.7, 0.632034, 0.834676, 0.666538
trial 576, 1, 1, 8, 0, 8, 56949.3, 0.821247, 0.311075, 0.714498
trial 577, 1, 1, 2, 3, 5, 38285.3, 0.627547, 0.767075, 0.810246
trial 578, 1, 1, 1, 2, 0, 68834.7, 0.339995, 0.708328, 0.636829
trial 579, 1, 0, 5, 1, 8, 43197.3, 0.819863, 0.396273, 0.757088
trial 580, 1, 1, 4, 7, 4, 60477.3, 0.789527, 0.737992, 0.74398
trial 581, 1, 1, 4, 6, 0, 1965.33, 0.549651, 0.517203, 0.5
trial 582, 1, 1, 7, 8, 8, 67346.7, 0.781108, 0.97483, 0.861421
trial 583, 1, 0, 0, 5, 3, 71269.3, 0.437353, 0.838368, 0.611981
trial 584, 1, 0, 3, 4, 0, 885.333, 0.5636, 0.344193, 0.380612
trial 585, 1, 1, 8, 2, 1, 49389.3, 0.926037, 0.874582, 0.800377
trial 586, 1, 0, 6, 4, 1, 71128, 0.642554, 0.450329, 0.5
trial 587, 1, 0, 3, 5, 6, 57488, 0.654942, 0.822346, 0.810724
trial 588, 1, 1, 0, 5, 2, 17341.3, 0.149639, 0.70213, 0.669932
trial 589, 1, 0, 3, 3, 4, 5930.67, 0.686768, 0.717239, 0.778828
trial 590, 1, 1, 8, 2, 3, 76506.7, 0.825286, 0.517599, 0.746962
trial 591, 1, 0, 0, 6, 2, 5093.33, 0.325973, 0.647883, 0.661838
trial 592, 1, 0, 3, 1, 5, 42981.3, 0.657708, 0.282924, 0.643353
trial 593, 1, 0, 3, 7, 8, 72376, 0.700192, 0.752711, 0.711777
trial 594, 1, 0, 7, 7, 6, 7240, 0.706068, 0.798567, 0.715905
trial 595, 1, 0, 0, 8, 8, 12242.7, 0.649838, 0.73577, 0.800016
trial 596, 1, 1, 5, 0, 6, 55098.7, 0.814009, 0.446574, 0.73447
trial 597, 1, 0, 2, 7, 8, 46754.7, 0.311854, 0.784822, 0.888517
trial 598, 1, 0, 1, 5, 3, 41853.3, 0.384947, 0.80621, 0.704448
trial 599, 1, 1, 4, 5, 8, 53794.7, 0.84089, 0.844227, 0.867358
trial 600, 1, 0, 7, 6, 1, 14709.3, 0.741624, 0.77658, 0.432073
trial 601, 1, 1, 7, 0, 6, 7301.33, 0.899624, 0.726667, 0.774827
trial 602, 1, 1, 0, 3, 2, 75480, 0.250557, 0.859041, 0.373952
trial 603, 1, 0, 4, 2, 7, 1365.33, 0.872354, 0.835134, 0.692037
trial 604, 1, 0, 8, 3, 5, 15624, 0.894433, 0.784263, 0.856077
trial 605, 1, 0, 4, 2, 6, 37389.3, 0.789763, 0.847025, 0.736674
trial 606, 1, 0, 1, 2, 7, 70752, 0.412068, 0.692404, 0.761893
trial 607, 1, 1, 3, 1, 5, 64749.3, 0.619458, 0.367707, 0.451925
trial 608, 1, 0, 8, 1, 6, 22778.7, 0.871489, 0.392568, 0.845874
trial 609, 1, 0, 3, 3, 5, 31074.7, 0.855172, 0.780318, 0.725489
trial 610, 1, 1, 0, 4, 8, 35141.3, 0.323487, 0.745739, 0.890261
trial 611, 1, 0, 4, 8, 4, 58122.7, 0.715117, 0.816699, 0.597465
trial 612, 1, 1, 8, 1, 5, 1650.67, 0.806302, 0.777749, 0.70659
trial 613, 1, 1, 7, 3, 1, 1706.67, 0.737476, 0.781601, 0.426288
trial 614, 1, 1, 1, 1, 5, 8181.33, 0.272563, 0.762325, 0.61892
trial 615, 1, 0, 1, 7, 3, 10400, 0.344061, 0.694744, 0.636886
trial 616, 1, 0, 8, 1, 0, 45288, 0.823479, 0.29942, 0.328091
trial 617, 1, 0, 3, 3, 7, 933.333, 0.371027, 0.710784, 0.798047
trial 618, 1, 0, 7, 0, 7, 51045.3, 0.750986, 0.326845, 0.790264
trial 619, 1, 1, 7, 4, 3, 9141.33, 0.831486, 0.757847, 0.736625
trial 620, 1, 0, 2, 7, 2, 72672, 0.426696, 0.846851, 0.69332
trial 621, 1, 1, 5, 1, 2, 19085.3, 0.652598, 0.350291, 0.358161
trial 622, 1, 0, 1, 0, 4, 65325.3, 0.217685, 0.314998, 0.431649
trial 623, 1, 0, 4, 3, 5, 76701.3, 0.682866, 0.282974, 0.408536
trial 624, 1, 0, 0, 4, 3, 52320, 0.2492, 0.678079, 0.558736
trial 625, 1, 1, 4, 8, 6, 5632, 0.701057, 0.77697, 0.620366
trial 626, 1, 1, 5, 2, 8, 71296, 0.924031, 0.805702, 0.680376
trial 627, 1, 1, 1, 4, 4, 60042.7, 0.808959, 0.806882, 0.637236
trial 628, 1, 1, 7, 4, 5, 19578.7, 0.962499, 0.865279, 0.613213
trial 629, 1, 0, 3, 2, 7, 14864, 0.762574, 0.573639, 0.843704
trial 630, 1, 1, 3, 0, 2, 60120, 0.453866, 0.324603, 0.464638
trial 631, 1, 1, 0, 4, 6, 31405.3, 0.245394, 0.752942, 0.562125
trial 632, 1, 0, 2, 5, 6, 36909.3, 0.367696, 0.765395, 0.671695
trial 633, 1, 0, 1, 4, 2, 72189.3, 0.721739, 0.786567, 0.594039
trial 634, 1, 0, 2, 0, 3, 63821.3, 0.551758, 0.285754, 0.39845
trial 635, 1, 0, 8, 7, 8, 54037.3, 1, 0.84754, 0.77038
trial 636, 1, 1, 4, 2, 3, 5602.67, 0.918995, 0.841964, 0.761278
trial 637, 1, 0, 5, 8, 3, 3170.67, 0.926171, 0.792521, 0.646437
trial 638, 1, 1, 1, 0, 4, 30570.7, 0.838006, 0.27848, 0.672852
trial 639, 1, 0, 6, 5, 6, 50042.7, 0.92514, 0.782012, 0.675381
trial 640, 1, 1, 6, 1, 2, 58645.3, 0.974497, 0.809998, 0.740448
trial 641, 1, 0, 2, 2, 7, 1528, 0.82664, 0.680333, 0.59793
trial 642, 1, 1, 5, 4, 3, 35941.3, 0.636771, 0.707342, 0.593966
trial 643, 1, 1, 7, 6, 0, 40322.7, 0.732362, 0.44048, 0.451769
trial 644, 1, 1, 7, 0, 1, 52666.7, 0.833586, 0.727526, 0.65205
trial 645, 1, 1, 7, 1, 2, 39485.3, 0.890534, 0.484121, 0.595048
trial 646, 1, 1, 6, 2, 7, 57922.7, 0.872653, 0.773474, 0.702379
trial 647, 1, 0, 2, 2, 3, 11544, 0.331221, 0.756831, 0.550718
trial 648, 1, 0, 4, 7, 0, 50720, 0.448735, 0.731153, 0.325498
trial 649, 1, 1, 8, 0, 5, 21509.3, 0.774891, 0.346395, 0.727744
trial 650, 1, 1, 1, 1, 0, 39474.7, 0.60124, 0.335668, 0.384789
trial 651, 1, 0, 0, 8, 3, 4520, 0.169484, 0.737419, 0.622779
trial 652, 1, 0, 5, 7, 8, 19085.3, 0.846009, 0.820384, 0.604035
trial 653, 1, 1, 3, 6, 6, 42066.7, 0.738014, 0.80654, 0.747208
trial 654, 1, 1, 6, 8, 2, 59194.7, 0.709796, 0.738244, 0.647165
trial 655, 1, 0, 7, 5, 4, 2024, 0.816935, 0.728224, 0.759804
trial 656, 1, 1, 6, 1, 1, 32389.3, 0.728332, 0.408096, 0.672169
trial 657, 1, 0, 8, 0, 0, 24578.7, 0.786226, 0.409816, 0.38213
trial 658, 1, 0, 0, 8, 2, 27709.3, 0.387837, 0.81824, 0.5
trial 659, 1, 1, 7, 3, 4, 72677.3, 0.888512, 0.76229, 0.598966
trial 660, 1, 0, 6, 1, 6, 6362.67, 0.883681, 0.694781, 0.750128
trial 661, 1, 1, 4, 1, 5, 73112, 0.91614, 0.81497, 0.765543
trial 662, 1, 0, 3, 0, 5, 6589.33, 0.812657, 0.266412, 0.5
trial 663, 1, 0, 2, 5, 7, 31402.7, 0.305587, 0.738473, 0.633856
trial 664, 1, 0, 1, 7, 2, 37445.3, 0.400838, 0.751068, 0.621876
trial 665, 1, 0, 6, 5, 0, 2280, 0.80899, 0.42534, 0.434487
trial 666, 1, 0, 5, 1, 1, 55573.3, 0.82447, 0.306991, 0.336774
trial 667, 1, 1, 3, 5, 5, 71954.7, 0.776285, 0.830692, 0.644306
trial 668, 1, 0, 3, 5, 2, 517.333, 0.650794, 0.74172, 0.57554
trial 669, 1, 0, 2, 8, 1, 54496, 0.588429, 0.520745, 0.5
trial 670, 1, 1, 7, 2, 2, 15786.7, 0.846305, 0.370335, 0.565021
trial 671, 1, 1, 3, 6, 1, 1912, 0.802381, 0.602776, 0.638062
trial 672, 1, 1, 4, 8, 2, 78872, 0.716345, 0.569981, 0.661748
trial 673, 1, 0, 8, 2, 2, 7365.33, 0.855939, 0.290295, 0.354102
trial 674, 1, 1, 3, 4, 3, 35514.7, 0.534382, 0.694117, 0.642752
trial 675, 1, 0, 7, 0, 8, 42277.3, 0.941906, 0.180014, 0.825543
trial 676, 1, 0, 2, 2, 2, 34082.7, 0.737167, 0.652142, 0.629686
trial 677, 1, 1, 5, 3, 2, 46136, 0.873605, 0.773907, 0.723884
trial 678, 1, 0, 3, 2, 8, 77906.7, 0.919813, 0.820005, 0.873871
trial 679, 1, 1, 7, 4, 0, 9442.67, 0.453728, 0.519593, 0.738986
trial 680, 1, 0, 7, 4, 3, 77093.3, 0.946687, 0.777546, 0.60013
trial 681, 1, 1, 3, 2, 6, 77840, 0.546566, 0.54597, 0.5
trial 682, 1, 0, 0, 3, 2, 77165.3, 0.287765, 0.601356, 0.60897
trial 683, 1, 0, 7, 7, 1, 70960, 0.807597, 0.729335, 0.691359
trial 684, 1, 0, 8, 3, 3, 5877.33, 0.844691, 0.729847, 0.611236
trial 685, 1, 1, 7, 1, 7, 77037.3, 0.82202, 0.482038, 0.76447
trial 686, 1, 0, 0, 7, 1, 24221.3, 0.800434, 0.727616, 0.690826
trial 687, 1, 1, 6, 1, 8, 56493.3, 0.843943, 0.60761, 0.862864
trial 688, 1, 1, 8, 4, 5, 61272, 0.911061, 0.721898, 0.856385
trial 689, 1, 0, 3, 5, 3, 1136, 0.275653, 0.687218, 0.699439
trial 690, 1, 1, 2, 1, 2, 47210.7, 0.236804, 0.396922, 0.460107
trial 691, 1, 1, 7, 6, 3, 77333.3, 0.874906, 0.817632, 0.651882
trial 692, 1, 0, 7, 7, 7, 58845.3, 0.89351, 0.760254, 0.700183
trial 693, 1, 1, 8, 8, 7, 32104, 0.959077, 0.83529, 0.892261
trial 694, 1, 1, 5, 8, 3, 30770.7, 0.902347, 0.749424, 0.820928
trial 695, 1, 1, 0, 2, 2, 53661.3, 0.146337, 0.520651, 0.512136
trial 696, 1, 0, 2, 5, 1, 23794.7, 0.3822, 0.612242, 0.473797
trial 697, 1, 1, 3, 3, 1, 78829.3, 0.352069, 0.702193, 0.587247
trial 698, 1, 1, 2, 7, 8, 7384, 0.351525, 0.75619, 0.656049
trial 699, 1, 1, 0, 3, 0, 16312, 0.24566, 0.348675, 0.449364
trial 700, 1, 0, 8, 1, 5, 19618.7, 0.890102, 0.395683, 0.74506
trial 701, 1, 1, 6, 4, 0, 62685.3, 0.76411, 0.32661, 0.601075
trial 702, 1, 1, 4, 2, 1, 53466.7, 0.733982, 0.348189, 0.681331
trial 703, 1, 1, 8, 4, 6, 2389.33, 0.89669, 0.749895, 0.828804
trial 704, 1, 0, 4, 8, 8, 30784, 0.831585, 0.754898, 0.857402
trial 705, 1, 1, 8, 2, 5, 28810.7, 0.884935, 0.726362, 0.788129
trial 706, 1, 1, 6, 6, 3, 65632, 0.880269, 0.750099, 0.80932
trial 707, 1, 0, 0, 1, 1, 6522.67, 0.302595, 0.448747, 0.406284
trial 708, 1, 0, 1, 2, 0, 77840, 0.146577, 0.333601, 0.446557
trial 709, 1, 1, 2, 0, 4, 69394.7, 0.36944, 0.404416, 0.420401
trial 710, 1, 0, 8, 0, 3, 66802.7, 0.931849, 0.770707, 0.353384
trial 711, 1, 0, 8, 7, 6, 77826.7, 0.802029, 0.765135, 0.763329
trial 712, 1, 0, 3, 6, 6, 57037.3, 0.80506, 0.733301, 0.708018
trial 713, 1, 0, 2, 8, 5, 6285.33, 0.550427, 0.719364, 0.710491
trial 714, 1, 0, 5, 8, 6, 69498.7, 0.756767, 0.734057, 0.634204
trial 715, 1, 1, 2, 6, 5, 64672, 0.303419, 0.724674, 0.595026
trial 716, 1, 1, 2, 0, 7, 27760, 0.207211, 0.313169, 0.603041
trial 717, 1, 0, 6, 3, 6, 76472, 0.813654, 0.766892, 0.774705
trial 718, 1, 1, 8, 6, 7, 1768, 0.449068, 0.824033, 0.751606
trial 719, 1, 0, 8, 2, 5, 49784, 0.955443, 0.819688, 0.759134
trial 720, 1, 0, 7, 5, 6, 27528, 0.941485, 0.817975, 0.773938
trial 721, 1, 1, 7, 8, 0, 78789.3, 0.76153, 0.776183, 0
trial 722, 1, 0, 7, 0, 6, 23040, 0.776223, 0.196582, 0.768243
trial 723, 1, 0, 8, 7, 2, 1693.33, 0.945147, 0.792062, 0.761103
trial 724, 1, 0, 5, 8, 0, 36013.3, 0.789813, 0.776574, 0.114772
trial 725, 1, 1, 0, 7, 3, 5288, 0.093604, 0.851971, 0.620127
trial 726, 1, 0, 6, 1, 1, 20522.7, 0.637353, 0.371132, 0.65575
trial 727, 1, 0, 0, 1, 0, 5973.33, 0.426524, 0.275072, 0.327991
trial 728, 1, 0, 6, 5, 2, 62808, 0.862909, 0.717487, 0.649236
trial 729, 1, 0, 2, 7, 6, 17234.7, 0.450965, 0.757908, 0.581323
trial 730, 1, 1, 4, 0, 4, 44941.3, 0.704046, 0.211845, 0.427716
trial 731, 1, 0, 2, 2, 1, 59504, 0.764833, 0.64089, 0.432254
trial 732, 1, 1, 1, 0, 0, 52125.3, 0.385548, 0.280577, 0.335597
trial 733, 1, 0, 1, 8, 3, 65688, 0.497943, 0.658172, 0.430089
trial 734, 1, 1, 7, 1, 1, 59840, 0.813603, 0.252851, 0.442178
trial 735, 1, 0, 1, 5, 0, 67504, 0.155389, 0.613581, 0.0885375
trial 736, 1, 1, 0, 3, 3, 34933.3, 0.134043, 0.664487, 0.232737
trial 737, 1, 0, 0, 0, 3, 1632, 0.139024, 0.258688, 0.376876
trial 738, 1, 1, 3, 3, 2, 2010.67, 0.652908, 0.223956, 0.451399
trial 739, 1, 1, 5, 7, 8, 79792, 0.68767, 0.811434, 0.911536
trial 740, 1, 1, 1, 8, 4, 12773.3, 0.369081, 0.842004, 0.641257
trial 741, 1, 0, 8, 4, 1, 6525.33, 0.776954, 0.74702, 0.649329
trial 742, 1, 0, 8, 2, 7, 33256, 0.929741, 0.89455, 0.941431
trial 743, 1, 0, 6, 7, 4, 75397.3, 0.864404, 0.788385, 0.73139
trial 744, 1, 1, 7, 6, 1, 9752, 0.915469, 0.70372, 0.74647
trial 745, 1, 1, 0, 3, 5, 17445.3, 0.152704, 0.734077, 0.749704
trial 746, 1, 0, 1, 3, 4, 58149.3, 0.379096, 0.665141, 0.658766
trial 747, 1, 1, 8, 7, 3, 41733.3, 0.936956, 0.893947, 0.5
trial 748, 1, 0, 5, 7, 1, 75240, 0.820326, 0.863085, 0.5
trial 749, 1, 1, 2, 0, 2, 48589.3, 0.622518, 0.352711, 0.426524
trial 750, 1, 1, 6, 7, 0, 78933.3, 0.655894, 0.240647, 0.301568
trial 751, 1, 0, 2, 4, 8, 32797.3, 0.351795, 0.309129, 0.387416
trial 752, 1, 1, 2, 3, 7, 49752, 0.29581, 0.712783, 0.636033
trial 753, 1, 1, 5, 2, 2, 6357.33, 0.692536, 0.779012, 0.692012
trial 754, 1, 0, 6, 2, 1, 59890.7, 0.89497, 0.733433, 0.664432
trial 755, 1, 1, 8, 7, 0, 26096, 0.851145, 0.816304, 0.105619
trial 756, 1, 1, 5, 8, 1, 5941.33, 0.876913, 0.854578, 0.613791
trial 757, 1, 1, 5, 8, 7, 44256, 0.760878, 0.815535, 0.733991
trial 758, 1, 1, 0, 1, 0, 51237.3, 0.121657, 0.201613, 0.421813
trial 759, 1, 0, 6, 7, 3, 77589.3, 0.782596, 0.811105, 0.803014
trial 760, 1, 1, 2, 8, 5, 69642.7, 0.325816, 0.821783, 0.781999
trial 761, 1, 0, 2, 3, 3, 29077.3, 0.802024, 0.71034, 0.710166
trial 762, 1, 0, 3, 0, 3, 48322.7, 0.529878, 0.302255, 0.668866
trial 763, 1, 1, 8, 8, 8, 22621.3, 0.95096, 0.861256, 0.876875
trial 764, 1, 1, 4, 1, 8, 37389.3, 0.745637, 0.806331, 0.927637
trial 765, 1, 1, 3, 8, 7, 66818.7, 0.759017, 0.785749, 0.81608
trial 766, 1, 0, 5, 7, 4, 78578.7, 0.851223, 0.775397, 0.72872
trial 767, 1, 0, 0, 4, 7, 1160, 0.420965, 0.69817, 0.719176
trial 768, 1, 0, 4, 4, 4, 58170.7, 0.804264, 0.591682, 0.718662
trial 769, 1, 1, 6, 6, 4, 62168, 0.73981, 0.762017, 0.73749
trial 770, 1, 0, 4, 3, 7, 19696, 0.732622, 0.51089, 0.792339
trial 771, 1, 1, 8, 5, 6, 64762.7, 0.882361, 0.7427, 0.807643
trial 772, 1, 1, 7, 5, 8, 78517.3, 0.925364, 0.796722, 0.940935
trial 773, 1, 1, 1, 2, 2, 54762.7, 0.206659, 0.689284, 0.670288
trial 774, 1, 1, 6, 6, 2, 1888, 0.891518, 0.726403, 0.796059
trial 775, 1, 1, 8, 5, 3, 39832, 0.904258, 0.690114, 0.724858
trial 776, 1, 0, 0, 5, 5, 28658.7, 0.276253, 0.759822, 0.716551
trial 777, 1, 0, 1, 8, 2, 23149.3, 0.158515, 0.698907, 0.643981
trial 778, 1, 0, 1, 5, 5, 6576, 0.730725, 0.687144, 0.642947
trial 779, 1, 1, 5, 6, 1, 194.667, 0.786598, 0.639458, 0.594257
trial 780, 1, 0, 0, 6, 7, 31576, 0.383144, 0.74882, 0.896616
trial 781, 1, 1, 6, 0, 8, 33464, 0.730097, 0.245198, 0.854839
trial 782, 1, 1, 1, 1, 4, 6192, 0.755817, 0.244156, 0.693875
trial 783, 1, 0, 7, 3, 7, 75634.7, 0.889605, 0.761196, 0.880286
trial 784, 1, 1, 3, 8, 2, 43616, 0.9009, 0.751485, 0.766036
trial 785, 1, 0, 8, 5, 5, 53904, 0.903038, 0.796493, 0.716159
trial 786, 1, 0, 6, 5, 5, 304, 0.830689, 0.739777, 0.822286
trial 787, 1, 0, 7, 8, 2, 34882.7, 0.932585, 0.734615, 0.838984
trial 788, 1, 0, 8, 3, 6, 12949.3, 0.928853, 0.800457, 0.924882
trial 789, 1, 0, 1, 3, 5, 56552, 0.609313, 0.717291, 0.74205
trial 790, 1, 1, 4, 2, 6, 47184, 0.684886, 0.340228, 0.695915
trial 791, 1, 0, 1, 2, 5, 2.66667, 0.30285, 0.555694, 0.769887
trial 792, 1, 1, 4, 5, 3, 1592, 0.38306, 0.42944, 0.762088
trial 793, 1, 0, 7, 2, 4, 5245.33, 0.866828, 0.76388, 0.755829
trial 794, 1, 1, 2, 2, 8, 30848, 0.848954, 0.685876, 0.757207
trial 795, 1, 0, 7, 8, 5, 40250.7, 0.852857, 0.770162, 0.675619
trial 796, 1, 0, 6, 1, 0, 41888, 0.802972, 0.341357, 0.460119
trial 797, 1, 0, 3, 6, 8, 74125.3, 0.808987, 0.792258, 0.713979
trial 798, 1, 0, 8, 7, 0, 2018.67, 0.851996, 0.431901, 0.683331
trial 799, 1, 0, 3, 4, 3, 32509.3, 0.572126, 0.669444, 0.718773
trial 800, 1, 0, 6, 2, 8, 20474.7, 0.758784, 0.287294, 0.814402
trial 801, 1, 0, 6, 5, 3, 19418.7, 0.888688, 0.793895, 0.820049
trial 802, 1, 1, 4, 0, 1, 20437.3, 0.755427, 0.30804, 0.671007
trial 803, 1, 0, 6, 0, 4, 54309.3, 0.810568, 0.301723, 0.801401
trial 804, 1, 1, 6, 0, 0, 7101.33, 0.707512, 0.372344, 0.657482
trial 805, 1, 1, 1, 7, 7, 23605.3, 0.195802, 0.791134, 0.782984
trial 806, 1, 1, 0, 7, 1, 48298.7, 0.111011, 0.779428, 0.66029
trial 807, 1, 1, 3, 3, 0, 61688, 0.145541, 0.374266, 0.387796
trial 808, 1, 0, 2, 4, 3, 2824, 0.631511, 0.75334, 0.571513
trial 809, 1, 0, 8, 8, 1, 2357.33, 0.898811, 0.6608, 0.599145
trial 810, 1, 1, 5, 4, 6, 55394.7, 0.880098, 0.819336, 0.90106
trial 811, 1, 1, 0, 6, 0, 57528, 0.197745, 0.343957, 0.425807
trial 812, 1, 0, 4, 7, 2, 63218.7, 0.697503, 0.67224, 0.620372
trial 813, 1, 1, 0, 5, 3, 1546.67, 0.186652, 0.655199, 0.598406
trial 814, 1, 0, 7, 7, 4, 37349.3, 0.821641, 0.75013, 0.683311
trial 815, 1, 1, 6, 8, 0, 43538.7, 0.838981, 0.675813, 0.261857
trial 816, 1, 1, 3, 2, 2, 45880, 0.760409, 0.331089, 0.597241
trial 817, 1, 1, 7, 0, 3, 6536, 0.671569, 0.292167, 0.717563
trial 818, 1, 0, 4, 7, 7, 11352, 0.700869, 0.708015, 0.865153
trial 819, 1, 1, 3, 7, 7, 63010.7, 0.714031, 0.814782, 0.681655
trial 820, 1, 1, 7, 8, 4, 59229.3, 0.899931, 0.743539, 0.617948
trial 821, 1, 1, 8, 3, 5, 7973.33, 0.960388, 0.71375, 0.856911
trial 822, 1, 1, 8, 0, 1, 74906.7, 0.97791, 0.101742, 0.803714
trial 823, 1, 1, 7, 6, 6, 42197.3, 0.909605, 0.905078, 0.788268
trial 824, 1, 1, 7, 7, 8, 5266.67, 0.967424, 0.755478, 0.874215
trial 825, 1, 1, 8, 7, 7, 36512, 0.939767, 0.847621, 0.901349
trial 826, 1, 0, 5, 3, 3, 55024, 0.775938, 0.596686, 0.666202
trial 827, 1, 0, 4, 4, 8, 17013.3, 0.633772, 0.680356, 0.839563
trial 828, 1, 0, 0, 6, 4, 17162.7, 0.39097, 0.769396, 0.683993
trial 829, 1, 1, 7, 2, 3, 68685.3, 0.734985, 0.770923, 0.632989
trial 830, 1, 0, 0, 4, 4, 46730.7, 0.210374, 0.639273, 0.602246
trial 831, 1, 0, 0, 3, 3, 54754.7, 0.350873, 0.61896, 0.54989
trial 832, 1, 1, 4, 0, 7, 50434.7, 0.203045, 0.258319, 0.366458
trial 833, 1, 0, 7, 3, 8, 16440, 0.881561, 0.417001, 0.795323
trial 834, 1, 1, 4, 8, 8, 4608, 0.646465, 0.819177, 0.975216
trial 835, 1, 1, 7, 3, 7, 51653.3, 0.907251, 0.787061, 0.659193
trial 836, 1, 0, 1, 6, 8, 10624, 0.677177, 0.818185, 0.650991
trial 837, 1, 0, 2, 2, 0, 76106.7, 0.693981, 0.362952, 0.406126
trial 838, 1, 1, 6, 6, 0, 15021.3, 0.69067, 0.700481, 0.407964
trial 839, 1, 1, 2, 4, 5, 35536, 0.673197, 0.730613, 0.595686
trial 840, 1, 0, 8, 3, 8, 10256, 0.868918, 0.71701, 0.635426
trial 841, 1, 1, 4, 1, 2, 42613.3, 0.841512, 0.331794, 0.668087
trial 842, 1, 1, 1, 2, 4, 36952, 0.688028, 0.716113, 0.631754
trial 843, 1, 0, 8, 6, 5, 16989.3, 0.895333, 0.725769, 0.723542
trial 844, 1, 1, 7, 5, 4, 16117.3, 0.833648, 0.704387, 0.687136
trial 845, 1, 1, 4, 1, 0, 12658.7, 0.745529, 0.392896, 0.39467
trial 846, 1, 0, 0, 3, 7, 3330.67, 0.355133, 0.408244, 0.662651
trial 847, 1, 0, 2, 3, 5, 1848, 0.604632, 0.721587, 0.679614
trial 848, 1, 0, 3, 5, 5, 20077.3, 0.642862, 0.769828, 0.644215
trial 849, 1, 0, 5, 5, 0, 7805.33, 0.778944, 0.566888, 0.339103
trial 850, 1, 0, 8, 2, 8, 51696, 0.781057, 0.302934, 0.852709
trial 851, 1, 0, 6, 6, 4, 429.333, 0.859565, 0.732079, 0.733362
trial 852, 1, 1, 2, 2, 6, 19922.7, 0.25544, 0.60536, 0.715671
trial 853, 1, 1, 6, 1, 7, 61328, 0.804184, 0.285538, 0.647146
trial 854, 1, 1, 1, 7, 3, 33925.3, 0.262999, 0.587789, 0.580956
trial 855, 1, 0, 1, 1, 6, 8362.67, 0.295686, 0.300194, 0.732654
trial 856, 1, 1, 5, 4, 4, 47581.3, 0.698255, 0.352064, 0.5
trial 857, 1, 0, 3, 3, 2, 10205.3, 0.578792, 0.352585, 0.641524
trial 858, 1, 1, 7, 4, 8, 41098.7, 0.834332, 0.421314, 0.775916
trial 859, 1, 1, 8, 1, 8, 55600, 0.953337, 0.276251, 0.825515
trial 860, 1, 0, 1, 7, 0, 11674.7, 0.255926, 0.599534, 0.187637
trial 861, 1, 1, 1, 8, 8, 65149.3, 0.236023, 0.83884, 0.680781
trial 862, 1, 1, 0, 0, 0, 37386.7, 0.123648, 0.22836, 0.279577
trial 863, 1, 1, 2, 2, 5, 56405.3, 0.246031, 0.429172, 0.443047
trial 864, 1, 1, 1, 7, 2, 49802.7, 0.146673, 0.787258, 0.574021
trial 865, 1, 0, 1, 5, 8, 56776, 0.635605, 0.735087, 0.668295
trial 866, 1, 1, 1, 5, 4, 8949.33, 0.247562, 0.75408, 0.743435
trial 867, 1, 1, 3, 6, 7, 72370.7, 0.719589, 0.697879, 0.784967
trial 868, 1, 1, 1, 5, 5, 17397.3, 0.148251, 0.773866, 0.657434
trial 869, 1, 1, 0, 0, 4, 66506.7, 0.311346, 0.345491, 0.693086
trial 870, 1, 0, 6, 3, 7, 75829.3, 0.786881, 0.299589, 0.670819
trial 871, 1, 0, 1, 8, 7, 8765.33, 0.527271, 0.768084, 0.816622
trial 872, 1, 1, 2, 8, 2, 20280, 0.792577, 0.716691, 0.647069
trial 873, 1, 0, 7, 1, 7, 3949.33, 0.924289, 0.719793, 0.862495
trial 874, 1, 1, 0, 8, 0, 58520, 0.16861, 0.847306, 0.0862123
trial 875, 1, 0, 8, 6, 7, 11440, 0.899901, 0.775858, 0.865656
trial 876, 1, 0, 1, 5, 1, 15144, 0.262517, 0.733783, 0.681828
trial 877, 1, 1, 4, 2, 0, 65104, 0.788539, 0.334015, 0.373154
trial 878, 1, 0, 5, 4, 2, 62186.7, 0.842389, 0.71282, 0.718987
trial 879, 1, 0, 0, 3, 5, 1664, 0.364509, 0.74023, 0.636439
trial 880, 1, 0, 0, 5, 4, 2832, 0.358178, 0.733219, 0.5
trial 881, 1, 0, 3, 3, 0, 27005.3, 0.673719, 0.642963, 0.331352
trial 882, 1, 1, 3, 4, 2, 45938.7, 0.733517, 0.794463, 0.681842
trial 883, 1, 1, 1, 1, 1, 26808, 0.374241, 0.331577, 0.681019
trial 884, 1, 0, 6, 5, 4, 11544, 0.838461, 0.698432, 0.669939
trial 885, 1, 0, 7, 3, 2, 36162.7, 0.851648, 0.583525, 0.435439
trial 886, 1, 0, 0, 3, 1, 637.333, 0.267019, 0.699464, 0.433354
trial 887, 1, 0, 1, 0, 8, 33304, 0.330592, 0.248382, 0.641946
trial 888, 1, 1, 5, 8, 0, 23234.7, 0.754196, 0.603041, 0.172561
trial 889, 1, 0, 8, 1, 8, 66240, 0.900383, 0.712102, 0.837972
trial 890, 1, 1, 0, 5, 7, 44168, 0.222528, 0.735225, 0.659459
trial 891, 1, 0, 3, 7, 2, 25442.7, 0.644981, 0.353042, 0.722108
trial 892, 1, 1, 6, 1, 6, 61058.7, 0.852269, 0.352659, 0.801099
trial 893, 1, 1, 5, 0, 1, 75728, 0.845638, 0.275071, 0.719771
trial 894, 1, 0, 0, 8, 6, 22618.7, 0.362479, 0.699289, 0.671017
trial 895, 1, 1, 5, 0, 7, 3856, 0.875196, 0.681537, 0.78461
trial 896, 1, 0, 1, 8, 6, 78141.3, 0.282695, 0.709563, 0.720842
trial 897, 1, 0, 2, 2, 4, 52504, 0.3311, 0.667986, 0.689254
trial 898, 1, 0, 4, 7, 8, 58186.7, 0.922468, 0.777107, 0.877265
trial 899, 1, 0, 2, 5, 8, 29098.7, 0.959835, 0.686974, 0.772049
trial 900, 1, 0, 6, 2, 7, 28685.3, 0.832815, 0.752052, 0.859156
trial 901, 1, 0, 0, 8, 7, 36650.7, 0.551813, 0.674783, 0.828499
trial 902, 1, 0, 1, 4, 4, 63250.7, 0.355181, 0.64718, 0.697507
trial 903, 1, 0, 2, 8, 4, 14925.3, 0.656974, 0.696171, 0.647952
trial 904, 1, 0, 4, 5, 1, 63624, 0.671434, 0.42607, 0.360804
trial 905, 1, 1, 2, 4, 0, 6160, 0.334593, 0.874737, 0.701564
trial 906, 1, 0, 8, 8, 2, 20610.7, 0.893464, 0.681526, 0.625078
trial 907, 1, 0, 7, 5, 3, 32744, 0.882138, 0.688131, 0.771171
trial 908, 1, 1, 5, 2, 3, 46898.7, 0.676261, 0.310176, 0.672277
trial 909, 1, 0, 2, 1, 8, 3306.67, 0.803134, 0.347145, 0.650315
trial 910, 1, 0, 5, 8, 5, 2280, 0.864003, 0.807122, 0.716394
trial 911, 1, 1, 7, 5, 7, 53981.3, 0.870126, 0.71596, 0.784267
trial 912, 1, 1, 4, 8, 7, 272, 0.730985, 0.690284, 0.810944
trial 913, 1, 0, 3, 0, 2, 55352, 0.325812, 0.283068, 0.383493
trial 914, 1, 0, 5, 2, 8, 4290.67, 0.66776, 0.352002, 0.769888
trial 915, 1, 1, 6, 5, 1, 25477.3, 0.836892, 0.389456, 0.65207
trial 916, 1, 0, 0, 4, 2, 317.333, 0.634855, 0.697649, 0.71594
trial 917, 1, 1, 2, 7, 6, 16949.3, 0.652086, 0.709285, 0.766304
trial 918, 1, 1, 3, 1, 8, 67440, 0.710174, 0.689695, 0.839693
trial 919, 1, 0, 7, 5, 1, 72618.7, 0.888198, 0.760117, 0.715585
trial 920, 1, 1, 7, 2, 0, 18546.7, 0.971652, 0.343877, 0.317413
trial 921, 1, 1, 5, 5, 2, 74600, 0.914898, 0.73072, 0.797213
trial 922, 1, 1, 0, 6, 5, 37458.7, 0.297502, 0.582373, 0.684709
trial 923, 1, 1, 7, 6, 2, 17696, 0.820791, 0.678568, 0.735933
trial 924, 1, 0, 4, 0, 4, 25224, 0.624118, 0.236605, 0.784995
trial 925, 1, 0, 2, 2, 5, 36738.7, 0.659644, 0.30709, 0.703421
trial 926, 1, 1, 3, 4, 4, 77701.3, 0.553609, 0.678059, 0.615238
trial 927, 1, 0, 6, 4, 7, 7384, 0.894954, 0.723562, 0.730481
trial 928, 1, 0, 0, 5, 8, 77688, 0.713114, 0.745762, 0.672092
trial 929, 1, 0, 2, 1, 4, 3898.67, 0.714674, 0.346461, 0.633778
trial 930, 1, 0, 7, 2, 8, 57600, 0.877305, 0.4135, 0.652586
trial 931, 1, 0, 7, 7, 2, 67354.7, 0.837645, 0.730014, 0.670398
trial 932, 1, 1, 5, 1, 0, 28986.7, 0.74664, 0.598844, 0.293612
trial 933, 1, 1, 4, 4, 8, 65432, 0.677583, 0.77907, 0.672266
trial 934, 1, 0, 6, 6, 3, 37610.7, 0.824194, 0.712114, 0.636531
trial 935, 1, 0, 8, 4, 3, 34429.3, 0.682167, 0.772766, 0.456891
trial 936, 1, 1, 6, 2, 6, 39909.3, 0.636592, 0.709673, 0.658693
trial 937, 1, 0, 2, 8, 2, 74149.3, 0.259149, 0.754386, 0.455343
trial 938, 1, 1, 3, 7, 4, 33256, 0.615896, 0.664922, 0.511257
trial 939, 1, 1, 7, 7, 5, 41752, 0.761802, 0.678766, 0.827275
trial 940, 1, 1, 0, 4, 1, 42461.3, 0.280529, 0.762666, 0.628367
trial 941, 1, 1, 5, 1, 6, 40181.3, 0.858261, 0.478103, 0.77841
trial 942, 1, 1, 0, 0, 7, 44872, 0.252007, 0.173358, 0.800653
trial 943, 1, 1, 1, 6, 8, 1405.33, 0.209818, 0.782262, 0.736295
trial 944, 1, 1, 0, 5, 8, 4810.67, 0.257728, 0.95355, 0.859525
trial 945, 1, 1, 3, 7, 3, 1645.33, 0.248176, 0.871095, 0.763434
trial 946, 1, 1, 5, 5, 0, 51290.7, 0.406868, 0.625753, 0.295221
trial 947, 1, 1, 0, 2, 3, 34669.3, 0.357674, 0.283176, 0.378934
trial 948, 1, 1, 0, 4, 0, 2842.67, 0.155757, 0.690952, 0.267421
trial 949, 1, 0, 6, 3, 5, 28216, 0.86822, 0.28756, 0.679984
trial 950, 1, 0, 0, 5, 7, 45042.7, 0.637149, 0.800228, 0.868057
trial 951, 1, 0, 3, 1, 4, 42240, 0.880519, 0.337237, 0.744092
trial 952, 1, 0, 3, 8, 5, 40485.3, 0.708101, 0.826704, 0.457427
trial 953, 1, 1, 1, 8, 1, 44768, 0.148054, 0.804686, 0.449266
trial 954, 1, 0, 5, 0, 5, 74082.7, 0.85639, 0.194704, 0.443012
trial 955, 1, 0, 3, 0, 8, 5365.33, 0.788672, 0.67522, 0.871298
trial 956, 1, 0, 1, 4, 3, 19178.7, 0.649312, 0.833609, 0.607109
trial 957, 1, 0, 0, 5, 1, 4714.67, 0.712422, 0.394267, 0.450334
trial 958, 1, 1, 3, 4, 0, 75850.7, 0.382555, 0.342638, 0.162666
trial 959, 1, 0, 8, 8, 6, 27752, 0.946017, 0.751559, 0.738863
trial 960, 1, 0, 5, 2, 7, 35720, 0.931682, 0.818712, 0.942253
trial 961, 1, 0, 2, 4, 1, 7093.33, 0.684358, 0.696017, 0.411034
trial 962, 1, 1, 2, 5, 3, 2866.67, 0.384863, 0.634518, 0.645262
trial 963, 1, 0, 6, 3, 4, 68386.7, 0.784218, 0.779557, 0.706129
trial 964, 1, 0, 1, 1, 5, 70277.3, 0.720546, 0.250735, 0.492416
trial 965, 1, 1, 7, 4, 6, 69760, 0.955416, 0.766052, 0.929107
trial 966, 1, 1, 4, 6, 5, 58368, 0.799535, 0.795291, 0.832866
trial 967, 1, 1, 8, 2, 2, 16706.7, 0.879845, 0.684658, 0.330403
trial 968, 1, 1, 2, 0, 1, 2594.67, 0.706966, 0.318557, 0.78375
trial 969, 1, 0, 7, 0, 4, 26189.3, 0.910833, 0.23495, 0.828359
trial 970, 1, 1, 2, 2, 0, 59330.7, 0.712741, 0.316851, 0.369669
trial 971, 1, 1, 2, 7, 0, 70997.3, 0.626666, 0.292912, 0.329221
trial 972, 1, 1, 6, 0, 3, 59157.3, 0.853942, 0.249117, 0.219664
trial 973, 1, 1, 6, 2, 0, 27240, 0.778631, 0.5, 0.26919
trial 974, 1, 0, 7, 4, 4, 24656, 0.775298, 0.792801, 0.673973
trial 975, 1, 0, 8, 4, 8, 24810.7, 0.904941, 0.963389, 0.928982
trial 976, 1, 0, 4, 2, 5, 22125.3, 0.848163, 0.761732, 0.83267
trial 977, 1, 1, 1, 3, 5, 27330.7, 0.193466, 0.792815, 0.602786
trial 978, 1, 1, 0, 4, 2, 14424, 0.200092, 0.859084, 0.603463
trial 979, 1, 1, 3, 7, 8, 40933.3, 0.703255, 0.787722, 0.68347
trial 980, 1, 1, 8, 7, 8, 54413.3, 0.836271, 0.73681, 0.761986
trial 981, 1, 0, 5, 5, 6, 14621.3, 0.910445, 0.78158, 0.846897
trial 982, 1, 1, 8, 1, 6, 17608, 0.930445, 0.782595, 0.785437
trial 983, 1, 0, 5, 6, 1, 71298.7, 0.740617, 0.771499, 0.383096
trial 984, 1, 0, 7, 1, 2, 29520, 0.820911, 0.307919, 0.389785
trial 985, 1, 1, 4, 5, 7, 15272, 0.87776, 0.924639, 0.795969
trial 986, 1, 1, 0, 0, 6, 67088, 0.263982, 0.143, 0.735639
trial 987, 1, 0, 6, 5, 1, 40664, 0.909179, 0.738401, 0.791068
trial 988, 1, 0, 7, 3, 5, 6685.33, 0.878367, 0.84351, 0.775152
trial 989, 1, 1, 2, 4, 6, 69824, 0.271251, 0.81989, 0.732986
trial 990, 1, 0, 3, 8, 2, 30480, 0.462155, 0.763531, 0.407276
trial 991, 1, 1, 4, 4, 0, 6138.67, 0.731839, 0.689036, 0.256046
trial 992, 1, 0, 6, 7, 1, 71320, 0.933038, 0.758511, 0.68141
trial 993, 1, 1, 0, 6, 7, 17346.7, 0.216127, 0.887915, 0.66767
trial 994, 1, 0, 0, 1, 8, 78410.7, 0.327099, 0.118188, 0.380076
trial 995, 1, 0, 0, 1, 7, 20208, 0.315943, 0.434527, 0.5
trial 996, 1, 1, 3, 2, 0, 22770.7, 0.251251, 0.606674, 0.323245
trial 997, 1, 1, 2, 6, 1, 19576, 0.429352, 0.793607, 0.434759
trial 998, 1, 0, 8, 1, 1, 4378.67, 0.795826, 0.236807, 0.369484
trial 999, 1, 0, 4, 5, 4, 781.333, 0.741008, 0.759491, 0.63001
trial 1000, 1, 0, 5, 1, 0, 24544, 0.788265, 0.436714, 0.222939
trial 1001, 1, 0, 8, 8, 8, 26482.7, 0.994809, 0.81511, 0.971808
trial 1002, 1, 0, 5, 1, 6, 69714.7, 0.955652, 0.839269, 0.824411
trial 1003, 1, 0, 5, 4, 5, 44498.7, 0.814, 0.800994, 0.760983
trial 1004, 1, 1, 0, 2, 1, 10552, 0.215211, 0.721472, 0.374601
trial 1005, 1, 0, 0, 2, 5, 66058.7, 0.291263, 0.332717, 0.660931
trial 1006, 1, 0, 4, 2, 4, 64277.3, 0.917962, 0.304013, 0.719098
trial 1007, 1, 1, 7, 7, 1, 10789.3, 0.908349, 0.765055, 0.600421
trial 1008, 1, 0, 2, 3, 2, 20056, 0.768641, 0.605731, 0.633644
trial 1009, 1, 1, 1, 0, 6, 25773.3, 0.336613, 0.168745, 0.791768
trial 1010, 1, 0, 3, 8, 7, 57562.7, 0.405993, 0.708501, 0.627053
trial 1011, 1, 1, 0, 3, 8, 9706.67, 0.340334, 0.778959, 0.690519
trial 1012, 1, 1, 8, 7, 2, 19000, 0.883276, 0.766936, 0.397903
trial 1013, 1, 0, 0, 2, 8, 76989.3, 0.223576, 0.726817, 0.863717
trial 1014, 1, 1, 2, 0, 5, 40722.7, 0.453189, 0.249019, 0.711264
trial 1015, 1, 1, 4, 3, 3, 6149.33, 0.844396, 0.744032, 0.657706
trial 1016, 1, 0, 3, 0, 7, 381.333, 0.693645, 0.279155, 0.416372
trial 1017, 1, 1, 6, 7, 8, 440, 0.814664, 0.822596, 1
trial 1018, 1, 0, 0, 7, 3, 71106.7, 0.333623, 0.818293, 0.614337
trial 1019, 1, 1, 4, 8, 5, 39642.7, 0.732855, 0.820594, 0.630359
trial 1020, 1, 1, 3, 6, 4, 55312, 0.696277, 0.825597, 0.678639
trial 1021, 1, 0, 6, 1, 5, 4042.67, 0.887583, 0.189068, 0.793799
trial 1022, 1, 0, 1, 8, 1, 51229.3, 0.245694, 0.755796, 0.669782
trial 1023, 1, 0, 5, 7, 3, 66880, 0.914924, 0.732319, 0.835952
trial 1024, 1, 1, 6, 8, 4, 60608, 0.859479, 0.865135, 0.643905
trial 1025, 1, 1, 8, 6, 8, 23861.3, 0.926219, 0.774338, 0.939358
trial 1026, 1, 0, 8, 2, 1, 7416, 0.826002, 0.331926, 0.452451
trial 1027, 1, 0, 7, 2, 6, 79512, 0.81461, 0.233114, 0.428081
trial 1028, 1, 0, 0, 2, 0, 65034.7, 0.257372, 0.337526, 0.641933
trial 1029, 1, 1, 5, 6, 7, 23349.3, 0.848921, 0.748457, 0.710328
trial 1030, 1, 1, 3, 3, 7, 30904, 0.645977, 0.771773, 0.631606
trial 1031, 1, 1, 4, 0, 6, 61362.7, 0.776114, 0.173381, 0.423809
trial 1032, 1, 0, 5, 8, 4, 23642.7, 0.849788, 0.823729, 0.621787
trial 1033, 1, 1, 7, 2, 7, 65986.7, 0.907639, 0.82613, 0.813483
trial 1034, 1, 0, 0, 4, 5, 68082.7, 0.357198, 0.811445, 0.596183
trial 1035, 1, 0, 3, 1, 2, 46992, 0.72615, 0.330398, 0.713982
trial 1036, 1, 1, 1, 4, 1, 39754.7, 0.62289, 0.764905, 0.579956
trial 1037, 1, 1, 3, 8, 3, 41890.7, 0.64835, 0.871982, 0.589543
trial 1038, 1, 1, 8, 3, 0, 2509.33, 0.863216, 0.450464, 0.41577
trial 1039, 1, 0, 5, 0, 1, 72728, 0.896085, 0.283632, 0.408175
trial 1040, 1, 1, 7, 3, 5, 26130.7, 0.830388, 0.319059, 0.750977
trial 1041, 1, 0, 3, 8, 0, 67434.7, 0.687841, 0.84257, 0.0875972
trial 1042, 1, 1, 3, 6, 3, 73029.3, 0.625602, 0.862532, 0.623142
trial 1043, 1, 0, 2, 6, 7, 8549.33, 0.390194, 0.802012, 0.650617
trial 1044, 1, 0, 2, 4, 0, 44040, 0.693408, 0.717398, 0.237349
trial 1045, 1, 1, 7, 2, 4, 5701.33, 0.920759, 0.232866, 0.748426
trial 1046, 1, 0, 4, 6, 5, 46032, 0.783599, 0.723192, 0.677969
trial 1047, 1, 1, 1, 7, 0, 64520, 0.206445, 0.627052, 0.225895
trial 1048, 1, 0, 1, 1, 0, 22866.7, 0.278378, 0.737733, 0.234606
trial 1049, 1, 0, 7, 4, 2, 40618.7, 0.799577, 0.525817, 0.658233
trial 1050, 1, 0, 3, 8, 4, 1408, 0.656974, 0.868302, 0.634189
trial 1051, 1, 0, 7, 4, 0, 44949.3, 0.846306, 0.628837, 0.202202
trial 1052, 1, 1, 1, 6, 4, 35650.7, 0.195593, 0.752013, 0.591677
trial 1053, 1, 1, 7, 5, 5, 11341.3, 0.756406, 0.693513, 0.794829
trial 1054, 1, 1, 0, 0, 5, 4754.67, 0.317532, 0.23087, 0.675142
trial 1055, 1, 0, 7, 0, 5, 36938.7, 0.803019, 0.323541, 0.746703
trial 1056, 1, 1, 4, 6, 2, 58098.7, 0.907845, 0.755203, 0.374573
trial 1057, 1, 1, 6, 0, 1, 14349.3, 0.784547, 0.210949, 0.449471
trial 1058, 1, 1, 2, 1, 0, 62536, 0.358835, 0.23938, 0.304567
trial 1059, 1, 0, 4, 7, 6, 32042.7, 0.671495, 0.726026, 0.679931
trial 1060, 1, 0, 3, 5, 4, 42992, 0.668537, 0.79009, 0.42245
trial 1061, 1, 1, 2, 1, 1, 26762.7, 0.61064, 0.252875, 0.418912
trial 1062, 1, 1, 4, 4, 2, 8080, 0.73968, 0.376007, 0.316214
trial 1063, 1, 1, 5, 3, 8, 39976, 0.912848, 0.660031, 0.767295
trial 1064, 1, 1, 3, 7, 5, 73269.3, 0.900247, 0.776316, 0.663658
trial 1065, 1, 0, 2, 1, 0, 64957.3, 0.68186, 0.303088, 0.333231
trial 1066, 1, 1, 0, 8, 3, 59234.7, 0.414989, 0.842916, 0.63126
trial 1067, 1, 1, 6, 4, 3, 66373.3, 0.857147, 0.775694, 0.592681
trial 1068, 1, 0, 0, 2, 3, 2938.67, 0.207052, 0.717394, 0.614735
trial 1069, 1, 1, 5, 6, 6, 290.667, 0.909512, 0.60829, 0.701677
trial 1070, 1, 1, 2, 0, 8, 5496, 0.735841, 0.208495, 0.46738
trial 1071, 1, 1, 4, 2, 8, 35010.7, 0.655364, 0.309963, 0.649701
trial 1072, 1, 0, 1, 7, 5, 61458.7, 0.291298, 0.683304, 0.675244
trial 1073, 1, 0, 8, 5, 4, 58394.7, 0.872277, 0.710587, 0.741209
trial 1074, 1, 0, 4, 1, 7, 44050.7, 0.835973, 0.717878, 0.74578
trial 1075, 1, 0, 2, 1, 7, 43768, 0.632556, 0.427632, 0.910741
trial 1076, 1, 1, 6, 2, 4, 23133.3, 0.898234, 0.786641, 0.668286
trial 1077, 1, 0, 5, 2, 4, 12746.7, 0.806624, 0.359036, 0.738226
trial 1078, 1, 0, 7, 8, 1, 47752, 0.804281, 0.340941, 0.370356
trial 1079, 1, 0, 5, 3, 0, 36018.7, 0.807044, 0.372469, 0.272188
trial 1080, 1, 0, 1, 5, 4, 32301.3, 0.677017, 0.82782, 0.662738
trial 1081, 1, 0, 0, 1, 4, 2312, 0.376147, 0.673787, 0.575577
trial 1082, 1, 0, 6, 6, 5, 53978.7, 0.904713, 0.753135, 0.650575
trial 1083, 1, 1, 2, 3, 0, 44005.3, 0.711076, 0.754472, 0.713593
trial 1084, 1, 0, 2, 8, 7, 16592, 0.628607, 0.832965, 0.712833
trial 1085, 1, 1, 5, 0, 8, 76208, 0.849442, 0.67816, 0.853859
trial 1086, 1, 0, 4, 2, 8, 45912, 0.889702, 0.706884, 0.81652
trial 1087, 1, 0, 2, 6, 8, 19082.7, 0.341031, 0.762795, 0.602262
trial 1088, 1, 0, 6, 2, 4, 54717.3, 0.790759, 0.433914, 0.452244
trial 1089, 1, 0, 4, 4, 6, 79930.7, 0.850718, 0.687277, 0.607069
trial 1090, 1, 1, 6, 5, 6, 56061.3, 0.902284, 0.778242, 0.701799
trial 1091, 1, 1, 6, 3, 7, 44621.3, 0.899503, 0.774285, 0.666118
trial 1092, 1, 0, 0, 6, 0, 75344, 0.34846, 0.431952, 0.206107
trial 1093, 1, 1, 1, 8, 3, 23485.3, 0.418378, 0.851854, 0.60548
trial 1094, 1, 0, 2, 2, 6, 34592, 0.34837, 0.338414, 0.444348
trial 1095, 1, 1, 0, 4, 3, 11266.7, 0.187067, 0.435205, 0.657828
trial 1096, 1, 1, 6, 4, 8, 55781.3, 0.814464, 0.705316, 0.899054
trial 1097, 1, 1, 8, 5, 5, 31941.3, 0.946267, 0.687873, 0.638709
trial 1098, 1, 0, 7, 8, 4, 10309.3, 0.916107, 0.821738, 0.673061
trial 1099, 1, 1, 5, 8, 8, 27330.7, 0.851783, 0.971241, 0.943412
trial 1100, 1, 0, 7, 6, 3, 38266.7, 0.802117, 0.839277, 0.69001
trial 1101, 1, 1, 1, 6, 3, 56709.3, 0.187122, 0.824419, 0.61519
trial 1102, 1, 1, 4, 6, 4, 76997.3, 0.705532, 0.871777, 0.629004
trial 1103, 1, 1, 2, 5, 2, 21874.7, 0.822313, 0.754259, 0.588292
trial 1104, 1, 1, 1, 0, 8, 1976, 0.307332, 0.261256, 0.405425
trial 1105, 1, 1, 3, 3, 3, 17090.7, 0.724602, 0.603714, 0.624588
trial 1106, 1, 0, 0, 0, 2, 22306.7, 0.303826, 0.122549, 0.350755
trial 1107, 1, 0, 4, 6, 3, 38176, 0.707435, 0.857945, 0.480679
trial 1108, 1, 0, 3, 4, 5, 60192, 0.643766, 0.796075, 0.53575
trial 1109, 1, 1, 0, 8, 6, 3682.67, 0.33027, 0.834955, 0.713991
trial 1110, 1, 0, 6, 0, 0, 44533.3, 0.847133, 0.140177, 0.172917
trial 1111, 1, 0, 7, 4, 7, 35973.3, 0.894152, 0.727523, 0.684302
trial 1112, 1, 1, 1, 0, 2, 73232, 0.773466, 0.163752, 0.625807
trial 1113, 1, 0, 2, 3, 7, 77768, 0.634137, 0.728608, 0.669153
trial 1114, 1, 1, 1, 5, 3, 43197.3, 0.267597, 0.795169, 0.563709
trial 1115, 1, 1, 7, 4, 4, 77453.3, 0.858808, 0.823245, 0.442007
trial 1116, 1, 1, 1, 8, 5, 71450.7, 0.232729, 0.801077, 0.331233
trial 1117, 1, 1, 1, 2, 5, 3978.67, 0.278884, 0.823692, 0.727406
trial 1118, 1, 1, 8, 4, 4, 4040, 0.891113, 0.768883, 0.590723
trial 1119, 1, 1, 7, 3, 3, 25104, 0.89202, 0.798601, 0.698354
trial 1120, 1, 1, 0, 6, 1, 47658.7, 0.18974, 0.746501, 0.638882
trial 1121, 1, 0, 4, 4, 0, 77914.7, 0.680296, 0.299722, 0.429012
trial 1122, 1, 1, 2, 5, 7, 39704, 0.252931, 0.739698, 0.747755
trial 1123, 1, 0, 3, 2, 1, 55474.7, 0.740036, 0.374166, 0.18688
trial 1124, 1, 1, 3, 5, 1, 63504, 0.276779, 0.655009, 0.629736
trial 1125, 1, 1, 3, 2, 4, 42562.7, 0.663226, 0.327787, 0.432461
trial 1126, 1, 1, 3, 4, 1, 9888, 0.723591, 0.379402, 0.344723
trial 1127, 1, 0, 0, 0, 6, 7992, 0.308007, 0.240812, 0.351888
trial 1128, 1, 0, 0, 6, 3, 5749.33, 0.312032, 0.80433, 0.609649
trial 1129, 1, 1, 6, 8, 6, 69693.3, 0.850192, 0.770504, 0.654821
trial 1130, 1, 1, 0, 8, 1, 13946.7, 0.186703, 0.790901, 0.363143
trial 1131, 1, 0, 4, 1, 8, 64336, 0.717057, 0.331453, 0.815293
trial 1132, 1, 0, 6, 1, 2, 22240, 0.846749, 0.370065, 0.390621
trial 1133, 1, 1, 1, 1, 8, 53093.3, 0.1571, 0.802611, 0.680224
trial 1134, 1, 1, 2, 4, 7, 25144, 0.259637, 0.339693, 0.701853
trial 1135, 1, 0, 4, 0, 1, 4922.67, 0.7713, 0.265729, 0.369702
trial 1136, 1, 0, 2, 0, 4, 2789.33, 0.114963, 0.2078, 0.734608
trial 1137, 1, 1, 4, 6, 6, 63224, 0.881973, 0.83331, 0.708984
trial 1138, 1, 1, 1, 5, 0, 32597.3, 0.738113, 0.658132, 0.314742
trial 1139, 1, 0, 4, 3, 8, 35021.3, 0.815808, 0.807731, 0.793351
trial 1140, 1, 0, 6, 7, 0, 28608, 0.876349, 0.760633, 0.317458
trial 1141, 1, 1, 5, 0, 2, 49488, 0.803016, 0.286527, 0.792366
trial 1142, 1, 1, 5, 3, 7, 3018.67, 0.845373, 0.725711, 0.770393
trial 1143, 1, 0, 0, 2, 4, 64898.7, 0.317019, 0.731345, 0.717793
trial 1144, 1, 0, 3, 5, 0, 11837.3, 0.252997, 0.411426, 0.20807
trial 1145, 1, 1, 1, 0, 5, 1818.67, 0.371771, 0.338863, 0.568488
trial 1146, 1, 0, 4, 0, 2, 73160, 0.720334, 0.232391, 0.662139
trial 1147, 1, 1, 7, 1, 3, 21520, 0.846793, 0.170842, 0.357024
trial 1148, 1, 1, 8, 8, 2, 17093.3, 0.93017, 0.734342, 0.662429
trial 1149, 1, 0, 0, 7, 7, 67914.7, 0.632479, 0.935502, 0.776991
trial 1150, 1, 1, 3, 6, 8, 19856, 0.821004, 0.90859, 0.811427
trial 1151, 1, 0, 3, 7, 5, 46040, 0.777273, 0.899287, 0.651696
trial 1152, 1, 0, 8, 7, 3, 66362.7, 0.925126, 0.784313, 0.702886
trial 1153, 1, 0, 6, 4, 2, 3936, 0.895373, 0.830562, 0.666616
trial 1154, 1, 0, 1, 4, 0, 60293.3, 0.282719, 0.399228, 0.584285
trial 1155, 1, 1, 4, 7, 0, 3280, 0.870969, 0.691213, 0.292576
trial 1156, 1, 1, 3, 8, 0, 52778.7, 0.738744, 0.693393, 0.252352
trial 1157, 1, 1, 8, 6, 2, 37653.3, 0.803064, 0.742393, 0.660788
trial 1158, 1, 0, 6, 7, 5, 52690.7, 0.893653, 0.760692, 0.618931
trial 1159, 1, 0, 4, 6, 2, 44280, 0.74776, 0.866417, 0.754831
trial 1160, 1, 1, 4, 1, 7, 57730.7, 0.828173, 0.570194, 0.754984
trial 1161, 1, 0, 5, 8, 8, 9781.33, 0.871813, 0.792841, 0.727954
trial 1162, 1, 0, 6, 0, 3, 30096, 0.704015, 0.239689, 0.35473
trial 1163, 1, 0, 6, 7, 2, 13554.7, 0.796497, 0.687345, 0.645515
trial 1164, 1, 0, 4, 7, 4, 28418.7, 0.832422, 0.793401, 0.579806
trial 1165, 1, 0, 0, 3, 6, 34213.3, 0.310149, 0.75318, 0.654069
trial 1166, 1, 1, 2, 3, 6, 40834.7, 0.5, 0.473434, 0.454597
trial 1167, 1, 1, 5, 5, 3, 51402.7, 0.749683, 0.829535, 0.581222
trial 1168, 1, 1, 4, 6, 1, 45936, 0.638354, 0.81153, 0.651519
trial 1169, 1, 0, 6, 4, 8, 12461.3, 0.872838, 0.818893, 0.92464
trial 1170, 1, 0, 8, 6, 6, 27210.7, 0.925552, 0.896174, 0.833564
trial 1171, 1, 1, 0, 7, 4, 4482.67, 0.288175, 0.863619, 0.608322
trial 1172, 1, 1, 6, 8, 3, 78938.7, 0.858865, 0.779751, 0.660004
trial 1173, 1, 0, 8, 2, 3, 5461.33, 0.80255, 0.733774, 0.365746
trial 1174, 1, 0, 2, 7, 5, 21573.3, 0.679738, 0.833371, 0.637151
trial 1175, 1, 1, 5, 2, 5, 14202.7, 0.713071, 0.417179, 0.413315
trial 1176, 1, 1, 5, 1, 4, 71368, 0.724561, 0.40015, 0.459134
trial 1177, 1, 0, 6, 7, 6, 79696, 0.688805, 0.80106, 0.584474
trial 1178, 1, 0, 5, 2, 1, 75365.3, 0.332759, 0.519836, 0.530878
trial 1179, 1, 1, 8, 4, 2, 22736, 0.862813, 0.771779, 0.670315
trial 1180, 1, 0, 0, 0, 8, 49218.7, 0.324821, 0.228481, 0.657058
trial 1181, 1, 0, 6, 7, 7, 58794.7, 0.902649, 0.778906, 0.623684
trial 1182, 1, 1, 6, 1, 0, 4069.33, 0.690272, 0.344002, 0.392346
trial 1183, 1, 0, 2, 6, 6, 46962.7, 0.211094, 0.82365, 0.684805
trial 1184, 1, 1, 2, 7, 1, 36802.7, 0.305748, 0.714025, 0.441281
trial 1185, 1, 1, 5, 7, 3, 47360, 0.714736, 0.812759, 0.569474
trial 1186, 1, 0, 7, 4, 6, 42904, 0.805665, 0.840034, 0.743727
trial 1187, 1, 1, 4, 3, 1, 77112, 0.723279, 0.258, 0.36864
trial 1188, 1, 1, 2, 7, 2, 6312, 0.651749, 0.688821, 0.419162
trial 1189, 1, 1, 2, 0, 0, 33346.7, 0.253855, 0.264767, 0.225796
trial 1190, 1, 0, 3, 2, 2, 16560, 0.324568, 0.750474, 0.476769
trial 1191, 1, 1, 3, 5, 4, 14800, 0.364042, 0.751888, 0.60755
trial 1192, 1, 1, 2, 7, 5, 11797.3, 0.237322, 0.855897, 0.74208
trial 1193, 1, 0, 1, 6, 4, 51501.3, 0.41188, 0.809932, 0.660334
trial 1194, 1, 1, 4, 7, 6, 37738.7, 0.795824, 0.846883, 0.664309
trial 1195, 1, 1, 6, 4, 1, 45218.7, 0.739386, 0.679112, 0.442163
trial 1196, 1, 0, 3, 0, 0, 2658.67, 0.572559, 0.290603, 0.292521
trial 1197, 1, 0, 8, 4, 0, 39930.7, 0.782175, 0.710724, 0.293606
trial 1198, 1, 0, 3, 5, 1, 5925.33, 0.701302, 0.79313, 0.514797
trial 1199, 1, 1, 2, 3, 8, 24461.3, 0.402856, 0.694797, 0.690687
trial 1200, 1, 0, 4, 3, 4, 39397.3, 0.731485, 0.832669, 0.605841
trial 1201, 1, 1, 5, 1, 8, 40024, 0.790392, 0.686826, 0.831477
trial 1202, 1, 1, 4, 0, 2, 2245.33, 0.739948, 0.322132, 0.42069
trial 1203, 1, 0, 6, 3, 8, 76101.3, 0.75158, 0.659742, 0.851828
trial 1204, 1, 0, 2, 6, 0, 73936, 0.642552, 0.342026, 0.30961
trial 1205, 1, 0, 0, 7, 8, 59042.7, 0.283517, 0.85385, 0.745153
trial 1206, 1, 1, 6, 8, 8, 51021.3, 0.922069, 0.799452, 0.66826
trial 1207, 1, 0, 3, 6, 3, 3704, 0.688601, 0.825581, 0.756137
trial 1208, 1, 0, 1, 2, 8, 1936, 0.628637, 0.823878, 0.74612
trial 1209, 1, 0, 8, 3, 0, 23978.7, 0.880866, 0.780856, 0.24315
trial 1210, 1, 0, 1, 1, 7, 68381.3, 0.574874, 0.847402, 0.909746
trial 1211, 1, 1, 4, 4, 5, 60973.3, 0.342477, 0.728004, 0.413905
trial 1212, 1, 1, 8, 6, 1, 74946.7, 0.804174, 0.697374, 0.394557
trial 1213, 1, 1, 5, 2, 0, 29864, 0.835461, 0.343646, 0.297564
trial 1214, 1, 1, 1, 7, 6, 51213.3, 0.230505, 0.785455, 0.706827
trial 1215, 1, 1, 7, 0, 4, 75706.7, 0.791476, 0.37526, 0.464256
trial 1216, 1, 1, 4, 5, 6, 32120, 0.650216, 0.794309, 0.694224
trial 1217, 1, 1, 2, 3, 1, 12013.3, 0.299905, 0.321763, 0.393187
trial 1218, 1, 0, 4, 4, 5, 42181.3, 0.321856, 0.798239, 0.564389
trial 1219, 1, 0, 6, 1, 8, 66213.3, 0.918648, 0.238769, 0.761523
trial 1220, 1, 0, 7, 5, 0, 37696, 0.783581, 0.26647, 0.327231
trial 1221, 1, 1, 3, 4, 7, 31696, 0.652531, 0.839133, 0.728026
trial 1222, 1, 1, 3, 1, 2, 3205.33, 0.625307, 0.270475, 0.663361
trial 1223, 1, 0, 4, 0, 3, 25048, 0.666207, 0.290737, 0.431519
trial 1224, 1, 1, 8, 7, 5, 22181.3, 0.877136, 0.723014, 0.720984
trial 1225, 1, 1, 6, 8, 5, 11154.7, 0.696625, 0.774573, 0.711943
trial 1226, 1, 1, 1, 5, 8, 25648, 0.257747, 0.81585, 0.679834
trial 1227, 1, 0, 8, 4, 6, 23248, 0.838416, 0.736871, 0.644868
trial 1228, 1, 0, 1, 6, 6, 34845.3, 0.263808, 0.738657, 0.675535
trial 1229, 1, 0, 2, 0, 5, 63258.7, 0.303658, 0.408599, 0.592772
trial 1230, 1, 1, 0, 1, 2, 43658.7, 0.221611, 0.296127, 0.366623
trial 1231, 1, 1, 8, 8, 0, 40696, 0.832351, 0.647471, 0.270729
trial 1232, 1, 0, 0, 7, 6, 4621.33, 0.218638, 0.663651, 0.578186
trial 1233, 1, 1, 7, 7, 2, 60789.3, 0.824593, 0.711129, 0.608611
trial 1234, 1, 0, 7, 2, 5, 2584, 0.902526, 0.689363, 0.758998
trial 1235, 1, 0, 3, 3, 8, 60757.3, 0.87441, 0.695262, 0.730377
trial 1236, 1, 1, 2, 2, 1, 67013.3, 0.187777, 0.740379, 0.263288
trial 1237, 1, 0, 3, 8, 8, 5968, 0.302456, 0.768508, 0.759133
trial 1238, 1, 0, 7, 1, 4, 4997.33, 0.626615, 0.254535, 0.420877
trial 1239, 1, 1, 5, 1, 7, 73480, 0.75851, 0.328983, 0.377262
trial 1240, 1, 1, 3, 8, 6, 79018.7, 0.37775, 0.81027, 0.717144
trial 1241, 1, 1, 2, 4, 3, 52106.7, 0.186526, 0.80333, 0.576412
trial 1242, 1, 0, 4, 6, 4, 29045.3, 0.318534, 0.800345, 0.42428
trial 1243, 1, 0, 1, 4, 5, 26661.3, 0.273634, 0.770542, 0.588763
trial 1244, 1, 0, 7, 3, 4, 43637.3, 0.852534, 0.696123, 0.733039
trial 1245, 1, 0, 8, 3, 7, 51018.7, 0.911876, 0.725698, 0.770812
trial 1246, 1, 1, 3, 2, 5, 31736, 0.832035, 0.684183, 0.749884
trial 1247, 1, 1, 3, 3, 8, 55997.3, 0.807192, 0.67431, 0.758401
trial 1248, 1, 0, 4, 5, 0, 7432, 0.84209, 0.684982, 0.563611
trial 1249, 1, 1, 8, 1, 4, 1253.33, 0.858917, 0.672841, 0.614064
trial 1250, 1, 1, 7, 1, 6, 28845.3, 0.815912, 0.579404, 0.825598
trial 1251, 1, 1, 6, 2, 5, 61008, 0.752517, 0.710549, 0.755246
trial 1252, 1, 0, 5, 0, 8, 61576, 0.687425, 0.344861, 0.642126
trial 1253, 1, 0, 2, 8, 3, 1034.67, 0.5, 0.683102, 0.598311
trial 1254, 1, 0, 0, 5, 0, 6738.67, 0.412436, 0.745957, 0.34975
trial 1255, 1, 0, 1, 4, 6, 5962.67, 0.361806, 0.746101, 0.68442
trial 1256, 1, 0, 6, 8, 6, 23005.3, 0.921444, 0.757316, 0.836916
trial 1257, 1, 1, 3, 3, 4, 77824, 0.673325, 0.698235, 0.679236
trial 1258, 1, 1, 3, 1, 0, 79277.3, 0.687812, 0.385109, 0.41926
trial 1259, 1, 0, 0, 1, 2, 49565.3, 0.309845, 0.718552, 0.598412
trial 1260, 1, 1, 5, 6, 3, 76162.7, 0.865796, 0.732945, 0.683805
trial 1261, 1, 1, 2, 8, 0, 16965.3, 0.33625, 0.663439, 0.359642
trial 1262, 1, 0, 8, 0, 2, 32434.7, 0.889639, 0.268929, 0.431551
trial 1263, 1, 1, 1, 1, 3, 6760, 0.198989, 0.293364, 0.374533
trial 1264, 1, 0, 5, 5, 1, 53418.7, 0.70309, 0.723731, 0.711921
trial 1265, 1, 0, 1, 4, 7, 29874.7, 0.325771, 0.742842, 0.713615
trial 1266, 1, 1, 1, 0, 7, 53797.3, 0.120255, 0.312768, 0.698188
trial 1267, 1, 1, 8, 1, 2, 25080, 0.735101, 0.374483, 0.383401
trial 1268, 1, 0, 0, 0, 4, 3045.33, 0.242639, 0.264479, 0.427003
trial 1269, 1, 1, 8, 3, 7, 14669.3, 0.885871, 0.738323, 0.799556
trial 1270, 1, 0, 7, 1, 6, 66472, 0.720284, 0.400088, 0.457418
trial 1271, 1, 0, 6, 0, 8, 54829.3, 0.757975, 0.339169, 0.683364
trial 1272, 1, 1, 5, 8, 6, 51962.7, 0.883618, 0.730118, 0.558738
trial 1273, 1, 0, 2, 6, 3, 54872, 0.386035, 0.729004, 0.603958
trial 1274, 1, 0, 5, 7, 6, 79504, 0.573686, 0.727301, 0.616707
trial 1275, 1, 0, 1, 5, 2, 6632, 0.204571, 0.681995, 0.643451
trial 1276, 1, 0, 2, 7, 4, 61360, 0.231511, 0.706959, 0.640915
trial 1277, 1, 1, 0, 7, 7, 74344, 0.202377, 0.817718, 0.810369
trial 1278, 1, 0, 6, 6, 0, 6861.33, 0.575158, 0.7598, 0.313239
trial 1279, 1, 1, 4, 4, 3, 3069.33, 0.672038, 0.672668, 0.667774
trial 1280, 1, 0, 3, 4, 8, 34040, 0.554867, 0.672011, 0.751777
trial 1281, 1, 0, 4, 3, 6, 40160, 0.35279, 0.725742, 0.673511
trial 1282, 1, 1, 8, 7, 6, 74034.7, 0.875037, 0.806927, 0.689662
trial 1283, 1, 1, 2, 5, 4, 4413.33, 0.658328, 0.800473, 0.669569
trial 1284, 1, 0, 7, 8, 3, 31936, 0.684491, 0.756619, 0.620439
trial 1285, 1, 1, 7, 3, 0, 76130.7, 0.749311, 0.662251, 0.329506
trial 1286, 1, 1, 0, 0, 8, 24181.3, 0.137037, 0.353799, 0.733645
trial 1287, 1, 1, 7, 2, 8, 13312, 0.827778, 0.652842, 0.764053
trial 1288, 1, 0, 0, 8, 5, 64621.3, 0.200745, 0.675935, 0.61176
trial 1289, 1, 1, 0, 0, 1, 15714.7, 0.579838, 0.708415, 0.740414
trial 1290, 1, 0, 0, 4, 0, 39792, 0.228799, 0.335698, 0.380883
trial 1291, 1, 1, 7, 4, 2, 74072, 0.784654, 0.712513, 0.590823
trial 1292, 1, 1, 2, 0, 6, 2720, 0.819944, 0.672666, 0.74444
trial 1293, 1, 0, 4, 7, 3, 35488, 0.532715, 0.692073, 0.776554
trial 1294, 1, 1, 6, 5, 4, 74218.7, 0.684552, 0.772168, 0.693769
trial 1295, 1, 0, 2, 0, 1, 24410.7, 0.608819, 0.374616, 0.426293
trial 1296, 1, 1, 0, 8, 7, 62869.3, 0.157961, 0.823903, 0.897135
trial 1297, 1, 1, 4, 4, 6, 7224, 0.352173, 0.704121, 0.849776
trial 1298, 1, 1, 5, 4, 8, 27680, 0.556685, 0.762025, 0.706845
trial 1299, 1, 0, 8, 2, 0, 26802.7, 0.886827, 0.600222, 0.284027
trial 1300, 1, 0, 6, 4, 3, 936, 0.837344, 0.752137, 0.682159
trial 1301, 1, 0, 4, 6, 8, 29808, 0.775069, 0.882145, 0.836199
trial 1302, 1, 1, 6, 4, 7, 76578.7, 0.841717, 0.75775, 0.932715
trial 1303, 1, 0, 3, 6, 5, 3309.33, 0.736701, 0.756574, 0.615249
trial 1304, 1, 1, 1, 4, 5, 46301.3, 0.245691, 0.688554, 0.651957
trial 1305, 1, 0, 6, 4, 6, 22994.7, 0.808862, 0.695456, 0.633748
trial 1306, 1, 0, 4, 7, 5, 5077.33, 0.659044, 0.77176, 0.71496
trial 1307, 1, 1, 6, 1, 4, 77549.3, 0.884442, 0.659578, 0.692308
trial 1308, 1, 0, 2, 4, 6, 68725.3, 0.675267, 0.768125, 0.698352
trial 1309, 1, 1, 4, 1, 4, 13514.7, 0.824904, 0.709745, 0.679062
trial 1310, 1, 1, 7, 7, 0, 1698.67, 0.782392, 0.675195, 0.330541
trial 1311, 1, 0, 5, 6, 7, 70992, 0.741609, 0.736599, 0.921722
trial 1312, 1, 1, 0, 7, 6, 75762.7, 0.395302, 0.771657, 0.866972
trial 1313, 1, 0, 2, 5, 2, 60634.7, 0.454133, 0.777684, 0.708497
trial 1314, 1, 1, 7, 0, 2, 77805.3, 0.92929, 0.275101, 0.864715
trial 1315, 1, 1, 8, 0, 0, 3120, 0.817175, 0.356647, 0.339017
trial 1316, 1, 1, 4, 5, 5, 61149.3, 0.68083, 0.807252, 0.606881
trial 1317, 1, 1, 3, 8, 8, 42138.7, 0.677128, 0.832298, 0.691021
trial 1318, 1, 0, 4, 0, 8, 17477.3, 0.670183, 0.300079, 0.866392
trial 1319, 1, 1, 8, 5, 7, 15912, 0.842903, 0.730849, 0.858322
trial 1320, 1, 1, 6, 3, 6, 2650.67, 0.84063, 0.752866, 0.717608
trial 1321, 1, 0, 4, 2, 3, 1237.33, 0.606171, 0.43656, 0.736826
trial 1322, 1, 1, 0, 0, 3, 75992, 0.31203, 0.718216, 0.784057
trial 1323, 1, 0, 5, 4, 8, 3794.67, 0.768331, 0.675533, 0.857729
trial 1324, 1, 1, 2, 5, 8, 2125.33, 0.307317, 0.720098, 0.843121
trial 1325, 1, 0, 5, 6, 8, 55194.7, 0.679571, 0.7388, 0.850381
trial 1326, 1, 1, 4, 0, 5, 968, 0.765117, 0.727408, 0.79817
trial 1327, 1, 0, 8, 5, 3, 29986.7, 0.857424, 0.732231, 0.595928
trial 1328, 1, 0, 7, 8, 6, 3149.33, 0.853415, 0.716479, 0.591923
trial 1329, 1, 1, 8, 0, 2, 39416, 0.81306, 0.359098, 0.709495
trial 1330, 1, 1, 6, 0, 6, 15608, 0.83777, 0.728159, 0.829527
trial 1331, 1, 0, 6, 5, 8, 4269.33, 0.943996, 0.730894, 0.767149
trial 1332, 1, 1, 1, 3, 3, 78954.7, 0.34906, 0.698785, 0.78536
trial 1333, 1, 0, 4, 1, 0, 56197.3, 0.71503, 0.323535, 0.709134
trial 1334, 1, 0, 5, 3, 8, 25240, 0.783792, 0.623319, 0.825012
trial 1335, 1, 1, 7, 4, 1, 650.667, 0.732733, 0.444867, 0.487016
trial 1336, 1, 0, 0, 5, 6, 3154.67, 0.30502, 0.737416, 0.728756
trial 1337, 1, 0, 3, 2, 6, 67573.3, 0.841279, 0.749754, 0.686895
trial 1338, 1, 1, 1, 3, 8, 31914.7, 0.260344, 0.728298, 0.827637
trial 1339, 1, 0, 7, 2, 0, 65421.3, 0.674821, 0.670829, 0.367536
trial 1340, 1, 0, 8, 0, 6, 59944, 0.853257, 0.280542, 0.742202
trial 1341, 1, 1, 8, 3, 4, 4256, 0.89953, 0.727803, 0.836881
trial 1342, 1, 1, 1, 3, 7, 19405.3, 0.189917, 0.788892, 0.865162
trial 1343, 1, 1, 6, 7, 5, 49786.7, 0.720227, 0.820417, 0.702772
trial 1344, 1, 1, 4, 1, 3, 68928, 0.852711, 0.782234, 0.672463
trial 1345, 1, 0, 1, 3, 8, 3802.67, 0.562568, 0.681848, 0.757881
trial 1346, 1, 1, 8, 2, 8, 76501.3, 0.856822, 0.727216, 0.798318
trial 1347, 1, 0, 1, 6, 0, 14954.7, 0.583094, 0.764454, 0.264295
trial 1348, 1, 1, 4, 8, 1, 8240, 0.800633, 0.818962, 0.557697
trial 1349, 1, 1, 2, 8, 8, 53749.3, 0.257607, 0.836519, 0.715389
trial 1350, 1, 0, 6, 7, 8, 34410.7, 0.951393, 0.81127, 0.776704
trial 1351, 1, 0, 8, 8, 3, 61042.7, 0.910854, 0.776537, 0.833093
trial 1352, 1, 0, 5, 3, 1, 1344, 0.880328, 0.752641, 0.67637
trial 1353, 1, 0, 7, 1, 8, 50080, 0.838355, 0.732281, 0.655386
trial 1354, 1, 1, 3, 7, 0, 78568, 0.698761, 0.827192, 0.345731
trial 1355, 1, 0, 8, 6, 1, 1056, 0.860399, 0.852772, 0.612213
trial 1356, 1, 0, 0, 7, 0, 15805.3, 0.340321, 0.790595, 0.181019
trial 1357, 1, 0, 5, 0, 3, 44080, 0.838432, 0.154134, 0.883406
trial 1358, 1, 1, 4, 8, 0, 71050.7, 0.275531, 0.763495, 0.704031
trial 1359, 1, 1, 7, 8, 2, 14648, 0.914206, 0.831452, 0.656161
trial 1360, 1, 1, 8, 1, 1, 13912, 0.851091, 0.76942, 0.44125
trial 1361, 1, 0, 3, 8, 6, 66805.3, 0.670076, 0.853444, 0.794671
trial 1362, 1, 1, 6, 7, 1, 7568, 0.785192, 0.848532, 0.613588
trial 1363, 1, 1, 3, 1, 7, 44586.7, 0.907627, 0.783447, 0.738997
trial 1364, 1, 0, 7, 3, 0, 56573.3, 0.834065, 0.713235, 0.176627
trial 1365, 1, 0, 8, 4, 5, 41696, 0.798425, 0.710562, 0.594996
trial 1366, 1, 1, 7, 2, 5, 42506.7, 0.852828, 0.696384, 0.700328
trial 1367, 1, 1, 5, 0, 0, 69984, 0.648316, 0.123815, 0.380482
trial 1368, 1, 1, 3, 5, 0, 36408, 0.59801, 0.5, 0.2333
trial 1369, 1, 1, 3, 2, 1, 57354.7, 0.665774, 0.685587, 0.650779
trial 1370, 1, 1, 8, 6, 3, 53989.3, 0.846218, 0.707414, 0.680831
trial 1371, 1, 0, 5, 6, 5, 6525.33, 0.908135, 0.710023, 0.68735
trial 1372, 1, 1, 0, 7, 0, 41544, 0.40611, 0.727192, 0.270885
trial 1373, 1, 0, 7, 5, 5, 31736, 0.814263, 0.695771, 0.81936
trial 1374, 1, 0, 4, 1, 1, 11914.7, 0.777054, 0.638645, 0.708219
trial 1375, 1, 1, 1, 0, 1, 26970.7, 0.187507, 0.851774, 0.669248
trial 1376, 1, 1, 4, 5, 4, 31744, 0.386988, 0.736985, 0.586732
trial 1377, 1, 0, 8, 3, 1, 57357.3, 0.867978, 0.683665, 0.604872
trial 1378, 1, 1, 5, 3, 0, 36005.3, 0.772445, 0.436789, 0.331457
trial 1379, 1, 0, 8, 6, 2, 12989.3, 0.913296, 0.772258, 0.600875
trial 1380, 1, 0, 6, 8, 2, 41354.7, 0.715626, 0.703689, 0.663889
trial 1381, 1, 1, 5, 5, 7, 44848, 0.805711, 0.888932, 0.891634
trial 1382, 1, 1, 1, 1, 2, 23538.7, 0.563761, 0.718285, 0.63626
trial 1383, 1, 1, 5, 3, 4, 13384, 0.862896, 0.741979, 0.646755
trial 1384, 1, 0, 7, 1, 3, 7314.67, 0.881963, 0.69825, 0.809271
trial 1385, 1, 1, 1, 8, 7, 77277.3, 0.0787496, 0.774008, 0.640521
trial 1386, 1, 1, 5, 6, 0, 714.667, 0.742316, 0.244482, 0.779007
trial 1387, 1, 0, 6, 8, 1, 2669.33, 0.863413, 0.916923, 0.642923
trial 1388, 1, 0, 6, 4, 0, 42864, 0.84579, 0.853123, 0.626269
trial 1389, 1, 1, 6, 5, 8, 2525.33, 0.906226, 0.788203, 0.917715
trial 1390, 1, 1, 8, 8, 3, 78733.3, 0.867188, 0.876267, 0.767237
trial 1391, 1, 0, 7, 3, 6, 38461.3, 0.881179, 0.727033, 0.672827
trial 1392, 1, 0, 5, 4, 0, 70112, 0.591841, 0.711204, 0.352839
trial 1393, 1, 0, 6, 2, 3, 6816, 0.758882, 0.642558, 0.708882
trial 1394, 1, 1, 6, 3, 4, 37936, 0.844646, 0.782665, 0.710077
trial 1395, 1, 1, 6, 6, 8, 8680, 0.826936, 0.719189, 0.92089
trial 1396, 1, 0, 7, 3, 1, 36245.3, 0.878676, 0.721557, 0.764944
trial 1397, 1, 1, 6, 7, 6, 10472, 0.894526, 0.785752, 0.862046
trial 1398, 1, 1, 5, 6, 8, 79242.7, 0.690107, 0.779552, 0.851991
trial 1399, 1, 0, 1, 7, 8, 5117.33, 0.584323, 0.89749, 0.828247
trial 1400, 1, 1, 3, 5, 8, 4653.33, 0.278224, 0.755026, 0.852886
trial 1401, 1, 1, 1, 1, 6, 40408, 0.257476, 0.373789, 0.707722
trial 1402, 1, 0, 4, 8, 1, 15448, 0.297695, 0.746274, 0.683862
trial 1403, 1, 1, 1, 2, 1, 42021.3, 0.205094, 0.638981, 0.703768
trial 1404, 1, 1, 0, 1, 4, 37808, 0.255257, 0.723956, 0.633932
trial 1405, 1, 0, 4, 8, 2, 18754.7, 0.886788, 0.677265, 0.648641
trial 1406, 1, 1, 4, 3, 6, 22306.7, 0.727895, 0.69488, 0.827676
trial 1407, 1, 0, 6, 1, 3, 63445.3, 0.842898, 0.694328, 0.803529
trial 1408, 1, 0, 3, 0, 1, 29672, 0.824165, 0.701771, 0.803876
trial 1409, 1, 1, 2, 3, 2, 36450.7, 0.599513, 0.685469, 0.759688
trial 1410, 1, 0, 6, 1, 4, 68085.3, 0.825301, 0.715, 0.65645
trial 1411, 1, 0, 2, 4, 4, 69346.7, 0.677985, 0.751622, 0.655942
trial 1412, 1, 1, 2, 6, 7, 55821.3, 0.294097, 0.76643, 0.728223
trial 1413, 1, 0, 5, 8, 2, 3488, 0.866564, 0.730133, 0.747855
trial 1414, 1, 1, 6, 0, 7, 29613.3, 0.834829, 0.718488, 0.756621
trial 1415, 1, 1, 6, 7, 3, 10416, 0.835824, 0.805763, 0.751645
trial 1416, 1, 1, 4, 2, 4, 65682.7, 0.774924, 0.646227, 0.620131
trial 1417, 1, 1, 3, 0, 6, 9664, 0.77445, 0.577239, 0.668661
trial 1418, 1, 0, 8, 6, 4, 44880, 0.848725, 0.714073, 0.649566
trial 1419, 1, 1, 4, 4, 4, 1200, 0.831254, 0.730147, 0.648459
trial 1420, 1, 0, 3, 7, 6, 1418.67, 0.71495, 0.655488, 0.629352
trial 1421, 1, 0, 7, 6, 6, 21458.7, 0.700493, 0.774337, 0.661974
trial 1422, 1, 0, 3, 8, 3, 22082.7, 0.776624, 0.611481, 0.668481
trial 1423, 1, 1, 1, 3, 6, 34168, 0.572472, 0.793108, 0.759611
trial 1424, 1, 1, 2, 6, 4, 62565.3, 0.221383, 0.821242, 0.642382
trial 1425, 1, 0, 8, 4, 7, 6485.33, 0.786206, 0.749687, 0.847888
trial 1426, 1, 0, 1, 0, 3, 45888, 0.557774, 0.696395, 0.807363
trial 1427, 1, 0, 8, 5, 7, 949.333, 0.886439, 0.710418, 0.820665
trial 1428, 1, 0, 8, 7, 5, 51784, 0.825598, 0.688048, 0.658944
trial 1429, 1, 1, 2, 4, 8, 35309.3, 0.659388, 0.714461, 0.658058
trial 1430, 1, 1, 5, 4, 1, 32645.3, 0.632955, 0.539562, 0.370411
trial 1431, 1, 1, 0, 2, 0, 48546.7, 0.337784, 0.433886, 0.179922
trial 1432, 1, 1, 0, 3, 7, 68224, 0.1997, 0.816088, 0.749197
trial 1433, 1, 0, 2, 1, 6, 43218.7, 0.619321, 0.346788, 0.737841
trial 1434, 1, 0, 7, 6, 7, 66122.7, 0.852839, 0.747987, 0.750815
trial 1435, 1, 1, 6, 4, 6, 41360, 0.895614, 0.718038, 0.785974
trial 1436, 1, 1, 1, 7, 5, 15034.7, 0.575932, 0.732849, 0.694061
trial 1437, 1, 1, 1, 4, 3, 3384, 0.574963, 0.66872, 0.587854
trial 1438, 1, 1, 3, 1, 1, 23384, 0.640963, 0.659521, 0.697963
trial 1439, 1, 1, 0, 3, 4, 6778.67, 0.193955, 0.696789, 0.612628
trial 1440, 1, 0, 0, 6, 8, 66176, 0.363243, 0.711788, 0.550412
trial 1441, 1, 0, 2, 3, 6, 6101.33, 0.636803, 0.64677, 0.608142
trial 1442, 1, 0, 8, 4, 4, 2085.33, 0.905527, 0.724247, 0.644093
trial 1443, 1, 1, 5, 7, 0, 24178.7, 0.649197, 0.68225, 0.200789
trial 1444, 1, 0, 6, 6, 2, 19826.7, 0.891631, 0.756477, 0.551767
trial 1445, 1, 1, 7, 3, 2, 48605.3, 0.75935, 0.689089, 0.600117
trial 1446, 1, 1, 2, 6, 0, 22285.3, 0.730583, 0.655612, 0.186827
trial 1447, 1, 0, 2, 8, 6, 72789.3, 0.394131, 0.651144, 0.584893
trial 1448, 1, 0, 5, 2, 2, 450.667, 0.697894, 0.619367, 0.5
trial 1449, 1, 1, 2, 3, 4, 73229.3, 0.273801, 0.644297, 0.582793
trial 1450, 1, 0, 0, 3, 4, 30864, 0.285289, 0.667424, 0.591643
trial 1451, 1, 1, 5, 6, 2, 24837.3, 0.601257, 0.721706, 0.654872
trial 1452, 1, 0, 1, 3, 2, 46858.7, 0.351128, 0.601472, 0.581509
trial 1453, 1, 1, 0, 2, 8, 41448, 0.230587, 0.619163, 0.587137
trial 1454, 1, 0, 5, 6, 3, 35066.7, 0.628097, 0.801215, 0.569718
trial 1455, 1, 0, 0, 5, 2, 37389.3, 0.598553, 0.738275, 0.582179
trial 1456, 1, 1, 3, 3, 6, 56053.3, 0.621878, 0.763545, 0.665262
trial 1457, 1, 1, 1, 3, 4, 43256, 0.357255, 0.632125, 0.629757
trial 1458, 1, 1, 3, 1, 6, 55586.7, 0.368478, 0.241256, 0.730078
trial 1459, 1, 0, 6, 8, 0, 15570.7, 0.752859, 0.689182, 0.31084
