OctaneSinglePotato Data File OctaneSinglePotatoRes_2803.txt
Participant Number: 2803
Date: 02/26/15, Time: 16:57:46
=============================


trial 1, 1, -1, -1, -1, -1, 0, 0, 0, 0
trial 2, 1, 0, 1, 8, 0, 39626.7, 0.326473, 0.78633, 0.246182
trial 3, 1, 1, 5, 7, 1, 7010.67, 0.727745, 0.865448, 0.0987538
trial 4, 1, 0, 6, 0, 2, 68032, 0.839344, 0.336138, 0.830297
trial 5, 1, 1, 0, 1, 3, 68930.7, 0.0895103, 0.643081, 0.715275
trial 6, 1, 0, 0, 4, 6, 70746.7, 0.260532, 0.865433, 0.690636
trial 7, 1, 0, 2, 6, 4, 59554.7, 0.398035, 0.791817, 0.333439
trial 8, 1, 1, 4, 7, 8, 59640, 0.594466, 0.82949, 0.719094
trial 9, 1, 1, 5, 5, 6, 79824, 0.569924, 0.759353, 0.873218
trial 10, 1, 1, 2, 6, 3, 5792, 0.24467, 0.736734, 0.409316
trial 11, 1, 1, 3, 2, 3, 20253.3, 0.412685, 0.838719, 0.600175
trial 12, 1, 0, 5, 8, 1, 60050.7, 0.699396, 0.840373, 0.453113
trial 13, 1, 0, 6, 6, 6, 68410.7, 0.8442, 0.666043, 0.845708
trial 14, 1, 0, 1, 2, 6, 78712, 0.325774, 0.871332, 0.900411
trial 15, 1, 0, 3, 4, 6, 66197.3, 0.354245, 0.820537, 0.773317
trial 16, 1, 1, 8, 4, 1, 269.333, 0.749281, 0.194418, 0.591039
trial 17, 1, 1, 2, 4, 4, 12152, 0.22405, 0.676657, 0.406262
trial 18, 1, 0, 4, 5, 5, 2328, 0.779862, 0.91549, 0.800748
trial 19, 1, 0, 8, 8, 5, 20186.7, 0.760329, 0.891033, 0.785413
trial 20, 1, 0, 5, 6, 0, 47957.3, 0.728693, 0.75148, 0
trial 21, 1, 1, 4, 2, 7, 59696, 0.791183, 0.798076, 0.976462
trial 22, 1, 1, 6, 2, 8, 8560, 0.827667, 0.936046, 0.875079
trial 23, 1, 1, 8, 3, 3, 56106.7, 0.868134, 0.755479, 0.356215
trial 24, 1, 1, 4, 1, 1, 24154.7, 0.132505, 0.725492, 0.302977
trial 25, 1, 0, 7, 6, 0, 57168, 0.835016, 0.408644, 0.13766
trial 26, 1, 0, 8, 0, 1, 2776, 0.957947, 0.246727, 0.385167
trial 27, 1, 0, 0, 8, 4, 29800, 0.0445798, 0.688094, 0.444892
trial 28, 1, 1, 5, 4, 0, 37829.3, 0.609378, 0.512972, 0.191994
trial 29, 1, 0, 6, 8, 5, 42162.7, 0.928095, 0.780126, 0.847858
trial 30, 1, 1, 4, 6, 8, 34269.3, 0.842376, 0.848929, 0.942203
trial 31, 1, 1, 2, 4, 2, 35562.7, 0.0849741, 0.83578, 0.5
trial 32, 1, 0, 4, 8, 7, 5256, 0.809749, 0.905212, 0.787559
trial 33, 1, 1, 0, 6, 6, 68717.3, 0.214515, 0.921078, 0.791098
trial 34, 1, 0, 8, 4, 2, 17949.3, 0.871347, 0.609559, 0.325677
trial 35, 1, 0, 2, 6, 1, 77008, 0.144304, 0.669911, 0.21567
trial 36, 1, 0, 2, 5, 5, 66888, 0.196068, 0.636191, 0.604503
trial 37, 1, 1, 7, 5, 2, 61050.7, 0.859449, 0.622607, 0.297653
trial 38, 1, 1, 7, 1, 5, 17688, 0.954187, 0.84778, 0.748878
trial 39, 1, 1, 0, 8, 2, 1056, 0.377795, 0.971801, 0.308624
trial 40, 1, 0, 3, 4, 2, 29909.3, 0.66227, 0.817344, 0.74074
trial 41, 1, 1, 6, 4, 2, 38829.3, 0.787306, 0.860573, 0.685843
trial 42, 1, 1, 8, 0, 7, 66594.7, 0.93996, 0.946685, 0.931793
trial 43, 1, 1, 4, 7, 5, 21392, 0.744692, 0.931348, 0.832006
trial 44, 1, 1, 7, 7, 4, 23392, 0.64652, 0.953089, 0.871174
trial 45, 1, 0, 0, 2, 6, 12488, 0.324721, 0.937483, 0.761989
trial 46, 1, 0, 4, 5, 8, 1056, 0.166267, 0.947536, 0.871756
trial 47, 1, 1, 8, 8, 6, 19354.7, 0.864455, 0.905425, 0.832558
trial 48, 1, 1, 6, 3, 1, 165.333, 0.687675, 0.642782, 0.388367
trial 49, 1, 0, 1, 4, 1, 77165.3, 0.127107, 0.626058, 0.308797
trial 50, 1, 0, 0, 1, 5, 75261.3, 0.232396, 0.734509, 0.689855
trial 51, 1, 1, 6, 8, 7, 71661.3, 0.700121, 0.844762, 0.613497
trial 52, 1, 1, 5, 7, 4, 63258.7, 0.618097, 0.829517, 0.596971
trial 53, 1, 1, 7, 4, 7, 5512, 0.761546, 0.888678, 0.878062
trial 54, 1, 0, 4, 3, 0, 21328, 0.402677, 0.244531, 0.156898
trial 55, 1, 0, 5, 0, 2, 71146.7, 0.606615, 0, 0.587804
trial 56, 1, 0, 2, 5, 3, 4349.33, 0.59425, 0.661303, 0.60365
trial 57, 1, 0, 1, 3, 7, 42413.3, 0.304142, 0.77455, 0.738997
trial 58, 1, 0, 2, 6, 5, 30578.7, 0.347722, 0.865189, 0.700378
trial 59, 1, 0, 3, 2, 3, 53688, 0.308231, 0.357791, 0.431021
trial 60, 1, 1, 8, 2, 4, 63717.3, 0.912764, 0.661923, 0.564216
trial 61, 1, 0, 0, 4, 8, 71504, 0, 0.907394, 0.706071
trial 62, 1, 1, 8, 3, 1, 66386.7, 0.804158, 0.334786, 0.288975
trial 63, 1, 1, 8, 5, 1, 31293.3, 0.882595, 0.541552, 0.410966
trial 64, 1, 0, 5, 3, 4, 44608, 0.428164, 0.519722, 0.447907
trial 65, 1, 1, 0, 1, 5, 64565.3, 0.218315, 0.400821, 0.702856
trial 66, 1, 0, 8, 5, 2, 56421.3, 0.863819, 0.594704, 0.312434
trial 67, 1, 1, 2, 8, 7, 79480, 0.249575, 0.895447, 0.626794
trial 68, 1, 1, 4, 0, 3, 43954.7, 0.387391, 0.222034, 0.685344
trial 69, 1, 0, 6, 2, 2, 76165.3, 0.593347, 0.313833, 0.664021
trial 70, 1, 1, 4, 6, 3, 10322.7, 0.32373, 0.834555, 0.671999
trial 71, 1, 1, 5, 8, 2, 4440, 0.680312, 0.858878, 0.107394
trial 72, 1, 0, 3, 7, 1, 40978.7, 0.617052, 0.419857, 0.242603
trial 73, 1, 0, 1, 8, 4, 32709.3, 0.20652, 0.688525, 0.341455
trial 74, 1, 1, 5, 7, 2, 52882.7, 0.724105, 0.608655, 0.32084
trial 75, 1, 1, 7, 8, 7, 64314.7, 0.868253, 0.928465, 0.931226
trial 76, 1, 1, 7, 7, 7, 32082.7, 0.971922, 0.951772, 0.948858
trial 77, 1, 1, 1, 2, 8, 63101.3, 0.171315, 0.832676, 0.942757
trial 78, 1, 0, 8, 0, 5, 70941.3, 0.748569, 0.376125, 0.646208
trial 79, 1, 1, 5, 5, 5, 67973.3, 0.667016, 0.871348, 0.285238
trial 80, 1, 1, 6, 5, 2, 32610.7, 0.639365, 0.768073, 0.28269
trial 81, 1, 1, 0, 5, 5, 5616, 0.129876, 0.679693, 0.59827
trial 82, 1, 1, 7, 0, 8, 76698.7, 0.872381, 0.724642, 0.933687
trial 83, 1, 0, 6, 0, 7, 72909.3, 0.878512, 0.645361, 0.778681
trial 84, 1, 0, 4, 4, 2, 3994.67, 0.593959, 0.736993, 0.434443
trial 85, 1, 0, 5, 0, 6, 13293.3, 0.56745, 0.82475, 0.88835
trial 86, 1, 1, 8, 7, 4, 7205.33, 0.869756, 0.949622, 0.777771
trial 87, 1, 0, 6, 8, 4, 73834.7, 0.620079, 0.924232, 0.400545
trial 88, 1, 1, 4, 5, 2, 11808, 0.371599, 0.826033, 0.258226
trial 89, 1, 1, 4, 7, 1, 72525.3, 0.370981, 0.773627, 0.438181
trial 90, 1, 1, 5, 5, 8, 65402.7, 0.786024, 0.897249, 0.811744
trial 91, 1, 1, 7, 7, 6, 76778.7, 0.622065, 0.869415, 0.907303
trial 92, 1, 1, 6, 6, 7, 54794.7, 0.660681, 0.899021, 0.8334
trial 93, 1, 0, 7, 6, 8, 64970.7, 0.823059, 0.979679, 0.885947
trial 94, 1, 0, 1, 2, 3, 18760, 0.115929, 0.324282, 0.406272
trial 95, 1, 1, 2, 5, 5, 3165.33, 0.372889, 0.647374, 0.39651
trial 96, 1, 1, 3, 0, 0, 6634.67, 0.241646, 0.14739, 0.613146
trial 97, 1, 1, 3, 8, 1, 44042.7, 0.285541, 0.68677, 0.331782
trial 98, 1, 0, 2, 1, 3, 18005.3, 0.227786, 0.430804, 0.735588
trial 99, 1, 1, 6, 7, 7, 40061.3, 0.543192, 1, 0.780963
trial 100, 1, 0, 6, 3, 3, 11736, 0.683662, 0.782213, 0.555387
trial 101, 1, 0, 7, 7, 8, 39066.7, 0.868842, 0.882387, 0.980196
trial 102, 1, 0, 4, 8, 5, 72298.7, 0.576718, 0.795929, 0.5802
trial 103, 1, 0, 0, 8, 0, 15314.7, 0.135405, 0.249531, 0.0764411
trial 104, 1, 0, 5, 5, 2, 19674.7, 0.31146, 0.402281, 0.320281
trial 105, 1, 1, 7, 3, 6, 34709.3, 0.770683, 0.953967, 0.813372
trial 106, 1, 0, 7, 7, 5, 17053.3, 0.794065, 0.878668, 0.777523
trial 107, 1, 1, 6, 4, 5, 25408, 0.640333, 0.771332, 0.552865
trial 108, 1, 1, 7, 5, 3, 29021.3, 0.562777, 0.649355, 0.323972
trial 109, 1, 0, 8, 2, 4, 11866.7, 0.654355, 0.582364, 0.393121
trial 110, 1, 1, 8, 8, 5, 79381.3, 0.921765, 0.738802, 0.937144
trial 111, 1, 0, 7, 4, 5, 61194.7, 0.606033, 0.704913, 0.651343
trial 112, 1, 0, 3, 0, 4, 5386.67, 0.249718, 0.408694, 0.60668
trial 113, 1, 0, 3, 2, 0, 52621.3, 0.28603, 0.133645, 0.0536168
trial 114, 1, 0, 3, 6, 1, 26128, 0.43053, 0.673565, 0.204131
trial 115, 1, 0, 5, 4, 1, 9000, 0.588822, 0.733987, 0.344319
trial 116, 1, 1, 3, 2, 7, 9437.33, 0.306135, 0.936149, 0.801893
trial 117, 1, 1, 5, 3, 6, 45760, 0.28232, 0.76391, 0.823553
trial 118, 1, 0, 5, 6, 6, 1176, 0.573937, 0.823707, 0.569987
trial 119, 1, 1, 1, 8, 6, 45253.3, 0.141013, 0.878047, 0.694944
trial 120, 1, 1, 4, 3, 8, 2688, 0.407001, 0.873956, 0.790904
trial 121, 1, 1, 3, 5, 2, 47592, 0.182706, 0.479776, 0.320945
trial 122, 1, 1, 0, 6, 2, 4418.67, 0.0384731, 0.358005, 0.29094
trial 123, 1, 0, 7, 0, 0, 42536, 0.440031, 0.0932835, 0.392464
trial 124, 1, 1, 8, 5, 2, 45882.7, 0.614922, 0.405897, 0.333758
trial 125, 1, 0, 3, 6, 2, 23762.7, 0.586853, 0.923367, 0.335331
trial 126, 1, 0, 7, 7, 3, 2192, 0.586587, 0.536, 0.476147
trial 127, 1, 0, 2, 1, 2, 42672, 0.451423, 0.228284, 0.713763
trial 128, 1, 1, 3, 3, 5, 52797.3, 0.344096, 0.795902, 0.730864
trial 129, 1, 0, 3, 4, 7, 38309.3, 0.286215, 0.87434, 0.780288
trial 130, 1, 0, 7, 1, 5, 40864, 0.620826, 0.569783, 0.886229
trial 131, 1, 0, 8, 7, 4, 73098.7, 0.678563, 0.635814, 0.670569
trial 132, 1, 1, 5, 3, 5, 29034.7, 0.771658, 0.746588, 0.383995
trial 133, 1, 0, 1, 2, 4, 68752, 0.336293, 0.636155, 0.403147
trial 134, 1, 1, 3, 8, 5, 57445.3, 0.251691, 0.827177, 0.721263
trial 135, 1, 1, 4, 8, 4, 3746.67, 0.638105, 0.789153, 0.780082
trial 136, 1, 0, 5, 0, 7, 4629.33, 0.660646, 0.212829, 0.843594
trial 137, 1, 0, 1, 3, 0, 70608, 0.229691, 0.21693, 0.0804664
trial 138, 1, 1, 5, 2, 7, 19978.7, 0.605021, 0.675171, 0.839634
trial 139, 1, 0, 6, 4, 5, 3690.67, 0.693256, 0.706723, 0.71004
trial 140, 1, 0, 3, 3, 1, 13733.3, 0.372178, 0.224505, 0.315298
trial 141, 1, 1, 4, 3, 5, 32810.7, 0.601871, 0.414378, 0.350609
trial 142, 1, 0, 6, 5, 7, 54432, 0.721405, 0.908752, 0.66264
trial 143, 1, 1, 0, 0, 2, 21330.7, 0, 0.360318, 0.595188
trial 144, 1, 1, 2, 1, 5, 44045.3, 0.0816573, 0.200496, 0.637083
trial 145, 1, 1, 7, 0, 0, 1525.33, 0.633807, 0.0549807, 0.00829601
trial 146, 1, 1, 3, 2, 8, 77856, 0.263907, 0.590069, 0.759686
trial 147, 1, 1, 5, 2, 6, 58381.3, 0.597172, 0.66111, 0.723707
trial 148, 1, 0, 2, 3, 8, 4285.33, 0.293324, 0.630735, 0.750631
trial 149, 1, 1, 8, 1, 3, 2602.67, 0.910426, 0.317436, 0.602297
trial 150, 1, 0, 0, 6, 1, 63930.7, 0.13564, 0.793609, 0.257551
trial 151, 1, 1, 6, 2, 3, 27533.3, 0.199937, 0.237171, 0.36513
trial 152, 1, 0, 0, 7, 5, 229.333, 0.0720669, 0.740005, 0.546661
trial 153, 1, 1, 5, 5, 4, 44850.7, 0.595882, 0.700846, 0.453157
trial 154, 1, 1, 8, 2, 0, 60656, 0.669524, 0.0550137, 0.0858544
trial 155, 1, 0, 6, 3, 0, 2632, 0.575279, 0.225753, 0.0976996
trial 156, 1, 1, 6, 3, 8, 45336, 0.67451, 0.876162, 0.726823
trial 157, 1, 1, 0, 2, 7, 73885.3, 0.180586, 0.693238, 0.897315
trial 158, 1, 0, 7, 8, 7, 65066.7, 0.813297, 0.932014, 0.671609
trial 159, 1, 1, 2, 2, 4, 52717.3, 0.0619916, 0.658448, 0.644727
trial 160, 1, 1, 6, 1, 3, 22677.3, 0.404766, 0.626087, 0.693356
trial 161, 1, 0, 1, 5, 7, 21578.7, 0.127008, 0.729376, 0.840514
trial 162, 1, 1, 8, 6, 4, 79194.7, 0.75848, 0.911235, 0.310405
trial 163, 1, 1, 8, 6, 0, 59586.7, 0.910681, 0.269936, 0.0520255
trial 164, 1, 0, 2, 0, 2, 3533.33, 0.195348, 0.145218, 0.56459
trial 165, 1, 1, 5, 2, 4, 266.667, 0.794252, 0.758527, 0.642715
trial 166, 1, 0, 0, 0, 0, 101.333, 0.134363, 0.0485608, 0.157367
trial 167, 1, 1, 5, 7, 7, 64010.7, 0.875874, 0.938849, 0.808083
trial 168, 1, 1, 3, 7, 1, 5624, 0.121125, 0.683594, 0.259794
trial 169, 1, 0, 0, 6, 6, 23610.7, 0.240885, 0.795937, 0.849152
trial 170, 1, 0, 5, 3, 5, 41498.7, 0.686605, 0.887349, 0.77344
trial 171, 1, 0, 3, 0, 6, 43592, 0.685719, 0.165292, 0.845352
trial 172, 1, 1, 0, 1, 8, 64282.7, 0.052948, 0.240633, 0.826169
trial 173, 1, 1, 2, 1, 3, 5544, 0.174093, 0.172603, 0.483078
trial 174, 1, 0, 1, 8, 8, 23424, 0.32865, 0.903074, 0.725182
trial 175, 1, 1, 8, 0, 6, 18045.3, 0.715534, 0.263614, 0.708937
trial 176, 1, 1, 1, 7, 4, 33720, 0.236845, 0.724374, 0.25151
trial 177, 1, 0, 5, 5, 7, 22818.7, 0.748423, 0.883932, 0.76041
trial 178, 1, 1, 2, 6, 6, 70408, 0.386048, 0.898338, 0.784903
trial 179, 1, 0, 0, 0, 1, 6498.67, 0.154838, 0.126722, 0.358594
trial 180, 1, 1, 7, 3, 8, 66173.3, 0.773913, 0.951095, 0.828666
trial 181, 1, 0, 3, 7, 7, 77493.3, 0.647224, 0.822111, 0.735609
trial 182, 1, 1, 3, 0, 8, 32792, 0.692804, 0.573916, 0.839017
trial 183, 1, 1, 8, 7, 1, 24040, 0.642414, 0.666884, 0.253274
trial 184, 1, 1, 1, 4, 0, 71090.7, 0.0744924, 0.420335, 0.0811115
trial 185, 1, 1, 6, 6, 6, 65074.7, 0.806848, 0.89343, 0.30074
trial 186, 1, 1, 2, 8, 1, 2074.67, 0.203389, 0.71655, 0.202721
trial 187, 1, 1, 5, 1, 1, 36045.3, 0.369496, 0.650834, 0.281664
trial 188, 1, 0, 6, 0, 1, 60672, 0.739304, 0.234529, 0.372104
trial 189, 1, 1, 1, 1, 7, 6536, 0.208267, 0.834862, 0.779986
trial 190, 1, 1, 2, 1, 7, 22736, 0.347529, 0.820915, 0.727886
trial 191, 1, 0, 1, 8, 5, 73410.7, 0.654765, 0.842283, 0.717752
trial 192, 1, 0, 3, 3, 6, 73322.7, 0.653653, 0.884162, 0.724499
trial 193, 1, 1, 4, 3, 7, 43021.3, 0.677299, 0.892907, 0.73905
trial 194, 1, 0, 0, 1, 3, 62962.7, 0.321248, 0.318248, 0.68873
trial 195, 1, 0, 3, 5, 8, 10314.7, 0.228835, 0.913362, 0.753087
trial 196, 1, 1, 1, 3, 2, 6370.67, 0.0925476, 0.382233, 0.303217
trial 197, 1, 1, 7, 1, 0, 22866.7, 0.989999, 0.232314, 0.105833
trial 198, 1, 0, 8, 6, 0, 29437.3, 0.892006, 0.293994, 0.137242
trial 199, 1, 0, 4, 5, 6, 2128, 0.637313, 0.351972, 0.601219
trial 200, 1, 0, 2, 8, 0, 5480, 0.154573, 0.768083, 0
trial 201, 1, 0, 1, 1, 8, 58141.3, 0.240012, 0.698216, 0.898539
trial 202, 1, 1, 5, 3, 1, 24626.7, 0.358961, 0.825069, 0.232453
trial 203, 1, 0, 3, 8, 1, 76477.3, 0.301493, 0.732714, 0.175281
trial 204, 1, 0, 2, 2, 8, 39066.7, 0.306737, 0.741718, 0.839944
trial 205, 1, 0, 6, 6, 1, 77554.7, 0.694284, 0.730973, 0.161958
trial 206, 1, 0, 3, 7, 0, 49962.7, 0.626837, 0.359101, 0.0809417
trial 207, 1, 0, 7, 4, 1, 25125.3, 0.799551, 0.496502, 0.282108
trial 208, 1, 0, 0, 0, 7, 5042.67, 0.316619, 0.807378, 0.936035
trial 209, 1, 0, 6, 6, 8, 53112, 0.878629, 0.9895, 0.79281
trial 210, 1, 0, 1, 7, 1, 13605.3, 0.700866, 0.526877, 0.606252
trial 211, 1, 1, 8, 0, 4, 15178.7, 1, 0.606153, 0.377195
trial 212, 1, 1, 5, 4, 2, 63976, 0.776664, 0.347111, 0.229707
trial 213, 1, 1, 0, 7, 5, 56624, 0.0753273, 0.85987, 0.718441
trial 214, 1, 0, 6, 1, 7, 57970.7, 0.953422, 0.674154, 0.903828
trial 215, 1, 0, 4, 4, 7, 12240, 0.890476, 0.823244, 0.981773
trial 216, 1, 1, 4, 2, 5, 25928, 0.795703, 1, 0.587748
trial 217, 1, 1, 5, 8, 4, 49362.7, 0.621454, 0.977964, 0.294373
trial 218, 1, 1, 2, 1, 4, 52754.7, 0.196459, 0.651063, 0.325241
trial 219, 1, 0, 2, 7, 7, 25656, 0.439286, 0.952884, 0.927287
trial 220, 1, 0, 5, 7, 5, 17618.7, 0.725675, 0.839363, 0.769278
trial 221, 1, 1, 2, 8, 6, 52213.3, 0.51486, 0.923764, 0.711683
trial 222, 1, 1, 0, 5, 1, 35402.7, 0, 0.399192, 0.386489
trial 223, 1, 1, 8, 1, 0, 6378.67, 0.38503, 0.0749699, 0.221476
trial 224, 1, 1, 7, 6, 8, 48389.3, 0.45647, 0.844125, 0.843133
trial 225, 1, 0, 1, 6, 7, 41744, 0.153175, 0.91523, 0.882008
trial 226, 1, 1, 3, 6, 0, 47200, 0.19107, 0.366531, 0.0296303
trial 227, 1, 0, 8, 5, 6, 7229.33, 0.860848, 0.930983, 0.75317
trial 228, 1, 0, 2, 1, 1, 48792, 0.231744, 0.0938356, 0.528712
trial 229, 1, 1, 3, 5, 7, 3688, 0.329911, 0.954291, 0.745765
trial 230, 1, 1, 5, 7, 6, 67096, 0.637649, 0.917161, 0.794914
trial 231, 1, 1, 2, 8, 4, 57714.7, 0.345745, 0.928238, 0.566055
trial 232, 1, 1, 2, 7, 4, 27354.7, 0.258521, 0.858818, 0.400609
trial 233, 1, 0, 1, 6, 3, 46429.3, 0.219127, 0.759384, 0.428761
trial 234, 1, 0, 4, 2, 1, 53869.3, 0.371576, 0.0879722, 0.554393
trial 235, 1, 0, 3, 7, 4, 3661.33, 0.304766, 0.572975, 0.385292
trial 236, 1, 0, 4, 3, 2, 60608, 0.579868, 0.246095, 0.406434
trial 237, 1, 1, 5, 0, 4, 5152, 0.659244, 0.213747, 0.676756
trial 238, 1, 1, 6, 1, 5, 32456, 0.85885, 0.281296, 0.707097
trial 239, 1, 0, 1, 0, 1, 64173.3, 0.146815, 0.05028, 0.663427
trial 240, 1, 0, 5, 5, 8, 30216, 0.731227, 0.861848, 0.879273
trial 241, 1, 1, 8, 3, 6, 44186.7, 0.95991, 0.940171, 0.80796
trial 242, 1, 1, 0, 4, 5, 25858.7, 0.104734, 0.622243, 0.688601
trial 243, 1, 0, 7, 6, 5, 34552, 0.865659, 0.794479, 0.665242
trial 244, 1, 0, 5, 2, 6, 1488, 0.765613, 0.428138, 0.643337
trial 245, 1, 0, 6, 4, 4, 4704, 0.275867, 0.645608, 0.293784
trial 246, 1, 0, 5, 5, 4, 11914.7, 0.395514, 0.779989, 0.350863
trial 247, 1, 1, 2, 6, 2, 57840, 0.115048, 0.680149, 0.314437
trial 248, 1, 0, 5, 3, 7, 18597.3, 0.681316, 0.915274, 0.844254
trial 249, 1, 1, 5, 5, 1, 28874.7, 0.380041, 0.36745, 0.140779
trial 250, 1, 0, 1, 2, 1, 76208, 0.135397, 0.200022, 0.276796
trial 251, 1, 0, 0, 8, 1, 24325.3, 0.128127, 0.576952, 0.146205
trial 252, 1, 0, 8, 8, 0, 76474.7, 0.930263, 0.490137, 0.0315335
trial 253, 1, 1, 4, 1, 6, 28717.3, 0.691057, 0.917247, 0.695285
trial 254, 1, 1, 8, 5, 8, 19421.3, 0.975907, 0.832255, 0.948825
trial 255, 1, 0, 3, 6, 7, 23752, 0.63623, 0.898393, 0.937036
trial 256, 1, 0, 1, 1, 2, 65106.7, 0.171018, 0.824423, 0.135634
trial 257, 1, 1, 2, 8, 3, 15624, 0.0879334, 0.666252, 0.332944
trial 258, 1, 0, 7, 8, 8, 11898.7, 0.826667, 0.923148, 0.861934
trial 259, 1, 1, 7, 2, 1, 28368, 0.950111, 0.37132, 0.625343
trial 260, 1, 1, 2, 2, 7, 65330.7, 0.328002, 0.72096, 0.899275
trial 261, 1, 0, 0, 0, 5, 42456, 0.130362, 0.378351, 0.772474
trial 262, 1, 0, 8, 1, 3, 79754.7, 0.800203, 0.200234, 0.384891
trial 263, 1, 0, 4, 5, 7, 25896, 0.745312, 0.823557, 0.8839
trial 264, 1, 0, 5, 1, 4, 54536, 0.712845, 0.620585, 0.735656
trial 265, 1, 1, 0, 1, 1, 74056, 0.0639711, 0.223758, 0.666857
trial 266, 1, 1, 0, 7, 8, 43904, 0.0905913, 0.907587, 0.797765
trial 267, 1, 0, 0, 6, 5, 56680, 0.220933, 0.740755, 0.638565
trial 268, 1, 0, 4, 6, 7, 3056, 0.558254, 0.880583, 0.772851
trial 269, 1, 1, 1, 5, 2, 27120, 0.148582, 0.654632, 0.614235
trial 270, 1, 0, 5, 8, 7, 40973.3, 0.783372, 0.910722, 0.779373
trial 271, 1, 0, 8, 2, 6, 70602.7, 0.867917, 0.727376, 0.671957
trial 272, 1, 1, 4, 6, 7, 46240, 0.696668, 0.85648, 0.781037
trial 273, 1, 0, 2, 0, 8, 66162.7, 0.273526, 0.721449, 0.904634
trial 274, 1, 0, 8, 5, 1, 29320, 0.608368, 0.42282, 0.223175
trial 275, 1, 0, 2, 5, 0, 51058.7, 0.29415, 0.340171, 0.0669904
trial 276, 1, 1, 1, 7, 1, 43053.3, 0.0348791, 0.639041, 0.140647
trial 277, 1, 0, 3, 4, 1, 74357.3, 0.660367, 0.439682, 0.0839812
trial 278, 1, 0, 8, 5, 8, 32642.7, 0.868536, 0.788788, 0.900678
trial 279, 1, 0, 4, 1, 2, 60272, 0.600845, 0.214762, 0.737258
trial 280, 1, 0, 4, 2, 2, 60821.3, 0.606912, 0.196766, 0.355996
trial 281, 1, 0, 5, 4, 3, 68941.3, 0.587748, 0.192721, 0.288359
trial 282, 1, 1, 1, 5, 1, 41282.7, 0.172875, 0.36761, 0.159864
trial 283, 1, 1, 2, 3, 3, 33077.3, 0.288002, 0.484228, 0.364392
trial 284, 1, 1, 6, 5, 3, 5274.67, 0.286826, 0.653667, 0.348143
trial 285, 1, 0, 5, 7, 2, 5037.33, 0.680098, 0.414563, 0.167553
trial 286, 1, 1, 8, 5, 0, 22472, 0.35926, 0.107775, 0.178883
trial 287, 1, 0, 1, 7, 7, 36962.7, 0.29058, 0.749845, 0.868506
trial 288, 1, 1, 6, 5, 5, 57421.3, 0.726768, 0.772151, 0.85151
trial 289, 1, 0, 2, 3, 1, 3466.67, 0.300184, 0.296482, 0.231634
trial 290, 1, 0, 3, 1, 6, 2488, 0.765136, 0.728745, 0.788199
trial 291, 1, 1, 2, 0, 3, 6648, 0.330677, 0.827131, 0.601526
trial 292, 1, 1, 8, 3, 2, 76024, 0.645853, 0.375969, 0.28725
trial 293, 1, 0, 0, 7, 4, 71872, 0.163165, 0.676159, 0.337113
trial 294, 1, 0, 6, 3, 2, 18114.7, 0.30238, 0.621504, 0.215361
trial 295, 1, 1, 8, 4, 3, 69282.7, 0.775661, 0.625374, 0.871736
trial 296, 1, 0, 8, 7, 7, 76944, 0.822385, 0.902205, 0.949676
trial 297, 1, 0, 4, 1, 5, 54309.3, 0.786107, 0.698803, 0.901621
trial 298, 1, 0, 0, 1, 6, 54890.7, 0.279986, 0.663459, 0.893977
trial 299, 1, 0, 5, 7, 7, 32016, 0.773038, 0.91025, 0.896457
trial 300, 1, 0, 6, 2, 0, 75733.3, 0.660692, 0.12983, 0.249073
trial 301, 1, 0, 6, 0, 5, 22568, 0.85892, 0.637384, 0.852018
trial 302, 1, 1, 4, 2, 2, 27714.7, 0.40906, 0.195181, 0.233796
trial 303, 1, 1, 3, 6, 5, 13501.3, 0.319508, 0.634275, 0.432263
trial 304, 1, 0, 0, 2, 2, 58970.7, 0.202191, 0.310272, 0.254747
trial 305, 1, 1, 0, 1, 7, 1797.33, 0.170015, 0.797556, 0.862332
trial 306, 1, 1, 6, 3, 5, 7056, 0.823334, 0.776586, 0.921541
trial 307, 1, 1, 1, 2, 7, 21301.3, 0.1335, 0.789357, 0.866906
trial 308, 1, 1, 3, 7, 2, 370.667, 0.501214, 0.638702, 0.367165
trial 309, 1, 0, 7, 3, 3, 4645.33, 0.728102, 0.249612, 0.432457
trial 310, 1, 0, 8, 3, 4, 55949.3, 0.677456, 0.685767, 0.24284
trial 311, 1, 1, 7, 1, 8, 46005.3, 0.861597, 0.698012, 0.839289
trial 312, 1, 0, 5, 1, 2, 53202.7, 0.457179, 0.078105, 0.358648
trial 313, 1, 0, 6, 2, 5, 5272, 0.80751, 0.90854, 0.794274
trial 314, 1, 0, 5, 5, 5, 73605.3, 0.642409, 0.905017, 0.714878
trial 315, 1, 0, 8, 6, 3, 66589.3, 0.707587, 0.756685, 0.658509
trial 316, 1, 1, 0, 2, 4, 79125.3, 0.14002, 0.346537, 0.567135
trial 317, 1, 1, 5, 4, 7, 70880, 0.321541, 0.822013, 0.918391
trial 318, 1, 1, 7, 8, 3, 66298.7, 0.659469, 0.848224, 0.161421
trial 319, 1, 0, 1, 0, 6, 54005.3, 0.231832, 0.139716, 0.825887
trial 320, 1, 0, 1, 3, 1, 43378.7, 0.122082, 0.0529969, 0.122884
trial 321, 1, 1, 2, 2, 2, 31264, 0.160244, 0.268846, 0.199305
trial 322, 1, 1, 5, 7, 5, 34856, 0.220174, 0.84394, 0.318291
trial 323, 1, 1, 5, 4, 5, 71613.3, 0.603897, 0.912574, 0.714811
trial 324, 1, 1, 0, 2, 6, 9082.67, 0.099656, 0.521513, 0.703868
trial 325, 1, 1, 5, 6, 4, 59762.7, 0.836978, 0.884166, 0.745334
trial 326, 1, 1, 6, 7, 4, 2165.33, 0.76389, 0.905578, 0.571042
trial 327, 1, 1, 4, 0, 8, 63834.7, 0.612156, 0.231625, 0.864996
trial 328, 1, 0, 2, 5, 4, 33189.3, 0.390229, 0.801444, 0.202201
trial 329, 1, 0, 4, 4, 1, 47389.3, 0.534081, 0.603662, 0.131092
trial 330, 1, 1, 1, 6, 2, 50248, 0.108593, 0.718291, 0.202003
trial 331, 1, 0, 4, 1, 6, 26416, 0.843712, 0.925786, 0.802235
trial 332, 1, 1, 3, 0, 5, 31712, 0.324816, 0.762268, 0.690485
trial 333, 1, 1, 1, 4, 2, 40744, 0.146558, 0.594822, 0.350292
trial 334, 1, 0, 3, 1, 0, 42824, 0.63718, 0.157867, 0.19131
trial 335, 1, 0, 6, 2, 6, 1373.33, 0.635958, 0.529486, 0.742004
trial 336, 1, 1, 7, 8, 5, 35949.3, 0.960731, 0.881402, 0.695231
trial 337, 1, 1, 3, 4, 5, 33429.3, 0.558744, 0.890678, 0.771028
trial 338, 1, 0, 7, 2, 3, 75906.7, 0.628739, 0.697457, 0.349385
trial 339, 1, 0, 4, 8, 3, 46464, 0.587555, 0.69074, 0.197777
trial 340, 1, 1, 4, 5, 1, 4861.33, 0.239897, 0.687403, 0.143604
trial 341, 1, 1, 4, 7, 7, 3237.33, 0.220681, 0.937761, 0.753857
trial 342, 1, 0, 5, 4, 4, 41890.7, 0.389151, 0.780926, 0.268318
trial 343, 1, 1, 6, 4, 4, 4805.33, 0.635876, 0.793354, 0.292458
trial 344, 1, 1, 7, 8, 6, 76501.3, 0.726645, 0.915745, 0.561642
trial 345, 1, 1, 6, 5, 0, 71586.7, 0.625465, 0.373994, 0.0870481
trial 346, 1, 0, 2, 4, 5, 32938.7, 0.277233, 0.818706, 0.732134
trial 347, 1, 0, 1, 0, 5, 48320, 0.256602, 0.735237, 0.816649
trial 348, 1, 0, 1, 0, 7, 31909.3, 0.223099, 0, 0.816231
trial 349, 1, 1, 3, 0, 1, 13600, 0.293809, 0.10335, 0.368024
trial 350, 1, 1, 8, 8, 1, 40586.7, 0.875535, 0.767128, 0.143059
trial 351, 1, 1, 1, 4, 7, 71645.3, 0.118199, 0.771443, 0.912412
trial 352, 1, 0, 4, 1, 4, 79912, 0.304744, 0.664681, 0.851091
trial 353, 1, 0, 2, 0, 0, 71554.7, 0.25844, 0.0858815, 0.283969
trial 354, 1, 1, 8, 4, 7, 5850.67, 0.949155, 0.805546, 0.953924
trial 355, 1, 0, 5, 3, 6, 15482.7, 0.590615, 0.718296, 0.826418
trial 356, 1, 1, 8, 3, 8, 17285.3, 0.90134, 0.930563, 1
trial 357, 1, 1, 6, 0, 4, 6117.33, 0.773999, 0.735234, 0.806717
trial 358, 1, 1, 2, 6, 8, 34360, 0.108394, 0.776573, 0.69117
trial 359, 1, 0, 6, 8, 7, 71714.7, 0.608522, 0.955494, 0.750793
trial 360, 1, 0, 4, 6, 1, 77101.3, 0.282441, 0.885274, 0.251823
trial 361, 1, 1, 2, 7, 7, 44360, 0.0637753, 0.936167, 0.701804
trial 362, 1, 0, 2, 0, 7, 77346.7, 0.228349, 0.0356598, 0.735061
trial 363, 1, 1, 3, 7, 6, 8589.33, 0.0770057, 0.937489, 0.722448
trial 364, 1, 1, 5, 3, 3, 20368, 0.714938, 0.925145, 0.160392
trial 365, 1, 1, 6, 8, 1, 51696, 0.778109, 0.741241, 0.0608732
trial 366, 1, 1, 0, 7, 2, 44448, 0.0182336, 0.931528, 0.349965
trial 367, 1, 0, 5, 2, 0, 17936, 0.407831, 0.194784, 0.0354783
trial 368, 1, 1, 5, 0, 3, 42149.3, 0.750713, 0.549763, 0.416134
trial 369, 1, 0, 7, 6, 2, 70098.7, 0.617999, 0.911492, 0.223638
trial 370, 1, 0, 7, 1, 0, 77498.7, 0.639872, 0.211332, 0.0928434
trial 371, 1, 1, 1, 6, 6, 69050.7, 0, 0.977491, 0.685011
trial 372, 1, 1, 1, 5, 7, 70741.3, 0, 0.946262, 0.855231
trial 373, 1, 1, 3, 4, 8, 28797.3, 0.165902, 0.703534, 0.942572
trial 374, 1, 1, 8, 8, 4, 14954.7, 0.94293, 0.959154, 0.270039
trial 375, 1, 0, 5, 2, 3, 3888, 0.700513, 0.64858, 0.330592
trial 376, 1, 1, 8, 4, 8, 53250.7, 0.772385, 0.93786, 0.808406
trial 377, 1, 0, 8, 1, 2, 48381.3, 0.630444, 0.119352, 0.232945
trial 378, 1, 1, 0, 6, 4, 52896, 0.0200088, 0.837413, 0.266491
trial 379, 1, 1, 7, 0, 7, 39738.7, 0.836445, 0.164564, 1
trial 380, 1, 1, 5, 8, 5, 8917.33, 0.863541, 0.957298, 0.564989
trial 381, 1, 1, 0, 5, 4, 33317.3, 0.00781319, 0.924067, 0.502917
trial 382, 1, 1, 1, 7, 8, 54842.7, 0.0682412, 1, 0.906741
trial 383, 1, 0, 8, 1, 7, 29040, 0.7902, 0.705066, 0.857281
trial 384, 1, 0, 5, 1, 7, 3333.33, 0.666862, 0.227944, 0.68941
trial 385, 1, 1, 1, 6, 1, 48034.7, 0.12698, 0.48226, 0.131222
trial 386, 1, 1, 7, 1, 4, 48973.3, 0.757418, 0.363807, 0.403502
trial 387, 1, 0, 1, 1, 3, 7093.33, 0.294319, 0.60793, 0.436726
trial 388, 1, 1, 5, 6, 5, 304, 0.734673, 0.714159, 0.66927
trial 389, 1, 1, 6, 3, 0, 40917.3, 0.649328, 0.197712, 0.0896366
trial 390, 1, 0, 2, 3, 4, 5352, 0.228698, 0.736268, 0.392764
trial 391, 1, 0, 7, 2, 7, 47589.3, 0.784221, 0.775562, 0.7216
trial 392, 1, 0, 1, 3, 3, 19629.3, 0.198966, 0.764877, 0.329657
trial 393, 1, 0, 5, 4, 6, 7352, 0.61477, 0.840789, 0.62997
trial 394, 1, 0, 7, 2, 1, 55946.7, 0.68407, 0.458016, 0.254098
trial 395, 1, 0, 8, 6, 8, 6085.33, 0.827682, 0.877955, 0.759464
trial 396, 1, 1, 1, 4, 8, 68786.7, 0.183506, 0.87949, 0.765517
trial 397, 1, 1, 6, 3, 2, 1333.33, 0.775203, 0.639397, 0.3967
trial 398, 1, 0, 1, 0, 0, 30168, 0.117973, 0.137276, 0.386976
trial 399, 1, 1, 3, 0, 4, 70106.7, 0.161108, 0.0933532, 0.672137
trial 400, 1, 1, 7, 5, 1, 30138.7, 0.629534, 0.814183, 0.115234
trial 401, 1, 0, 1, 2, 2, 58357.3, 0.260542, 0.739585, 0.257288
trial 402, 1, 0, 3, 1, 8, 36016, 0.735638, 0.826391, 0.934685
trial 403, 1, 0, 5, 0, 4, 50218.7, 0.692999, 0.396662, 0.755675
trial 404, 1, 1, 6, 0, 5, 20725.3, 0.710903, 0.772373, 0.761629
trial 405, 1, 1, 7, 0, 5, 21557.3, 0.755366, 0.720871, 0.654333
trial 406, 1, 0, 5, 3, 2, 56800, 0.741806, 0.874894, 0.349681
trial 407, 1, 1, 4, 7, 3, 57072, 0.246554, 0.82156, 0.13242
trial 408, 1, 0, 3, 7, 3, 71560, 0.272577, 0.831638, 0.212038
trial 409, 1, 1, 2, 7, 3, 22506.7, 0.191505, 0.690689, 0.283195
trial 410, 1, 0, 2, 4, 2, 3256, 0.203592, 0.749995, 0.134375
trial 411, 1, 0, 4, 0, 7, 63074.7, 0.662792, 0.15349, 0.896236
trial 412, 1, 0, 5, 0, 0, 76376, 0.582932, 0.188063, 0.161146
trial 413, 1, 0, 4, 6, 0, 50005.3, 0.39187, 0.280573, 0
trial 414, 1, 0, 4, 3, 1, 3242.67, 0.430099, 0.329186, 0.136788
trial 415, 1, 1, 6, 7, 2, 74200, 0.774561, 0.773087, 0.27051
trial 416, 1, 0, 1, 6, 5, 45429.3, 0.102344, 0.804757, 0.72933
trial 417, 1, 0, 4, 2, 0, 33173.3, 0.278097, 0.131129, 0.0491639
trial 418, 1, 0, 2, 7, 1, 59229.3, 0.369831, 0.912712, 0.220688
trial 419, 1, 0, 6, 3, 1, 36440, 0.31002, 0.269166, 0.336952
trial 420, 1, 1, 6, 3, 3, 71584, 0.828099, 0.807868, 0.737364
trial 421, 1, 0, 1, 1, 4, 75496, 0.571996, 0.859366, 0.830734
trial 422, 1, 0, 5, 1, 3, 40130.7, 0.731245, 0.230915, 0.808107
trial 423, 1, 0, 8, 0, 4, 49773.3, 0.733317, 0.371938, 0.860208
trial 424, 1, 0, 6, 6, 7, 76824, 0.734681, 0.92594, 0.783
trial 425, 1, 0, 0, 7, 2, 66256, 0.162895, 0.827152, 0.393305
trial 426, 1, 1, 6, 0, 2, 57256, 0.674262, 0.203786, 0.284848
trial 427, 1, 1, 2, 5, 1, 60232, 0.163932, 0.68723, 0.285846
trial 428, 1, 0, 5, 1, 5, 68114.7, 0.637043, 0.730947, 0.349067
trial 429, 1, 0, 4, 7, 1, 31714.7, 0.351478, 0.713199, 0.253875
trial 430, 1, 0, 8, 0, 7, 42421.3, 1, 0.844798, 0.911235
trial 431, 1, 0, 3, 1, 3, 6474.67, 0.739399, 0.840741, 0.589403
trial 432, 1, 0, 7, 0, 2, 51458.7, 0.737056, 0.523761, 0.719552
trial 433, 1, 1, 4, 0, 0, 36176, 0.632485, 0, 0.262009
trial 434, 1, 0, 1, 7, 4, 16728, 0.03504, 1, 0.400651
trial 435, 1, 1, 1, 2, 3, 18557.3, 0, 0.417957, 0.396526
trial 436, 1, 0, 0, 4, 1, 32165.3, 0.167008, 0.699193, 0.339982
trial 437, 1, 0, 2, 1, 5, 49610.7, 0.173919, 0.605413, 0.83452
trial 438, 1, 1, 2, 1, 6, 11373.3, 0.293146, 0.940295, 0.851021
trial 439, 1, 0, 7, 5, 8, 49584, 0.933737, 0.900689, 0.946219
trial 440, 1, 1, 8, 0, 3, 11365.3, 0.750206, 0.132836, 0.742921
trial 441, 1, 1, 1, 3, 1, 36922.7, 0.0452324, 0.311278, 0.5
trial 442, 1, 0, 7, 2, 2, 35368, 0.920709, 0.786221, 0.122182
trial 443, 1, 1, 3, 5, 6, 3845.33, 0.139457, 0.877355, 0.765574
trial 444, 1, 0, 0, 3, 0, 8405.33, 0.167962, 0.247566, 0.133719
trial 445, 1, 1, 0, 5, 0, 2677.33, 0.0605914, 0.507218, 0.0832798
trial 446, 1, 1, 0, 8, 4, 3144, 0.155493, 0.888887, 0.303645
trial 447, 1, 0, 1, 0, 2, 71421.3, 0.218104, 0, 0.655859
trial 448, 1, 1, 7, 6, 5, 67597.3, 0.933517, 0.95, 0.569623
trial 449, 1, 0, 1, 4, 8, 41197.3, 0.618225, 0.911226, 0.942619
trial 450, 1, 1, 3, 1, 3, 1493.33, 0.62804, 0.76402, 0.71228
trial 451, 1, 0, 8, 3, 2, 23538.7, 0.870181, 0.364904, 0.643242
trial 452, 1, 0, 5, 6, 4, 46546.7, 0.881388, 0.930829, 0.295593
trial 453, 1, 0, 5, 5, 3, 43698.7, 0.809671, 0.903346, 0.317941
trial 454, 1, 0, 4, 8, 0, 79128, 0.643064, 0.708887, 0.141244
trial 455, 1, 0, 1, 5, 6, 47848, 0.197224, 0.705814, 0.877533
trial 456, 1, 1, 0, 2, 5, 25184, 0.117265, 0.843939, 0.772279
trial 457, 1, 1, 5, 1, 3, 35106.7, 0.225333, 0.162222, 0.717476
trial 458, 1, 0, 3, 2, 4, 1117.33, 0.592121, 0.720762, 0.684663
trial 459, 1, 1, 1, 3, 0, 57826.7, 0.177202, 0.349943, 0.118731
trial 460, 1, 0, 8, 0, 8, 34525.3, 0.876604, 0.781322, 0.910654
trial 461, 1, 0, 4, 5, 3, 5901.33, 0.691033, 0.778463, 0.567182
trial 462, 1, 0, 8, 8, 4, 4693.33, 0.834663, 0.916181, 0.731264
trial 463, 1, 0, 4, 1, 3, 63573.3, 0.730781, 0.448727, 0.596565
trial 464, 1, 0, 2, 6, 2, 4893.33, 0.558321, 0.564467, 0.461288
trial 465, 1, 1, 0, 5, 6, 4498.67, 0.12332, 0.785088, 0.823394
trial 466, 1, 1, 6, 2, 2, 67946.7, 0.627292, 0.443327, 0.63181
trial 467, 1, 0, 4, 5, 2, 2469.33, 0.620698, 0.626465, 0.56417
trial 468, 1, 1, 0, 3, 6, 74181.3, 0.145436, 0.86212, 0.853973
trial 469, 1, 0, 1, 7, 6, 39488, 0.129595, 0.893386, 0.798148
trial 470, 1, 0, 7, 7, 0, 71885.3, 0.741738, 0.567102, 0.0700729
trial 471, 1, 1, 0, 4, 4, 5600, 0.107728, 0.761963, 0.70696
trial 472, 1, 0, 4, 8, 6, 45290.7, 0.664577, 0.934919, 0.739241
trial 473, 1, 1, 8, 2, 6, 27760, 0.925757, 0.944662, 0.751249
trial 474, 1, 1, 1, 2, 6, 63442.7, 0.142892, 0.80559, 0.865778
trial 475, 1, 1, 1, 6, 5, 13738.7, 0.23055, 0.787035, 0.741698
trial 476, 1, 0, 8, 5, 0, 2469.33, 0.749454, 0.414106, 0.0496721
trial 477, 1, 1, 1, 8, 2, 6162.67, 0.180573, 0.769951, 0.262512
trial 478, 1, 1, 3, 4, 6, 2546.67, 0.276841, 0.869236, 0.77408
trial 479, 1, 1, 4, 5, 0, 13914.7, 0.41962, 0.340038, 0.162108
trial 480, 1, 0, 0, 2, 7, 42512, 0.599693, 0.676662, 0.885733
trial 481, 1, 0, 4, 4, 3, 77032, 0.674998, 0.197582, 0.284562
trial 482, 1, 1, 4, 4, 7, 13546.7, 0.852005, 0.782074, 0.908844
trial 483, 1, 1, 0, 8, 8, 24733.3, 0.0890511, 0.932865, 0.917131
trial 484, 1, 1, 2, 4, 1, 50040, 0.171194, 0.669162, 0.585186
trial 485, 1, 0, 8, 8, 7, 73992, 0.816827, 0.880619, 0.603868
trial 486, 1, 0, 7, 4, 8, 79685.3, 0.898848, 0.764451, 0.90126
trial 487, 1, 0, 0, 2, 1, 19136, 0.210693, 0.336206, 0.630488
trial 488, 1, 1, 4, 8, 3, 7285.33, 0.38217, 0.793349, 0.240473
trial 489, 1, 1, 7, 8, 1, 41952, 0.764381, 0.678609, 0.161607
trial 490, 1, 0, 5, 4, 7, 13392, 0.705141, 0.907392, 0.743188
trial 491, 1, 0, 3, 6, 4, 23810.7, 0.417041, 0.840835, 0.334122
trial 492, 1, 1, 5, 2, 1, 4573.33, 0.655629, 0.116525, 0.234408
trial 493, 1, 1, 0, 4, 7, 6666.67, 0.132198, 0.896811, 0.838874
trial 494, 1, 1, 5, 0, 5, 17784, 0.693364, 0.236242, 0.809725
trial 495, 1, 0, 3, 6, 0, 13386.7, 0.362957, 0.232788, 0.105918
trial 496, 1, 1, 8, 4, 0, 78240, 0.949676, 0.229665, 0
trial 497, 1, 1, 2, 5, 6, 41146.7, 0.656755, 0.85394, 0.901385
trial 498, 1, 1, 4, 4, 1, 61024, 0.641172, 0.286755, 0.334781
trial 499, 1, 1, 6, 6, 5, 33210.7, 0.826842, 1, 0.648212
trial 500, 1, 1, 1, 6, 0, 3912, 0.289717, 0.71151, 0.0993438
trial 501, 1, 1, 2, 1, 8, 33826.7, 0.190197, 0.830516, 0.729906
trial 502, 1, 1, 8, 1, 7, 48880, 0.793912, 0.819856, 0.960907
trial 503, 1, 1, 6, 5, 7, 3053.33, 0.699281, 0.813566, 0.853677
trial 504, 1, 1, 3, 0, 7, 3498.67, 0.717259, 0.817717, 0.90479
trial 505, 1, 0, 0, 3, 8, 68605.3, 0.419582, 0.702736, 0.848068
trial 506, 1, 0, 7, 5, 2, 40101.3, 0.294458, 0.740812, 0.197632
trial 507, 1, 1, 6, 2, 1, 27229.3, 0.603781, 0.394012, 0.311699
trial 508, 1, 0, 3, 1, 7, 16650.7, 0.665949, 0.693468, 0.781939
trial 509, 1, 1, 7, 7, 3, 26906.7, 0.680916, 0.831903, 0.20669
trial 510, 1, 0, 4, 0, 6, 23306.7, 0.689951, 0.788812, 0.796228
trial 511, 1, 1, 8, 6, 6, 18005.3, 0.850057, 0.904134, 0.594118
trial 512, 1, 1, 8, 5, 4, 17728, 0.716925, 0.838852, 0.379085
trial 513, 1, 1, 0, 3, 1, 39005.3, 0.199733, 0.665184, 0.314813
trial 514, 1, 1, 1, 8, 0, 16242.7, 0, 0.587464, 0.0428206
trial 515, 1, 0, 3, 5, 7, 43149.3, 0.314022, 0.818241, 0.757743
trial 516, 1, 0, 1, 6, 1, 70408, 0.224676, 0.657115, 0.151553
trial 517, 1, 1, 2, 5, 0, 43192, 0.216278, 0.633376, 0.103022
trial 518, 1, 1, 8, 2, 7, 23677.3, 0.882793, 0.621524, 0.729011
trial 519, 1, 0, 1, 3, 6, 27002.7, 0.17623, 0.764037, 0.694068
trial 520, 1, 1, 4, 3, 4, 73861.3, 0.298894, 0.874364, 0.548304
trial 521, 1, 1, 7, 2, 6, 5896, 0.801495, 0.893184, 0.76026
trial 522, 1, 1, 2, 2, 3, 17336, 0.263765, 0.846062, 0.380815
trial 523, 1, 0, 4, 0, 5, 11781.3, 0.791868, 0.740228, 0.821367
trial 524, 1, 0, 2, 8, 8, 25536, 0.652019, 0.942856, 0.817891
trial 525, 1, 1, 7, 6, 4, 4776, 0.777881, 0.880883, 0.237499
trial 526, 1, 1, 3, 0, 3, 18914.7, 0.20024, 0.304828, 0.676831
trial 527, 1, 1, 4, 3, 2, 38397.3, 0.19491, 0.641781, 0.341755
trial 528, 1, 1, 1, 5, 6, 5002.67, 0.0712479, 0.669345, 0.764236
trial 529, 1, 0, 1, 1, 1, 2469.33, 0.140987, 0.345164, 0.240765
trial 530, 1, 1, 0, 6, 3, 8461.33, 0.0501765, 0.911398, 0.205514
trial 531, 1, 0, 5, 7, 0, 41546.7, 0.584651, 0.556694, 0.0542576
trial 532, 1, 0, 4, 0, 0, 7066.67, 0.563726, 0.0687043, 0.276661
trial 533, 1, 0, 7, 8, 0, 24064, 0.605461, 0.247099, 0
trial 534, 1, 1, 3, 6, 2, 9885.33, 0.384853, 0.757193, 0.195116
trial 535, 1, 1, 0, 6, 8, 43416, 0.156742, 0.913365, 0.858005
trial 536, 1, 0, 7, 0, 3, 72474.7, 0.640793, 0.350575, 0.350312
trial 537, 1, 0, 2, 3, 0, 17485.3, 0.671954, 0.354818, 0.032293
trial 538, 1, 0, 1, 6, 2, 33842.7, 0.22734, 0.612862, 0.109711
trial 539, 1, 0, 8, 7, 1, 42850.7, 0.644015, 0.478668, 0.353545
trial 540, 1, 1, 4, 7, 2, 15930.7, 0.71178, 0.859873, 0.260289
trial 541, 1, 0, 3, 2, 5, 59418.7, 0.756613, 0.843357, 0.659171
trial 542, 1, 0, 4, 6, 6, 61874.7, 0.758076, 0.905966, 0.790774
trial 543, 1, 0, 6, 0, 6, 43154.7, 0.851135, 0.551604, 0.701322
trial 544, 1, 1, 0, 1, 6, 31144, 0.132555, 0.826655, 0.753569
trial 545, 1, 0, 2, 4, 7, 62312, 0.254628, 0.930379, 0.799463
trial 546, 1, 1, 0, 8, 5, 30890.7, 0.159225, 0.926324, 0.663414
trial 547, 1, 1, 8, 6, 5, 40560, 0.804432, 0.906551, 0.618146
trial 548, 1, 1, 3, 1, 4, 1698.67, 0.66826, 0.784378, 0.717316
trial 549, 1, 0, 7, 1, 1, 64250.7, 0.74491, 0.123524, 0.345965
trial 550, 1, 1, 5, 1, 5, 4658.67, 0.764558, 0.939267, 0.268104
trial 551, 1, 1, 7, 5, 0, 28173.3, 0.757301, 0.691866, 0.0812621
trial 552, 1, 1, 1, 4, 6, 11306.7, 0.0497101, 0.718531, 0.545293
trial 553, 1, 0, 3, 1, 1, 11466.7, 0.352363, 0.285292, 0.181201
trial 554, 1, 0, 7, 6, 4, 54192, 0.765203, 0.854696, 0.338155
trial 555, 1, 0, 4, 3, 3, 5834.67, 0.374233, 0.776322, 0.350977
trial 556, 1, 1, 7, 6, 7, 12282.7, 0.844974, 1, 0.920964
trial 557, 1, 1, 7, 5, 6, 413.333, 0.783575, 0.879706, 0.874747
trial 558, 1, 1, 6, 6, 1, 3010.67, 0.671462, 0.671592, 0.541914
trial 559, 1, 0, 8, 1, 4, 55250.7, 0.742557, 0.31604, 0.730365
trial 560, 1, 0, 3, 3, 3, 72098.7, 0.346692, 0.832288, 0.344435
trial 561, 1, 0, 6, 8, 3, 192, 0.728983, 0.917463, 0.152573
trial 562, 1, 0, 2, 0, 6, 58570.7, 0.621832, 0.694092, 0.829775
trial 563, 1, 0, 5, 6, 2, 17605.3, 0.600856, 0.748642, 0.180426
trial 564, 1, 0, 7, 5, 7, 26269.3, 0.789885, 0.723888, 0.815918
trial 565, 1, 1, 1, 0, 3, 63920, 0.135065, 0.213514, 0.620762
trial 566, 1, 0, 2, 7, 3, 709.333, 0.149213, 0.765366, 0.114328
trial 567, 1, 0, 5, 2, 5, 21957.3, 0.655678, 0.756828, 0.307525
trial 568, 1, 0, 2, 7, 0, 73245.3, 0.329129, 0.44635, 0.045101
trial 569, 1, 0, 7, 0, 1, 35216, 0.616764, 0.0549831, 0.514768
trial 570, 1, 1, 3, 8, 4, 12397.3, 0.499617, 0.944918, 0.494475
trial 571, 1, 1, 4, 3, 0, 4154.67, 0.427814, 0.491534, 0.0735836
trial 572, 1, 0, 6, 8, 8, 13568, 0.76341, 1, 0.802322
trial 573, 1, 1, 1, 6, 7, 7312, 0.340953, 0.882188, 0.8203
trial 574, 1, 0, 3, 4, 4, 8848, 0.637436, 0.81916, 0.559127
trial 575, 1, 1, 3, 5, 3, 71626.7, 0.589532, 0.969961, 0.573872
trial 576, 1, 1, 8, 0, 8, 56949.3, 0.736173, 0.245997, 0.87351
trial 577, 1, 1, 2, 3, 5, 38285.3, 0.385838, 0.827551, 0.289135
trial 578, 1, 1, 1, 2, 0, 68834.7, 0.120197, 0.231947, 0.170644
trial 579, 1, 0, 5, 1, 8, 43197.3, 0.73793, 0.878344, 0.960389
trial 580, 1, 1, 4, 7, 4, 60477.3, 0.581127, 0.794895, 0.291562
trial 581, 1, 1, 4, 6, 0, 1965.33, 0.340109, 0.485943, 0.226761
trial 582, 1, 1, 7, 8, 8, 67346.7, 0.743983, 0.87165, 0.820992
trial 583, 1, 0, 0, 5, 3, 71269.3, 0.236555, 0.6549, 0.504455
trial 584, 1, 0, 3, 4, 0, 885.333, 0.363441, 0.289425, 0.100766
trial 585, 1, 1, 8, 2, 1, 49389.3, 0.846282, 0.181663, 0.292952
trial 586, 1, 0, 6, 4, 1, 71128, 0.54835, 0.370144, 0.127427
trial 587, 1, 0, 3, 5, 6, 57488, 0.589508, 0.747834, 0.657861
trial 588, 1, 1, 0, 5, 2, 17341.3, 0.0443561, 0.485613, 0.346978
trial 589, 1, 0, 3, 3, 4, 5930.67, 0.567141, 0.644539, 0.686464
trial 590, 1, 1, 8, 2, 3, 76506.7, 0.66779, 0.573573, 0.742183
trial 591, 1, 0, 0, 6, 2, 5093.33, 0.300522, 0.701373, 0.393764
trial 592, 1, 0, 3, 1, 5, 42981.3, 0.318633, 0.720017, 0.567249
trial 593, 1, 0, 3, 7, 8, 72376, 0.622874, 0.838117, 0.748024
trial 594, 1, 0, 7, 7, 6, 7240, 0.736677, 0.862564, 0.7454
trial 595, 1, 0, 0, 8, 8, 12242.7, 0.202661, 0.800319, 0.834694
trial 596, 1, 1, 5, 0, 6, 55098.7, 0.650581, 0.569542, 0.602723
trial 597, 1, 0, 2, 7, 8, 46754.7, 0.59345, 0.85552, 0.808392
trial 598, 1, 0, 1, 5, 3, 41853.3, 0.309091, 0.58354, 0.390831
trial 599, 1, 1, 4, 5, 8, 53794.7, 0.745952, 0.836978, 0.885518
trial 600, 1, 0, 7, 6, 1, 14709.3, 0.855889, 0.414412, 0.236304
trial 601, 1, 1, 7, 0, 6, 7301.33, 0.937545, 0.78597, 0.901118
trial 602, 1, 1, 0, 3, 2, 75480, 0.111341, 0.721148, 0.218322
trial 603, 1, 0, 4, 2, 7, 1365.33, 0.40332, 0.771171, 0.914445
trial 604, 1, 0, 8, 3, 5, 15624, 0.771244, 0.718425, 0.357175
trial 605, 1, 0, 4, 2, 6, 37389.3, 0.768956, 0.760847, 0.549749
trial 606, 1, 0, 1, 2, 7, 70752, 0.208061, 0.732061, 0.66418
trial 607, 1, 1, 3, 1, 5, 64749.3, 0.609463, 0.199252, 0.675747
trial 608, 1, 0, 8, 1, 6, 22778.7, 0.843005, 0.196151, 0.787243
trial 609, 1, 0, 3, 3, 5, 31074.7, 0.309776, 0.588782, 0.667843
trial 610, 1, 1, 0, 4, 8, 35141.3, 0.0996241, 0.911578, 0.715284
trial 611, 1, 0, 4, 8, 4, 58122.7, 0.420584, 0.807587, 0.295067
trial 612, 1, 1, 8, 1, 5, 1650.67, 0.902419, 0.340431, 0.602408
trial 613, 1, 1, 7, 3, 1, 1706.67, 0.82553, 0.779257, 0.161119
trial 614, 1, 1, 1, 1, 5, 8181.33, 0.103398, 0.682552, 0.602651
trial 615, 1, 0, 1, 7, 3, 10400, 0.154404, 0.814662, 0.31211
trial 616, 1, 0, 8, 1, 0, 45288, 0.666455, 0.250651, 0.118104
trial 617, 1, 0, 3, 3, 7, 933.333, 0.571564, 0.745065, 0.814784
trial 618, 1, 0, 7, 0, 7, 51045.3, 0.715109, 0.659532, 0.938917
trial 619, 1, 1, 7, 4, 3, 9141.33, 0.84057, 0.701671, 0.358869
trial 620, 1, 0, 2, 7, 2, 72672, 0.164291, 0.812466, 0.337394
trial 621, 1, 1, 5, 1, 2, 19085.3, 0.79025, 0.28837, 0.220395
trial 622, 1, 0, 1, 0, 4, 65325.3, 0.198833, 0.238729, 0.356168
trial 623, 1, 0, 4, 3, 5, 76701.3, 0.58647, 0.962532, 0.536238
trial 624, 1, 0, 0, 4, 3, 52320, 0.261277, 0.797405, 0.329437
trial 625, 1, 1, 4, 8, 6, 5632, 0.871628, 0.948177, 0.636394
trial 626, 1, 1, 5, 2, 8, 71296, 0.769332, 0.950432, 0.819251
trial 627, 1, 1, 1, 4, 4, 60042.7, 0.145977, 0.832047, 0.436116
trial 628, 1, 1, 7, 4, 5, 19578.7, 0.746441, 0.899956, 0.543225
trial 629, 1, 0, 3, 2, 7, 14864, 0.61508, 0.796067, 0.944611
trial 630, 1, 1, 3, 0, 2, 60120, 0.662253, 0.494304, 0.605822
trial 631, 1, 1, 0, 4, 6, 31405.3, 0, 0.799131, 0.723704
trial 632, 1, 0, 2, 5, 6, 36909.3, 0.178159, 0.892806, 0.468526
trial 633, 1, 0, 1, 4, 2, 72189.3, 0.252414, 0.740027, 0.527395
trial 634, 1, 0, 2, 0, 3, 63821.3, 0.225919, 0.412475, 0.607385
trial 635, 1, 0, 8, 7, 8, 54037.3, 0.8625, 0.961535, 0.800297
trial 636, 1, 1, 4, 2, 3, 5602.67, 0.59304, 0.760727, 0.233452
trial 637, 1, 0, 5, 8, 3, 3170.67, 0.640782, 0.771019, 0.278566
trial 638, 1, 1, 1, 0, 4, 30570.7, 0.279794, 0.324568, 0.759129
trial 639, 1, 0, 6, 5, 6, 50042.7, 0.719165, 0.928028, 0.626033
trial 640, 1, 1, 6, 1, 2, 58645.3, 0.653738, 0.518736, 0.632139
trial 641, 1, 0, 2, 2, 7, 1528, 0.635803, 0.836728, 0.760104
trial 642, 1, 1, 5, 4, 3, 35941.3, 0.61352, 0.791963, 0.308718
trial 643, 1, 1, 7, 6, 0, 40322.7, 0.673949, 0.443651, 0.0689117
trial 644, 1, 1, 7, 0, 1, 52666.7, 0.788748, 0.0732433, 0.557246
trial 645, 1, 1, 7, 1, 2, 39485.3, 0.680468, 0.225262, 0.859631
trial 646, 1, 1, 6, 2, 7, 57922.7, 0.765212, 0.6191, 0.868869
trial 647, 1, 0, 2, 2, 3, 11544, 0.280038, 0.691746, 0.579245
trial 648, 1, 0, 4, 7, 0, 50720, 0.319182, 0.427228, 0.104966
trial 649, 1, 1, 8, 0, 5, 21509.3, 0.838532, 0.449589, 0.82366
trial 650, 1, 1, 1, 1, 0, 39474.7, 0.0990192, 0.0718425, 0.265701
trial 651, 1, 0, 0, 8, 3, 4520, 0.154047, 0.766185, 0.235886
trial 652, 1, 0, 5, 7, 8, 19085.3, 0.752006, 0.92626, 0.880698
trial 653, 1, 1, 3, 6, 6, 42066.7, 0.570867, 0.932524, 0.790632
trial 654, 1, 1, 6, 8, 2, 59194.7, 0.679172, 0.953087, 0.0985452
trial 655, 1, 0, 7, 5, 4, 2024, 0.801493, 0.744128, 0.692225
trial 656, 1, 1, 6, 1, 1, 32389.3, 0.789173, 0.190138, 0.464613
trial 657, 1, 0, 8, 0, 0, 24578.7, 0.756634, 0.0908209, 0.473886
trial 658, 1, 0, 0, 8, 2, 27709.3, 0.710108, 0.544564, 0.272524
trial 659, 1, 1, 7, 3, 4, 72677.3, 0.76262, 0.661403, 0.569436
trial 660, 1, 0, 6, 1, 6, 6362.67, 0.663515, 0.730881, 0.803036
trial 661, 1, 1, 4, 1, 5, 73112, 0.598665, 0.511369, 0.780876
trial 662, 1, 0, 3, 0, 5, 6589.33, 0.262348, 0.44492, 0.800367
trial 663, 1, 0, 2, 5, 7, 31402.7, 0.307209, 0.854644, 0.773644
trial 664, 1, 0, 1, 7, 2, 37445.3, 0.31562, 0.563168, 0.247591
trial 665, 1, 0, 6, 5, 0, 2280, 0.382446, 0.293471, 0.0640598
trial 666, 1, 0, 5, 1, 1, 55573.3, 0.535608, 0.0692264, 0.368263
trial 667, 1, 1, 3, 5, 5, 71954.7, 0.551012, 0.758485, 0.329078
trial 668, 1, 0, 3, 5, 2, 517.333, 0.439526, 0.507781, 0.26941
trial 669, 1, 0, 2, 8, 1, 54496, 0.351347, 0.571678, 0.16794
trial 670, 1, 1, 7, 2, 2, 15786.7, 0.70568, 0.226857, 0.612477
trial 671, 1, 1, 3, 6, 1, 1912, 0.388243, 0.492749, 0.180684
trial 672, 1, 1, 4, 8, 2, 78872, 0.762899, 0.616096, 0.281259
trial 673, 1, 0, 8, 2, 2, 7365.33, 0.334866, 0.529711, 0.347129
trial 674, 1, 1, 3, 4, 3, 35514.7, 0.398783, 0.657766, 0.288387
trial 675, 1, 0, 7, 0, 8, 42277.3, 0.834393, 0.953879, 0.839632
trial 676, 1, 0, 2, 2, 2, 34082.7, 0.649466, 0.296189, 0.623687
trial 677, 1, 1, 5, 3, 2, 46136, 0.644264, 0.40303, 0.479131
trial 678, 1, 0, 3, 2, 8, 77906.7, 0.674272, 0.915942, 0.705629
trial 679, 1, 1, 7, 4, 0, 9442.67, 0.45849, 0.289938, 0
trial 680, 1, 0, 7, 4, 3, 77093.3, 0.698562, 0.570429, 0.276258
trial 681, 1, 1, 3, 2, 6, 77840, 0.286748, 0.67078, 0.758469
trial 682, 1, 0, 0, 3, 2, 77165.3, 0.158833, 0.567511, 0.30232
trial 683, 1, 0, 7, 7, 1, 70960, 0.677111, 0.704766, 0.115647
trial 684, 1, 0, 8, 3, 3, 5877.33, 0.731284, 0.288259, 0.207818
trial 685, 1, 1, 7, 1, 7, 77037.3, 0.794425, 0.898597, 0.683476
trial 686, 1, 0, 0, 7, 1, 24221.3, 0.233726, 0.600862, 0.07642
trial 687, 1, 1, 6, 1, 8, 56493.3, 0.767226, 0.608622, 0.840076
trial 688, 1, 1, 8, 4, 5, 61272, 0.915766, 0.778933, 0.738595
trial 689, 1, 0, 3, 5, 3, 1136, 0.339807, 0.711844, 0.400917
trial 690, 1, 1, 2, 1, 2, 47210.7, 0.343515, 0.653536, 0.428236
trial 691, 1, 1, 7, 6, 3, 77333.3, 0.615831, 0.805782, 0.371645
trial 692, 1, 0, 7, 7, 7, 58845.3, 0.709276, 0.788836, 0.879497
trial 693, 1, 1, 8, 8, 7, 32104, 0.689541, 0.817792, 0.801855
trial 694, 1, 1, 5, 8, 3, 30770.7, 0.597651, 0.757278, 0.312508
trial 695, 1, 1, 0, 2, 2, 53661.3, 0.206146, 0.29591, 0.549573
trial 696, 1, 0, 2, 5, 1, 23794.7, 0.284414, 0.585891, 0.189542
trial 697, 1, 1, 3, 3, 1, 78829.3, 0.262704, 0.348162, 0.162112
trial 698, 1, 1, 2, 7, 8, 7384, 0.173606, 0.910615, 0.737863
trial 699, 1, 1, 0, 3, 0, 16312, 0.127521, 0.17712, 0.113856
trial 700, 1, 0, 8, 1, 5, 19618.7, 0.672393, 0.506066, 0.585683
trial 701, 1, 1, 6, 4, 0, 62685.3, 0.597, 0.258196, 0.0867921
trial 702, 1, 1, 4, 2, 1, 53466.7, 0.240731, 0.296725, 0.197196
trial 703, 1, 1, 8, 4, 6, 2389.33, 0.819866, 0.734784, 0.662752
trial 704, 1, 0, 4, 8, 8, 30784, 0.631136, 0.907114, 0.773134
trial 705, 1, 1, 8, 2, 5, 28810.7, 0.76164, 0.64503, 0.679879
trial 706, 1, 1, 6, 6, 3, 65632, 0.627552, 0.662271, 0.33978
trial 707, 1, 0, 0, 1, 1, 6522.67, 0.162054, 0.13617, 0.470556
trial 708, 1, 0, 1, 2, 0, 77840, 0.0947175, 0.13945, 0.103114
trial 709, 1, 1, 2, 0, 4, 69394.7, 0.236261, 0.707581, 0.639368
trial 710, 1, 0, 8, 0, 3, 66802.7, 0.813765, 0.195798, 0.56333
trial 711, 1, 0, 8, 7, 6, 77826.7, 0.794192, 0.890461, 0.693288
trial 712, 1, 0, 3, 6, 6, 57037.3, 0.686619, 0.860438, 0.563062
trial 713, 1, 0, 2, 8, 5, 6285.33, 0.311293, 0.906575, 0.252059
trial 714, 1, 0, 5, 8, 6, 69498.7, 0.299754, 0.881355, 0.585074
trial 715, 1, 1, 2, 6, 5, 64672, 0.229469, 0.832234, 0.447721
trial 716, 1, 1, 2, 0, 7, 27760, 0.228024, 0.654319, 0.883991
trial 717, 1, 0, 6, 3, 6, 76472, 0.752279, 0.538055, 0.779664
trial 718, 1, 1, 8, 6, 7, 1768, 0.86125, 0.804093, 0.755209
trial 719, 1, 0, 8, 2, 5, 49784, 0.915115, 0.707387, 0.817063
trial 720, 1, 0, 7, 5, 6, 27528, 0.80411, 0.842911, 0.545998
trial 721, 1, 1, 7, 8, 0, 78789.3, 0.730928, 0.563756, 0.12193
trial 722, 1, 0, 7, 0, 6, 23040, 0.817697, 0.699787, 0.846985
trial 723, 1, 0, 8, 7, 2, 1693.33, 0.726223, 0.418097, 0.235653
trial 724, 1, 0, 5, 8, 0, 36013.3, 0.433509, 0.20338, 0.00354358
trial 725, 1, 1, 0, 7, 3, 5288, 0, 0.423361, 0.279896
trial 726, 1, 0, 6, 1, 1, 20522.7, 0.417879, 0.384701, 0.252164
trial 727, 1, 0, 0, 1, 0, 5973.33, 0.179557, 0.118732, 0.0787045
trial 728, 1, 0, 6, 5, 2, 62808, 0.571263, 0.408442, 0.293302
trial 729, 1, 0, 2, 7, 6, 17234.7, 0.382163, 0.849647, 0.612424
trial 730, 1, 1, 4, 0, 4, 44941.3, 0.643817, 0.213774, 0.624302
trial 731, 1, 0, 2, 2, 1, 59504, 0.164262, 0.364709, 0.298077
trial 732, 1, 1, 1, 0, 0, 52125.3, 0.0570987, 0.0409341, 0.178733
trial 733, 1, 0, 1, 8, 3, 65688, 0.212521, 0.634958, 0.313383
trial 734, 1, 1, 7, 1, 1, 59840, 0.787202, 0.0847617, 0.345433
trial 735, 1, 0, 1, 5, 0, 67504, 0.344557, 0.390139, 0.117496
trial 736, 1, 1, 0, 3, 3, 34933.3, 0.16153, 0.60536, 0.267816
trial 737, 1, 0, 0, 0, 3, 1632, 0.250024, 0.293288, 0.538455
trial 738, 1, 1, 3, 3, 2, 2010.67, 0.697, 0.596973, 0.340929
trial 739, 1, 1, 5, 7, 8, 79792, 0.748203, 0.719226, 0.851892
trial 740, 1, 1, 1, 8, 4, 12773.3, 0.0339711, 0.397838, 0.458855
trial 741, 1, 0, 8, 4, 1, 6525.33, 0.838923, 0.257058, 0.320798
trial 742, 1, 0, 8, 2, 7, 33256, 0.871164, 0.918917, 0.805064
trial 743, 1, 0, 6, 7, 4, 75397.3, 0.733027, 0.926105, 0.482515
trial 744, 1, 1, 7, 6, 1, 9752, 0.772625, 0.384439, 0.313923
trial 745, 1, 1, 0, 3, 5, 17445.3, 0.221113, 0.500887, 0.469659
trial 746, 1, 0, 1, 3, 4, 58149.3, 0.174801, 0.511668, 0.677435
trial 747, 1, 1, 8, 7, 3, 41733.3, 0.847953, 0.58641, 0.348691
trial 748, 1, 0, 5, 7, 1, 75240, 0.751484, 0.597326, 0.198452
trial 749, 1, 1, 2, 0, 2, 48589.3, 0.416005, 0.255834, 0.307129
trial 750, 1, 1, 6, 7, 0, 78933.3, 0.74195, 0.267798, 0.0556755
trial 751, 1, 0, 2, 4, 8, 32797.3, 0.260673, 0.843392, 0.761595
trial 752, 1, 1, 2, 3, 7, 49752, 0.669476, 0.851035, 0.904234
trial 753, 1, 1, 5, 2, 2, 6357.33, 0.668319, 0.433562, 0.390959
trial 754, 1, 0, 6, 2, 1, 59890.7, 0.429753, 0.159707, 0.273071
trial 755, 1, 1, 8, 7, 0, 26096, 0.707697, 0.149663, 0
trial 756, 1, 1, 5, 8, 1, 5941.33, 0.863909, 0.3758, 0.129164
trial 757, 1, 1, 5, 8, 7, 44256, 0.737517, 0.953876, 0.80067
trial 758, 1, 1, 0, 1, 0, 51237.3, 0.173523, 0.0709389, 0.326527
trial 759, 1, 0, 6, 7, 3, 77589.3, 0.604181, 0.692089, 0.361975
trial 760, 1, 1, 2, 8, 5, 69642.7, 0.177613, 0.581961, 0.303821
trial 761, 1, 0, 2, 3, 3, 29077.3, 0.204593, 0.373648, 0.28977
trial 762, 1, 0, 3, 0, 3, 48322.7, 0.336239, 0.303076, 0.392381
trial 763, 1, 1, 8, 8, 8, 22621.3, 0.838318, 0.875246, 0.941411
trial 764, 1, 1, 4, 1, 8, 37389.3, 0.745608, 0.766981, 0.848183
trial 765, 1, 1, 3, 8, 7, 66818.7, 0.658294, 0.729912, 0.884777
trial 766, 1, 0, 5, 7, 4, 78578.7, 0.656229, 0.740752, 0.465616
trial 767, 1, 0, 0, 4, 7, 1160, 0.190093, 0.725525, 0.812359
trial 768, 1, 0, 4, 4, 4, 58170.7, 0.589299, 0.384173, 0.445168
trial 769, 1, 1, 6, 6, 4, 62168, 0.644714, 0.503816, 0.365557
trial 770, 1, 0, 4, 3, 7, 19696, 0.363962, 0.790725, 0.871598
trial 771, 1, 1, 8, 5, 6, 64762.7, 0.775051, 0.889065, 0.654795
trial 772, 1, 1, 7, 5, 8, 78517.3, 0.784612, 0.956777, 0.893763
trial 773, 1, 1, 1, 2, 2, 54762.7, 0.237025, 0.362023, 0.425273
trial 774, 1, 1, 6, 6, 2, 1888, 0.676595, 0.544741, 0.181959
trial 775, 1, 1, 8, 5, 3, 39832, 0.757375, 0.680501, 0.454957
trial 776, 1, 0, 0, 5, 5, 28658.7, 0.238422, 0.793563, 0.557903
trial 777, 1, 0, 1, 8, 2, 23149.3, 0.147086, 0.47853, 0.153145
trial 778, 1, 0, 1, 5, 5, 6576, 0.218682, 0.717613, 0.342068
trial 779, 1, 1, 5, 6, 1, 194.667, 0.586347, 0.439402, 0.188787
trial 780, 1, 0, 0, 6, 7, 31576, 0.174155, 0.60465, 0.68361
trial 781, 1, 1, 6, 0, 8, 33464, 0.738369, 0.0657282, 0.878933
trial 782, 1, 1, 1, 1, 4, 6192, 0.29223, 0.738868, 0.608341
trial 783, 1, 0, 7, 3, 7, 75634.7, 0.628082, 0.830703, 0.888818
trial 784, 1, 1, 3, 8, 2, 43616, 0.183451, 0.757669, 0.25713
trial 785, 1, 0, 8, 5, 5, 53904, 0.640868, 0.66758, 0.453605
trial 786, 1, 0, 6, 5, 5, 304, 0.669679, 0.728886, 0.309609
trial 787, 1, 0, 7, 8, 2, 34882.7, 0.693316, 0.356631, 0.192555
trial 788, 1, 0, 8, 3, 6, 12949.3, 0.806263, 0.585893, 0.680805
trial 789, 1, 0, 1, 3, 5, 56552, 0.158885, 0.655473, 0.341521
trial 790, 1, 1, 4, 2, 6, 47184, 0.678392, 0.513314, 0.636515
trial 791, 1, 0, 1, 2, 5, 2.66667, 0.111171, 0.545469, 0.624447
trial 792, 1, 1, 4, 5, 3, 1592, 0.399345, 0.308465, 0.183047
trial 793, 1, 0, 7, 2, 4, 5245.33, 0.689907, 0.395861, 0.229166
trial 794, 1, 1, 2, 2, 8, 30848, 0.266955, 0.692024, 0.612753
trial 795, 1, 0, 7, 8, 5, 40250.7, 0.633465, 0.689091, 0.331771
trial 796, 1, 0, 6, 1, 0, 41888, 0.62861, 0.180875, 0.0947411
trial 797, 1, 0, 3, 6, 8, 74125.3, 0.348803, 0.883493, 0.551214
trial 798, 1, 0, 8, 7, 0, 2018.67, 0.577261, 0.264925, 0.0981136
trial 799, 1, 0, 3, 4, 3, 32509.3, 0.430224, 0.466123, 0.286818
trial 800, 1, 0, 6, 2, 8, 20474.7, 0.746789, 0.903994, 0.644386
trial 801, 1, 0, 6, 5, 3, 19418.7, 0.662473, 0.652621, 0.574679
trial 802, 1, 1, 4, 0, 1, 20437.3, 0.414022, 0.113738, 0.279002
trial 803, 1, 0, 6, 0, 4, 54309.3, 0.607255, 0.200674, 0.330715
trial 804, 1, 1, 6, 0, 0, 7101.33, 0.599889, 0.0447993, 0.180292
trial 805, 1, 1, 1, 7, 7, 23605.3, 0.164177, 0.921665, 0.735693
trial 806, 1, 1, 0, 7, 1, 48298.7, 0.151242, 0.708371, 0.2479
trial 807, 1, 1, 3, 3, 0, 61688, 0.228968, 0.261832, 0.0230935
trial 808, 1, 0, 2, 4, 3, 2824, 0.348437, 0.487816, 0.265668
trial 809, 1, 0, 8, 8, 1, 2357.33, 0.666398, 0.595982, 0.203005
trial 810, 1, 1, 5, 4, 6, 55394.7, 0.823931, 0.680684, 0.783824
trial 811, 1, 1, 0, 6, 0, 57528, 0.237112, 0.290806, 0.0428039
trial 812, 1, 0, 4, 7, 2, 63218.7, 0.684423, 0.581124, 0.306546
trial 813, 1, 1, 0, 5, 3, 1546.67, 0.192683, 0.79389, 0.32225
trial 814, 1, 0, 7, 7, 4, 37349.3, 0.629848, 0.749463, 0.334121
trial 815, 1, 1, 6, 8, 0, 43538.7, 0.734699, 0.28149, 0.0567843
trial 816, 1, 1, 3, 2, 2, 45880, 0.633833, 0.358536, 0.272005
trial 817, 1, 1, 7, 0, 3, 6536, 0.822316, 0.0863982, 0.855286
trial 818, 1, 0, 4, 7, 7, 11352, 0.693661, 0.883069, 0.838805
trial 819, 1, 1, 3, 7, 7, 63010.7, 0.361949, 0.977328, 0.867729
trial 820, 1, 1, 7, 8, 4, 59229.3, 0.662521, 0.85648, 0.483592
trial 821, 1, 1, 8, 3, 5, 7973.33, 0.870737, 0.725691, 0.819428
trial 822, 1, 1, 8, 0, 1, 74906.7, 0.832064, 0, 0.325145
trial 823, 1, 1, 7, 6, 6, 42197.3, 0.736734, 0.840443, 0.514775
trial 824, 1, 1, 7, 7, 8, 5266.67, 0.735353, 0.914516, 0.758067
trial 825, 1, 1, 8, 7, 7, 36512, 0.821575, 0.856105, 0.910898
trial 826, 1, 0, 5, 3, 3, 55024, 0.381445, 0.771683, 0.532596
trial 827, 1, 0, 4, 4, 8, 17013.3, 0.567357, 0.667538, 0.726329
trial 828, 1, 0, 0, 6, 4, 17162.7, 0.404847, 0.840589, 0.194008
trial 829, 1, 1, 7, 2, 3, 68685.3, 0.691913, 0.262387, 0.448924
trial 830, 1, 0, 0, 4, 4, 46730.7, 0.269041, 0.577368, 0.428539
trial 831, 1, 0, 0, 3, 3, 54754.7, 0.21607, 0.528521, 0.4467
trial 832, 1, 1, 4, 0, 7, 50434.7, 0.674328, 0.643626, 0.742797
trial 833, 1, 0, 7, 3, 8, 16440, 0.755777, 0.713652, 0.845229
trial 834, 1, 1, 4, 8, 8, 4608, 0.712595, 0.88306, 0.915318
trial 835, 1, 1, 7, 3, 7, 51653.3, 0.879782, 0.649006, 0.813886
trial 836, 1, 0, 1, 6, 8, 10624, 0.208426, 0.820943, 0.922522
trial 837, 1, 0, 2, 2, 0, 76106.7, 0.22898, 0.285135, 0.22172
trial 838, 1, 1, 6, 6, 0, 15021.3, 0.627789, 0.210092, 0.07263
trial 839, 1, 1, 2, 4, 5, 35536, 0.633389, 0.632995, 0.396432
trial 840, 1, 0, 8, 3, 8, 10256, 0.907698, 0.69875, 0.830902
trial 841, 1, 1, 4, 1, 2, 42613.3, 0.7041, 0.414999, 0.370469
trial 842, 1, 1, 1, 2, 4, 36952, 0.183196, 0.510232, 0.617784
trial 843, 1, 0, 8, 6, 5, 16989.3, 0.76574, 0.668613, 0.327462
trial 844, 1, 1, 7, 5, 4, 16117.3, 0.762277, 0.834367, 0.280893
trial 845, 1, 1, 4, 1, 0, 12658.7, 0.649064, 0.124709, 0.165416
trial 846, 1, 0, 0, 3, 7, 3330.67, 0.370086, 0.704938, 0.566383
trial 847, 1, 0, 2, 3, 5, 1848, 0.221555, 0.73885, 0.596692
trial 848, 1, 0, 3, 5, 5, 20077.3, 0.590081, 0.688834, 0.626035
trial 849, 1, 0, 5, 5, 0, 7805.33, 0.447342, 0.237453, 0.0516952
trial 850, 1, 0, 8, 2, 8, 51696, 0.851999, 0.748204, 0.900832
trial 851, 1, 0, 6, 6, 4, 429.333, 0.671232, 0.774099, 0.53316
trial 852, 1, 1, 2, 2, 6, 19922.7, 0.170535, 0.685231, 0.565118
trial 853, 1, 1, 6, 1, 7, 61328, 0.885295, 0.845654, 0.803709
trial 854, 1, 1, 1, 7, 3, 33925.3, 0.0696345, 0.699521, 0.429388
trial 855, 1, 0, 1, 1, 6, 8362.67, 0.267291, 0.402184, 0.810906
trial 856, 1, 1, 5, 4, 4, 47581.3, 0.419265, 0.714098, 0.569608
trial 857, 1, 0, 3, 3, 2, 10205.3, 0.371872, 0.562007, 0.610813
trial 858, 1, 1, 7, 4, 8, 41098.7, 0.801817, 0.932546, 0.861176
trial 859, 1, 1, 8, 1, 8, 55600, 0.7862, 0.737797, 0.920586
trial 860, 1, 0, 1, 7, 0, 11674.7, 0.344191, 0.5, 0.0928721
trial 861, 1, 1, 1, 8, 8, 65149.3, 0.174103, 0.727515, 0.793997
trial 862, 1, 1, 0, 0, 0, 37386.7, 0.134086, 0.112417, 0.251823
trial 863, 1, 1, 2, 2, 5, 56405.3, 0.303077, 0.723545, 0.631109
trial 864, 1, 1, 1, 7, 2, 49802.7, 0.35308, 0.705412, 0.293147
trial 865, 1, 0, 1, 5, 8, 56776, 0.415166, 0.85904, 0.755443
trial 866, 1, 1, 1, 5, 4, 8949.33, 0.186305, 0.747597, 0.477991
trial 867, 1, 1, 3, 6, 7, 72370.7, 0.5031, 0.913662, 0.718073
trial 868, 1, 1, 1, 5, 5, 17397.3, 0.303314, 0.700892, 0.625604
trial 869, 1, 1, 0, 0, 4, 66506.7, 0.584131, 0.463777, 0.607367
trial 870, 1, 0, 6, 3, 7, 75829.3, 0.581444, 0.67933, 0.781464
trial 871, 1, 0, 1, 8, 7, 8765.33, 0.368447, 0.854115, 0.745742
trial 872, 1, 1, 2, 8, 2, 20280, 0.462344, 0.616618, 0.320778
trial 873, 1, 0, 7, 1, 7, 3949.33, 0.796932, 0.498927, 0.945484
trial 874, 1, 1, 0, 8, 0, 58520, 0.161993, 0.415827, 0.0457644
trial 875, 1, 0, 8, 6, 7, 11440, 0.707356, 0.780914, 0.920581
trial 876, 1, 0, 1, 5, 1, 15144, 0.294998, 0.485096, 0.236181
trial 877, 1, 1, 4, 2, 0, 65104, 0.408103, 0.28677, 0.149309
trial 878, 1, 0, 5, 4, 2, 62186.7, 0.368795, 0.292099, 0.174602
trial 879, 1, 0, 0, 3, 5, 1664, 0.219403, 0.496372, 0.334922
trial 880, 1, 0, 0, 5, 4, 2832, 0.50511, 0.463025, 0.624321
trial 881, 1, 0, 3, 3, 0, 27005.3, 0.557879, 0.413301, 0.0474721
trial 882, 1, 1, 3, 4, 2, 45938.7, 0.418445, 0.363976, 0.198874
trial 883, 1, 1, 1, 1, 1, 26808, 0.577345, 0.239523, 0.16791
trial 884, 1, 0, 6, 5, 4, 11544, 0.639572, 0.844454, 0.193678
trial 885, 1, 0, 7, 3, 2, 36162.7, 0.738829, 0.292152, 0.167497
trial 886, 1, 0, 0, 3, 1, 637.333, 0.360709, 0.345439, 0.210739
trial 887, 1, 0, 1, 0, 8, 33304, 0.545789, 0.741653, 0.701069
trial 888, 1, 1, 5, 8, 0, 23234.7, 0.611792, 0.308859, 0.00472841
trial 889, 1, 0, 8, 1, 8, 66240, 0.988156, 0.625621, 0.859822
trial 890, 1, 1, 0, 5, 7, 44168, 0.248182, 0.857389, 0.763393
trial 891, 1, 0, 3, 7, 2, 25442.7, 0.613463, 0.711874, 0.106606
trial 892, 1, 1, 6, 1, 6, 61058.7, 0.899171, 0.705744, 0.289007
trial 893, 1, 1, 5, 0, 1, 75728, 0.775706, 0.241854, 0.37678
trial 894, 1, 0, 0, 8, 6, 22618.7, 0.164949, 0.728513, 0.765161
trial 895, 1, 1, 5, 0, 7, 3856, 0.815309, 0.48012, 0.88379
trial 896, 1, 0, 1, 8, 6, 78141.3, 0.171496, 0.639016, 0.795624
trial 897, 1, 0, 2, 2, 4, 52504, 0.252039, 0.384043, 0.729299
trial 898, 1, 0, 4, 7, 8, 58186.7, 0.333044, 0.860196, 0.837403
trial 899, 1, 0, 2, 5, 8, 29098.7, 0.511242, 0.900165, 0.8089
trial 900, 1, 0, 6, 2, 7, 28685.3, 0.828661, 0.886786, 0.804406
trial 901, 1, 0, 0, 8, 7, 36650.7, 0.560035, 0.772501, 0.818473
trial 902, 1, 0, 1, 4, 4, 63250.7, 0.278882, 0.799529, 0.441288
trial 903, 1, 0, 2, 8, 4, 14925.3, 0.220597, 0.788466, 0.298926
trial 904, 1, 0, 4, 5, 1, 63624, 0.658293, 0.335327, 0.249837
trial 905, 1, 1, 2, 4, 0, 6160, 0.344068, 0.160058, 0.0687843
trial 906, 1, 0, 8, 8, 2, 20610.7, 0.798372, 0.653082, 0.123135
trial 907, 1, 0, 7, 5, 3, 32744, 0.837734, 0.303275, 0.223885
trial 908, 1, 1, 5, 2, 3, 46898.7, 0.768076, 0.239119, 0.706725
trial 909, 1, 0, 2, 1, 8, 3306.67, 0.816534, 0.277765, 0.890506
trial 910, 1, 0, 5, 8, 5, 2280, 0.764755, 0.879277, 0.703023
trial 911, 1, 1, 7, 5, 7, 53981.3, 0.912055, 0.780088, 0.937971
trial 912, 1, 1, 4, 8, 7, 272, 0.780426, 0.922271, 0.891864
trial 913, 1, 0, 3, 0, 2, 55352, 0.41743, 0.160101, 0.71883
trial 914, 1, 0, 5, 2, 8, 4290.67, 0.787581, 0.528724, 0.830354
trial 915, 1, 1, 6, 5, 1, 25477.3, 0.737875, 0.532166, 0.772783
trial 916, 1, 0, 0, 4, 2, 317.333, 0.171331, 0.401345, 0.274069
trial 917, 1, 1, 2, 7, 6, 16949.3, 0.189936, 0.76011, 0.662352
trial 918, 1, 1, 3, 1, 8, 67440, 0.161438, 0.715848, 0.814656
trial 919, 1, 0, 7, 5, 1, 72618.7, 0.794846, 0.337707, 0.121888
trial 920, 1, 1, 7, 2, 0, 18546.7, 0.861339, 0.141853, 0.0880899
trial 921, 1, 1, 5, 5, 2, 74600, 0.677079, 0.492046, 0.263998
trial 922, 1, 1, 0, 6, 5, 37458.7, 0.173077, 0.698639, 0.560789
trial 923, 1, 1, 7, 6, 2, 17696, 0.665933, 0.500801, 0.250446
trial 924, 1, 0, 4, 0, 4, 25224, 0.693155, 0.485608, 0.745621
trial 925, 1, 0, 2, 2, 5, 36738.7, 0.364629, 0.539201, 0.492946
trial 926, 1, 1, 3, 4, 4, 77701.3, 0.570083, 0.669079, 0.634198
trial 927, 1, 0, 6, 4, 7, 7384, 0.798576, 0.758952, 0.874765
trial 928, 1, 0, 0, 5, 8, 77688, 0.172592, 0.881494, 0.83372
trial 929, 1, 0, 2, 1, 4, 3898.67, 0.261353, 0.552252, 0.697684
trial 930, 1, 0, 7, 2, 8, 57600, 0.868776, 0.785197, 0.957574
trial 931, 1, 0, 7, 7, 2, 67354.7, 0.8587, 0.693488, 0.67715
trial 932, 1, 1, 5, 1, 0, 28986.7, 0.782041, 0.0995861, 0.157523
trial 933, 1, 1, 4, 4, 8, 65432, 0.758272, 0.674751, 0.832765
trial 934, 1, 0, 6, 6, 3, 37610.7, 0.50783, 0.830719, 0.242925
trial 935, 1, 0, 8, 4, 3, 34429.3, 0.689777, 0.771689, 0.508538
trial 936, 1, 1, 6, 2, 6, 39909.3, 0.745989, 0.6824, 0.727886
trial 937, 1, 0, 2, 8, 2, 74149.3, 0.148418, 0.544692, 0.211794
trial 938, 1, 1, 3, 7, 4, 33256, 0.383463, 0.576432, 0.240478
trial 939, 1, 1, 7, 7, 5, 41752, 0.676359, 0.694208, 0.62306
trial 940, 1, 1, 0, 4, 1, 42461.3, 0.177068, 0.484318, 0.418192
trial 941, 1, 1, 5, 1, 6, 40181.3, 0.873696, 0.715845, 0.565652
trial 942, 1, 1, 0, 0, 7, 44872, 0.0258777, 0.683025, 0.796396
trial 943, 1, 1, 1, 6, 8, 1405.33, 0.515298, 0.653036, 0.771141
trial 944, 1, 1, 0, 5, 8, 4810.67, 0.126919, 0.83767, 0.795035
trial 945, 1, 1, 3, 7, 3, 1645.33, 0.314294, 0.498539, 0.193799
trial 946, 1, 1, 5, 5, 0, 51290.7, 0.448947, 0.328287, 0.0999096
trial 947, 1, 1, 0, 2, 3, 34669.3, 0.0443993, 0.446286, 0.227578
trial 948, 1, 1, 0, 4, 0, 2842.67, 0.109438, 0.17788, 0.0317654
trial 949, 1, 0, 6, 3, 5, 28216, 0.836412, 0.342086, 0.184143
trial 950, 1, 0, 0, 5, 7, 45042.7, 0.208138, 0.743581, 0.856677
trial 951, 1, 0, 3, 1, 4, 42240, 0.561732, 0.293848, 0.44302
trial 952, 1, 0, 3, 8, 5, 40485.3, 0.401855, 0.776156, 0.435548
trial 953, 1, 1, 1, 8, 1, 44768, 0.436344, 0.354166, 0.262426
trial 954, 1, 0, 5, 0, 5, 74082.7, 0.794297, 0.305527, 0.60831
trial 955, 1, 0, 3, 0, 8, 5365.33, 0.642682, 0.693067, 0.804064
trial 956, 1, 0, 1, 4, 3, 19178.7, 0.229818, 0.713955, 0.38326
trial 957, 1, 0, 0, 5, 1, 4714.67, 0.266216, 0.61615, 0.385554
trial 958, 1, 1, 3, 4, 0, 75850.7, 0.668031, 0.321349, 0.0568701
trial 959, 1, 0, 8, 8, 6, 27752, 0.834754, 0.688767, 0.829035
trial 960, 1, 0, 5, 2, 7, 35720, 0.851238, 0.671529, 0.877562
trial 961, 1, 0, 2, 4, 1, 7093.33, 0.632412, 0.359981, 0.277286
trial 962, 1, 1, 2, 5, 3, 2866.67, 0.568062, 0.559742, 0.636689
trial 963, 1, 0, 6, 3, 4, 68386.7, 0.752194, 0.533359, 0.631298
trial 964, 1, 0, 1, 1, 5, 70277.3, 0.333718, 0.47379, 0.648932
trial 965, 1, 1, 7, 4, 6, 69760, 0.917422, 0.724934, 0.891856
trial 966, 1, 1, 4, 6, 5, 58368, 0.687345, 0.944353, 0.601434
trial 967, 1, 1, 8, 2, 2, 16706.7, 0.85634, 0.329842, 0.622116
trial 968, 1, 1, 2, 0, 1, 2594.67, 0.686924, 0.114347, 0.543268
trial 969, 1, 0, 7, 0, 4, 26189.3, 0.701657, 0.15291, 0.761602
trial 970, 1, 1, 2, 2, 0, 59330.7, 0.499393, 0.221064, 0.0610583
trial 971, 1, 1, 2, 7, 0, 70997.3, 0.396691, 0.439549, 0.0446838
trial 972, 1, 1, 6, 0, 3, 59157.3, 0.830658, 0.194975, 0.394674
trial 973, 1, 1, 6, 2, 0, 27240, 0.597082, 0.356685, 0.0507516
trial 974, 1, 0, 7, 4, 4, 24656, 0.704036, 0.494599, 0.755296
trial 975, 1, 0, 8, 4, 8, 24810.7, 0.810799, 0.469587, 0.885498
trial 976, 1, 0, 4, 2, 5, 22125.3, 0.833572, 0.419577, 0.752464
trial 977, 1, 1, 1, 3, 5, 27330.7, 0.164688, 0.394355, 0.703608
trial 978, 1, 1, 0, 4, 2, 14424, 0.0880014, 0.404087, 0.179034
trial 979, 1, 1, 3, 7, 8, 40933.3, 0.55558, 0.739304, 0.871866
trial 980, 1, 1, 8, 7, 8, 54413.3, 0.906044, 0.668657, 0.931661
trial 981, 1, 0, 5, 5, 6, 14621.3, 0.836595, 0.664877, 0.831961
trial 982, 1, 1, 8, 1, 6, 17608, 0.865908, 0.320447, 0.921566
trial 983, 1, 0, 5, 6, 1, 71298.7, 0.682595, 0.88027, 0.266302
trial 984, 1, 0, 7, 1, 2, 29520, 0.687629, 0.779677, 0.468409
trial 985, 1, 1, 4, 5, 7, 15272, 0.792173, 0.948594, 0.793679
trial 986, 1, 1, 0, 0, 6, 67088, 0.120903, 0.622329, 0.741546
trial 987, 1, 0, 6, 5, 1, 40664, 0.640827, 0.446959, 0.306957
trial 988, 1, 0, 7, 3, 5, 6685.33, 0.841658, 0.505172, 0.508827
trial 989, 1, 1, 2, 4, 6, 69824, 0.158585, 0.807598, 0.607999
trial 990, 1, 0, 3, 8, 2, 30480, 0.260182, 0.790507, 0.390301
trial 991, 1, 1, 4, 4, 0, 6138.67, 0.481543, 0.33341, 0.0990744
trial 992, 1, 0, 6, 7, 1, 71320, 0.424891, 0.497457, 0.286435
trial 993, 1, 1, 0, 6, 7, 17346.7, 0.0728245, 0.861277, 0.631602
trial 994, 1, 0, 0, 1, 8, 78410.7, 0.306488, 0.732047, 0.677965
trial 995, 1, 0, 0, 1, 7, 20208, 0.228388, 0.74405, 0.810825
trial 996, 1, 1, 3, 2, 0, 22770.7, 0.193785, 0.312107, 0.102887
trial 997, 1, 1, 2, 6, 1, 19576, 0.185195, 0.644675, 0.233798
trial 998, 1, 0, 8, 1, 1, 4378.67, 0.636256, 0.350865, 0.390031
trial 999, 1, 0, 4, 5, 4, 781.333, 0.387698, 0.581242, 0.623307
trial 1000, 1, 0, 5, 1, 0, 24544, 0.348994, 0.238762, 0.110669
trial 1001, 1, 0, 8, 8, 8, 26482.7, 0.689277, 0.915287, 0.594051
trial 1002, 1, 0, 5, 1, 6, 69714.7, 0.687534, 0.662094, 0.760152
trial 1003, 1, 0, 5, 4, 5, 44498.7, 0.687827, 0.551424, 0.689897
trial 1004, 1, 1, 0, 2, 1, 10552, 0.0737966, 0.286658, 0.364846
trial 1005, 1, 0, 0, 2, 5, 66058.7, 0.124379, 0.486004, 0.641708
trial 1006, 1, 0, 4, 2, 4, 64277.3, 0.240291, 0.524718, 0.597197
trial 1007, 1, 1, 7, 7, 1, 10789.3, 0.79809, 0.284299, 0.164059
trial 1008, 1, 0, 2, 3, 2, 20056, 0.380213, 0.506893, 0.388108
trial 1009, 1, 1, 1, 0, 6, 25773.3, 0.0682277, 0.627317, 0.908286
trial 1010, 1, 0, 3, 8, 7, 57562.7, 0.51129, 0.906791, 0.665467
trial 1011, 1, 1, 0, 3, 8, 9706.67, 0.065814, 0.867806, 0.781529
trial 1012, 1, 1, 8, 7, 2, 19000, 0.708799, 0.688702, 0.129922
trial 1013, 1, 0, 0, 2, 8, 76989.3, 0.350492, 0.497858, 0.884982
trial 1014, 1, 1, 2, 0, 5, 40722.7, 0.639623, 0.252579, 0.853809
trial 1015, 1, 1, 4, 3, 3, 6149.33, 0.600386, 0.298565, 0.254905
trial 1016, 1, 0, 3, 0, 7, 381.333, 0.798197, 0.405286, 0.941687
trial 1017, 1, 1, 6, 7, 8, 440, 0.838637, 0.899942, 0.951509
trial 1018, 1, 0, 0, 7, 3, 71106.7, 0.234791, 0.828779, 0.373052
trial 1019, 1, 1, 4, 8, 5, 39642.7, 0.658431, 0.788646, 0.447308
trial 1020, 1, 1, 3, 6, 4, 55312, 0.709708, 0.887911, 0.596874
trial 1021, 1, 0, 6, 1, 5, 4042.67, 0.842387, 0.629542, 0.695735
trial 1022, 1, 0, 1, 8, 1, 51229.3, 0.137744, 0.507113, 0.398676
trial 1023, 1, 0, 5, 7, 3, 66880, 0.67585, 0.620495, 0.421811
trial 1024, 1, 1, 6, 8, 4, 60608, 0.804927, 0.85101, 0.639519
trial 1025, 1, 1, 8, 6, 8, 23861.3, 0.948959, 0.878517, 0.90053
trial 1026, 1, 0, 8, 2, 1, 7416, 0.818518, 0.523767, 0.564954
trial 1027, 1, 0, 7, 2, 6, 79512, 0.815331, 0.494652, 0.676466
trial 1028, 1, 0, 0, 2, 0, 65034.7, 0.140416, 0.116018, 0.184269
trial 1029, 1, 1, 5, 6, 7, 23349.3, 0.756038, 0.924101, 0.762921
trial 1030, 1, 1, 3, 3, 7, 30904, 0.753737, 0.732585, 0.900352
trial 1031, 1, 1, 4, 0, 6, 61362.7, 0.822012, 0.666767, 0.807644
trial 1032, 1, 0, 5, 8, 4, 23642.7, 0.720283, 0.810051, 0.676965
trial 1033, 1, 1, 7, 2, 7, 65986.7, 0.840384, 0.721837, 0.845259
trial 1034, 1, 0, 0, 4, 5, 68082.7, 0.642781, 0.728216, 0.475072
trial 1035, 1, 0, 3, 1, 2, 46992, 0.747514, 0.532306, 0.612859
trial 1036, 1, 1, 1, 4, 1, 39754.7, 0.147554, 0.404197, 0.546311
trial 1037, 1, 1, 3, 8, 3, 41890.7, 0.149242, 0.767962, 0.30291
trial 1038, 1, 1, 8, 3, 0, 2509.33, 0.912722, 0.240272, 0.0617367
trial 1039, 1, 0, 5, 0, 1, 72728, 0.815589, 0.211493, 0.258807
trial 1040, 1, 1, 7, 3, 5, 26130.7, 0.614734, 0.779684, 0.247908
trial 1041, 1, 0, 3, 8, 0, 67434.7, 0.335332, 0.519157, 0.0886119
trial 1042, 1, 1, 3, 6, 3, 73029.3, 0.465528, 0.702528, 0.319376
trial 1043, 1, 0, 2, 6, 7, 8549.33, 0.591071, 0.798213, 0.863479
trial 1044, 1, 0, 2, 4, 0, 44040, 0.442096, 0.246699, 0.248937
trial 1045, 1, 1, 7, 2, 4, 5701.33, 0.778429, 0.353105, 0.446408
trial 1046, 1, 0, 4, 6, 5, 46032, 0.626627, 0.58346, 0.324756
trial 1047, 1, 1, 1, 7, 0, 64520, 0.438475, 0.341753, 0.111739
trial 1048, 1, 0, 1, 1, 0, 22866.7, 0.304465, 0.201189, 0.250621
trial 1049, 1, 0, 7, 4, 2, 40618.7, 0.799983, 0.362281, 0.242464
trial 1050, 1, 0, 3, 8, 4, 1408, 0.63603, 0.644197, 0.358059
trial 1051, 1, 0, 7, 4, 0, 44949.3, 0.860257, 0.315134, 0.0284228
trial 1052, 1, 1, 1, 6, 4, 35650.7, 0.161151, 0.592352, 0.363026
trial 1053, 1, 1, 7, 5, 5, 11341.3, 0.818939, 0.690493, 0.51242
trial 1054, 1, 1, 0, 0, 5, 4754.67, 0.393004, 0.501225, 0.644546
trial 1055, 1, 0, 7, 0, 5, 36938.7, 0.795072, 0.637978, 0.69464
trial 1056, 1, 1, 4, 6, 2, 58098.7, 0.740578, 0.680453, 0.205986
trial 1057, 1, 1, 6, 0, 1, 14349.3, 0.700578, 0.13459, 0.56766
trial 1058, 1, 1, 2, 1, 0, 62536, 0.61701, 0.0844647, 0.188636
trial 1059, 1, 0, 4, 7, 6, 32042.7, 0.559904, 0.708769, 0.425575
trial 1060, 1, 0, 3, 5, 4, 42992, 0.593235, 0.683415, 0.327588
trial 1061, 1, 1, 2, 1, 1, 26762.7, 0.604883, 0.257699, 0.569278
trial 1062, 1, 1, 4, 4, 2, 8080, 0.671084, 0.571771, 0.639004
trial 1063, 1, 1, 5, 3, 8, 39976, 0.830272, 0.76235, 0.899356
trial 1064, 1, 1, 3, 7, 5, 73269.3, 0.653387, 0.922845, 0.483018
trial 1065, 1, 0, 2, 1, 0, 64957.3, 0.294407, 0.104131, 0.352556
trial 1066, 1, 1, 0, 8, 3, 59234.7, 0.23591, 0.690677, 0.298067
trial 1067, 1, 1, 6, 4, 3, 66373.3, 0.914586, 0.63801, 0.411728
trial 1068, 1, 0, 0, 2, 3, 2938.67, 0.261566, 0.55746, 0.268448
trial 1069, 1, 1, 5, 6, 6, 290.667, 0.813611, 0.893467, 0.757739
trial 1070, 1, 1, 2, 0, 8, 5496, 0.624182, 0.724456, 0.755929
trial 1071, 1, 1, 4, 2, 8, 35010.7, 0.679185, 0.711205, 0.817034
trial 1072, 1, 0, 1, 7, 5, 61458.7, 0.317716, 0.790532, 0.530241
trial 1073, 1, 0, 8, 5, 4, 58394.7, 0.887402, 0.544006, 0.618623
trial 1074, 1, 0, 4, 1, 7, 44050.7, 0.811785, 0.887491, 0.725241
trial 1075, 1, 0, 2, 1, 7, 43768, 0.688058, 0.685723, 0.860639
trial 1076, 1, 1, 6, 2, 4, 23133.3, 0.885982, 0.510988, 0.269371
trial 1077, 1, 0, 5, 2, 4, 12746.7, 0.6546, 0.459469, 0.277278
trial 1078, 1, 0, 7, 8, 1, 47752, 0.685703, 0.435129, 0.132161
trial 1079, 1, 0, 5, 3, 0, 36018.7, 0.650093, 0.344727, 0.112067
trial 1080, 1, 0, 1, 5, 4, 32301.3, 0.218855, 0.59205, 0.222027
trial 1081, 1, 0, 0, 1, 4, 2312, 0.193805, 0.339415, 0.431586
trial 1082, 1, 0, 6, 6, 5, 53978.7, 0.852017, 0.544048, 0.308994
trial 1083, 1, 1, 2, 3, 0, 44005.3, 0.639368, 0.186257, 0.018268
trial 1084, 1, 0, 2, 8, 7, 16592, 0.34963, 0.760986, 0.827692
trial 1085, 1, 1, 5, 0, 8, 76208, 0.644484, 0.385516, 0.239951
trial 1086, 1, 0, 4, 2, 8, 45912, 0.839419, 0.826039, 0.963263
trial 1087, 1, 0, 2, 6, 8, 19082.7, 0.732904, 0.801885, 0.892358
trial 1088, 1, 0, 6, 2, 4, 54717.3, 0.711421, 0.605431, 0.372595
trial 1089, 1, 0, 4, 4, 6, 79930.7, 0.787125, 0.737304, 0.870264
trial 1090, 1, 1, 6, 5, 6, 56061.3, 0.809769, 0.639857, 0.5
trial 1091, 1, 1, 6, 3, 7, 44621.3, 0.836677, 0.563658, 0.923343
trial 1092, 1, 0, 0, 6, 0, 75344, 0.299095, 0.361557, 0.049967
trial 1093, 1, 1, 1, 8, 3, 23485.3, 0.303691, 0.39769, 0.213766
trial 1094, 1, 0, 2, 2, 6, 34592, 0.337407, 0.562424, 0.703085
trial 1095, 1, 1, 0, 4, 3, 11266.7, 0.228727, 0.566493, 0.32163
trial 1096, 1, 1, 6, 4, 8, 55781.3, 0.932033, 0.65917, 0.754215
trial 1097, 1, 1, 8, 5, 5, 31941.3, 0.932978, 0.886563, 0.56067
trial 1098, 1, 0, 7, 8, 4, 10309.3, 0.76489, 0.808764, 0.374717
trial 1099, 1, 1, 5, 8, 8, 27330.7, 0.809742, 0.882102, 0.935168
trial 1100, 1, 0, 7, 6, 3, 38266.7, 0.856572, 0.751914, 0.196197
trial 1101, 1, 1, 1, 6, 3, 56709.3, 0.385314, 0.854462, 0.202501
trial 1102, 1, 1, 4, 6, 4, 76997.3, 0.627515, 0.818413, 0.346284
trial 1103, 1, 1, 2, 5, 2, 21874.7, 0.462412, 0.504907, 0.285704
trial 1104, 1, 1, 1, 0, 8, 1976, 0.581943, 0.494258, 0.674354
trial 1105, 1, 1, 3, 3, 3, 17090.7, 0.672513, 0.711586, 0.599778
trial 1106, 1, 0, 0, 0, 2, 22306.7, 0.347723, 0.300043, 0.660409
trial 1107, 1, 0, 4, 6, 3, 38176, 0.393317, 0.667486, 0.289721
trial 1108, 1, 0, 3, 4, 5, 60192, 0.596099, 0.711934, 0.540534
trial 1109, 1, 1, 0, 8, 6, 3682.67, 0.49999, 0.896546, 0.677014
trial 1110, 1, 0, 6, 0, 0, 44533.3, 0.434175, 0, 0.279722
trial 1111, 1, 0, 7, 4, 7, 35973.3, 0.806053, 0.306066, 0.609414
trial 1112, 1, 1, 1, 0, 2, 73232, 0.224998, 0.233532, 0.634421
trial 1113, 1, 0, 2, 3, 7, 77768, 0.243651, 0.719205, 0.821568
trial 1114, 1, 1, 1, 5, 3, 43197.3, 0.155548, 0.436806, 0.261537
trial 1115, 1, 1, 7, 4, 4, 77453.3, 0.620169, 0.673585, 0.26444
trial 1116, 1, 1, 1, 8, 5, 71450.7, 0.214871, 0.755896, 0.357172
trial 1117, 1, 1, 1, 2, 5, 3978.67, 0.204204, 0.331912, 0.613338
trial 1118, 1, 1, 8, 4, 4, 4040, 0.903453, 0.679563, 0.557463
trial 1119, 1, 1, 7, 3, 3, 25104, 0.87071, 0.631875, 0.326699
trial 1120, 1, 1, 0, 6, 1, 47658.7, 0.298029, 0.408059, 0.373077
trial 1121, 1, 0, 4, 4, 0, 77914.7, 0.702738, 0.260207, 0.110927
trial 1122, 1, 1, 2, 5, 7, 39704, 0.537394, 0.807138, 0.692994
trial 1123, 1, 0, 3, 2, 1, 55474.7, 0.677632, 0.239031, 0.325936
trial 1124, 1, 1, 3, 5, 1, 63504, 0.569175, 0.413124, 0.264996
trial 1125, 1, 1, 3, 2, 4, 42562.7, 0.648333, 0.629426, 0.651319
trial 1126, 1, 1, 3, 4, 1, 9888, 0.427693, 0.404204, 0.338895
trial 1127, 1, 0, 0, 0, 6, 7992, 0.619109, 0.302992, 0.801343
trial 1128, 1, 0, 0, 6, 3, 5749.33, 0.25019, 0.483915, 0.354277
trial 1129, 1, 1, 6, 8, 6, 69693.3, 0.897365, 0.847375, 0.713219
trial 1130, 1, 1, 0, 8, 1, 13946.7, 0.237743, 0.622396, 0.324992
trial 1131, 1, 0, 4, 1, 8, 64336, 0.325454, 0.725147, 0.576772
trial 1132, 1, 0, 6, 1, 2, 22240, 0.817523, 0.220921, 0.373115
trial 1133, 1, 1, 1, 1, 8, 53093.3, 0.299466, 0.434531, 0.688412
trial 1134, 1, 1, 2, 4, 7, 25144, 0.335564, 0.640849, 0.762945
trial 1135, 1, 0, 4, 0, 1, 4922.67, 0.670323, 0.284155, 0.491287
trial 1136, 1, 0, 2, 0, 4, 2789.33, 0.258093, 0.237718, 0.63575
trial 1137, 1, 1, 4, 6, 6, 63224, 0.755972, 0.718285, 0.530145
trial 1138, 1, 1, 1, 5, 0, 32597.3, 0.343354, 0.226109, 0.115617
trial 1139, 1, 0, 4, 3, 8, 35021.3, 0.608335, 0.405105, 0.742125
trial 1140, 1, 0, 6, 7, 0, 28608, 0.380104, 0.298917, 0.0648927
trial 1141, 1, 1, 5, 0, 2, 49488, 0.833206, 0.102389, 0.337282
trial 1142, 1, 1, 5, 3, 7, 3018.67, 0.880231, 0.420313, 0.759808
trial 1143, 1, 0, 0, 2, 4, 64898.7, 0.196549, 0.396915, 0.677622
trial 1144, 1, 0, 3, 5, 0, 11837.3, 0.560262, 0.330377, 0.0287428
trial 1145, 1, 1, 1, 0, 5, 1818.67, 0.0559276, 0.381129, 0.566167
trial 1146, 1, 0, 4, 0, 2, 73160, 0.394005, 0.197676, 0.60989
trial 1147, 1, 1, 7, 1, 3, 21520, 0.869207, 0.421852, 0.6528
trial 1148, 1, 1, 8, 8, 2, 17093.3, 0.884095, 0.448786, 0.170869
trial 1149, 1, 0, 0, 7, 7, 67914.7, 0.589771, 0.825503, 0.729556
trial 1150, 1, 1, 3, 6, 8, 19856, 0.731016, 0.68135, 0.846623
trial 1151, 1, 0, 3, 7, 5, 46040, 0.59976, 0.421516, 0.674192
trial 1152, 1, 0, 8, 7, 3, 66362.7, 0.636769, 0.837098, 0.494126
trial 1153, 1, 0, 6, 4, 2, 3936, 0.664568, 0.509514, 0.327142
trial 1154, 1, 0, 1, 4, 0, 60293.3, 0.196606, 0.298039, 0.0607198
trial 1155, 1, 1, 4, 7, 0, 3280, 0.77813, 0.334792, 0.0849638
trial 1156, 1, 1, 3, 8, 0, 52778.7, 0.600331, 0.409856, 0.105872
trial 1157, 1, 1, 8, 6, 2, 37653.3, 0.756566, 0.494403, 0.216843
trial 1158, 1, 0, 6, 7, 5, 52690.7, 0.718505, 0.775651, 0.578402
trial 1159, 1, 0, 4, 6, 2, 44280, 0.425735, 0.693853, 0.357635
trial 1160, 1, 1, 4, 1, 7, 57730.7, 0.811277, 0.487528, 0.872732
trial 1161, 1, 0, 5, 8, 8, 9781.33, 0.7559, 0.734483, 0.797591
trial 1162, 1, 0, 6, 0, 3, 30096, 0.687982, 0.369484, 0.687595
trial 1163, 1, 0, 6, 7, 2, 13554.7, 0.736382, 0.488152, 0.414045
trial 1164, 1, 0, 4, 7, 4, 28418.7, 0.410059, 0.449713, 0.256083
trial 1165, 1, 0, 0, 3, 6, 34213.3, 0.276618, 0.491917, 0.565906
trial 1166, 1, 1, 2, 3, 6, 40834.7, 0.629411, 0.52327, 0.859381
trial 1167, 1, 1, 5, 5, 3, 51402.7, 0.690145, 0.355572, 0.305707
trial 1168, 1, 1, 4, 6, 1, 45936, 0.568966, 0.38671, 0.21831
trial 1169, 1, 0, 6, 4, 8, 12461.3, 0.690418, 0.663447, 0.883708
trial 1170, 1, 0, 8, 6, 6, 27210.7, 0.821832, 0.778551, 0.820877
trial 1171, 1, 1, 0, 7, 4, 4482.67, 0.212032, 0.652701, 0.310162
trial 1172, 1, 1, 6, 8, 3, 78938.7, 0.702601, 0.398698, 0.259358
trial 1173, 1, 0, 8, 2, 3, 5461.33, 0.781396, 0.438835, 0.276645
trial 1174, 1, 0, 2, 7, 5, 21573.3, 0.306901, 0.538796, 0.247887
trial 1175, 1, 1, 5, 2, 5, 14202.7, 0.863353, 0.408966, 0.555156
trial 1176, 1, 1, 5, 1, 4, 71368, 0.666572, 0.20893, 0.724935
trial 1177, 1, 0, 6, 7, 6, 79696, 0.755653, 0.330187, 0.722342
trial 1178, 1, 0, 5, 2, 1, 75365.3, 0.62418, 0.339841, 0.195366
trial 1179, 1, 1, 8, 4, 2, 22736, 0.917883, 0.348291, 0.21413
trial 1180, 1, 0, 0, 0, 8, 49218.7, 0.120803, 0.382148, 0.927194
trial 1181, 1, 0, 6, 7, 7, 58794.7, 0.880824, 0.705078, 0.876008
trial 1182, 1, 1, 6, 1, 0, 4069.33, 0.71049, 0.126953, 0.0630678
trial 1183, 1, 0, 2, 6, 6, 46962.7, 0.180791, 0.790484, 0.679987
trial 1184, 1, 1, 2, 7, 1, 36802.7, 0.206519, 0.575958, 0.14371
trial 1185, 1, 1, 5, 7, 3, 47360, 0.386715, 0.698333, 0.15737
trial 1186, 1, 0, 7, 4, 6, 42904, 0.831961, 0.578114, 0.90312
trial 1187, 1, 1, 4, 3, 1, 77112, 0.619055, 0.338635, 0.189662
trial 1188, 1, 1, 2, 7, 2, 6312, 0.364222, 0.6589, 0.184083
trial 1189, 1, 1, 2, 0, 0, 33346.7, 0.341269, 0.230407, 0.0928661
trial 1190, 1, 0, 3, 2, 2, 16560, 0.210054, 0.31571, 0.252098
trial 1191, 1, 1, 3, 5, 4, 14800, 0.773245, 0.441018, 0.617807
trial 1192, 1, 1, 2, 7, 5, 11797.3, 0.609272, 0.50787, 0.570164
trial 1193, 1, 0, 1, 6, 4, 51501.3, 0.12129, 0.641079, 0.349762
trial 1194, 1, 1, 4, 7, 6, 37738.7, 0.438871, 0.639665, 0.342782
trial 1195, 1, 1, 6, 4, 1, 45218.7, 0.91693, 0.375092, 0.159375
trial 1196, 1, 0, 3, 0, 0, 2658.67, 0.322573, 0.115685, 0.206698
trial 1197, 1, 0, 8, 4, 0, 39930.7, 0.732908, 0.348773, 0.077511
trial 1198, 1, 0, 3, 5, 1, 5925.33, 0.530656, 0.287921, 0.228127
trial 1199, 1, 1, 2, 3, 8, 24461.3, 0.14192, 0.695439, 0.904601
trial 1200, 1, 0, 4, 3, 4, 39397.3, 0.637374, 0.686015, 0.556477
trial 1201, 1, 1, 5, 1, 8, 40024, 0.854027, 0.4969, 0.898345
trial 1202, 1, 1, 4, 0, 2, 2245.33, 0.662289, 0.357648, 0.679319
trial 1203, 1, 0, 6, 3, 8, 76101.3, 0.852073, 0.642631, 0.917295
trial 1204, 1, 0, 2, 6, 0, 73936, 0.36803, 0.36716, 0.0468818
trial 1205, 1, 0, 0, 7, 8, 59042.7, 0.270234, 0.703073, 0.934042
trial 1206, 1, 1, 6, 8, 8, 51021.3, 0.896624, 0.753919, 0.910503
trial 1207, 1, 0, 3, 6, 3, 3704, 0.276501, 0.526215, 0.646627
trial 1208, 1, 0, 1, 2, 8, 1936, 0.285337, 0.853219, 0.78652
trial 1209, 1, 0, 8, 3, 0, 23978.7, 0.957638, 0.330449, 0.0767979
trial 1210, 1, 0, 1, 1, 7, 68381.3, 0.159423, 0.568674, 0.794511
trial 1211, 1, 1, 4, 4, 5, 60973.3, 0.878576, 0.528909, 0.664576
trial 1212, 1, 1, 8, 6, 1, 74946.7, 0.841932, 0.561684, 0.275427
trial 1213, 1, 1, 5, 2, 0, 29864, 0.671202, 0.209985, 0.0984225
trial 1214, 1, 1, 1, 7, 6, 51213.3, 0.377785, 0.608, 0.589273
trial 1215, 1, 1, 7, 0, 4, 75706.7, 0.785798, 0.340637, 0.762929
trial 1216, 1, 1, 4, 5, 6, 32120, 0.654177, 0.6776, 0.746553
trial 1217, 1, 1, 2, 3, 1, 12013.3, 0.430007, 0.610979, 0.284734
trial 1218, 1, 0, 4, 4, 5, 42181.3, 0.620702, 0.430871, 0.693781
trial 1219, 1, 0, 6, 1, 8, 66213.3, 0.783369, 0.368392, 0.848448
trial 1220, 1, 0, 7, 5, 0, 37696, 0.906077, 0.328549, 0.146761
trial 1221, 1, 1, 3, 4, 7, 31696, 0.790742, 0.709726, 0.770201
trial 1222, 1, 1, 3, 1, 2, 3205.33, 0.325677, 0.396784, 0.306051
trial 1223, 1, 0, 4, 0, 3, 25048, 0.611366, 0.180764, 0.84601
trial 1224, 1, 1, 8, 7, 5, 22181.3, 0.959053, 0.413701, 0.691037
trial 1225, 1, 1, 6, 8, 5, 11154.7, 0.67168, 0.583525, 0.632539
trial 1226, 1, 1, 1, 5, 8, 25648, 0.208694, 0.556076, 0.893819
trial 1227, 1, 0, 8, 4, 6, 23248, 0.892595, 0.486999, 0.780416
trial 1228, 1, 0, 1, 6, 6, 34845.3, 0.139467, 0.690093, 0.750257
trial 1229, 1, 0, 2, 0, 5, 63258.7, 0.583203, 0.515241, 0.701471
trial 1230, 1, 1, 0, 1, 2, 43658.7, 0.26719, 0.365041, 0.573063
trial 1231, 1, 1, 8, 8, 0, 40696, 1, 0.232257, 0
trial 1232, 1, 0, 0, 7, 6, 4621.33, 0.220133, 0.559871, 0.725897
trial 1233, 1, 1, 7, 7, 2, 60789.3, 0.802409, 0.560909, 0.270968
trial 1234, 1, 0, 7, 2, 5, 2584, 0.746432, 0.423942, 0.661804
trial 1235, 1, 0, 3, 3, 8, 60757.3, 0.752626, 0.612908, 0.857997
trial 1236, 1, 1, 2, 2, 1, 67013.3, 0.504914, 0.354615, 0.245484
trial 1237, 1, 0, 3, 8, 8, 5968, 0.333398, 0.863595, 0.622892
trial 1238, 1, 0, 7, 1, 4, 4997.33, 0.639557, 0.470776, 0.720954
trial 1239, 1, 1, 5, 1, 7, 73480, 0.787959, 0.239379, 0.933685
trial 1240, 1, 1, 3, 8, 6, 79018.7, 0.747458, 0.695185, 0.755112
trial 1241, 1, 1, 2, 4, 3, 52106.7, 0.641205, 0.516026, 0.438169
trial 1242, 1, 0, 4, 6, 4, 29045.3, 0.443243, 0.621311, 0.49226
trial 1243, 1, 0, 1, 4, 5, 26661.3, 0.563315, 0.686746, 0.567326
trial 1244, 1, 0, 7, 3, 4, 43637.3, 0.666848, 0.734184, 0.449352
trial 1245, 1, 0, 8, 3, 7, 51018.7, 0.858057, 0.785171, 0.918598
trial 1246, 1, 1, 3, 2, 5, 31736, 0.687522, 0.566937, 0.765521
trial 1247, 1, 1, 3, 3, 8, 55997.3, 0.661465, 0.595627, 0.917908
trial 1248, 1, 0, 4, 5, 0, 7432, 0.605411, 0.249472, 0.0545215
trial 1249, 1, 1, 8, 1, 4, 1253.33, 0.892791, 0.336611, 0.662705
trial 1250, 1, 1, 7, 1, 6, 28845.3, 0.900076, 0.422455, 0.891965
trial 1251, 1, 1, 6, 2, 5, 61008, 0.829444, 0.362988, 0.658717
trial 1252, 1, 0, 5, 0, 8, 61576, 0.790698, 0.290407, 0.827586
trial 1253, 1, 0, 2, 8, 3, 1034.67, 0.239127, 0.511204, 0.302446
trial 1254, 1, 0, 0, 5, 0, 6738.67, 0.303561, 0.226226, 0.0856377
trial 1255, 1, 0, 1, 4, 6, 5962.67, 0.366677, 0.233581, 0.654754
trial 1256, 1, 0, 6, 8, 6, 23005.3, 0.899282, 0.776988, 0.621962
trial 1257, 1, 1, 3, 3, 4, 77824, 0.632182, 0.407054, 0.584446
trial 1258, 1, 1, 3, 1, 0, 79277.3, 0.639842, 0.206437, 0.0576771
trial 1259, 1, 0, 0, 1, 2, 49565.3, 0.237907, 0.0788261, 0.345982
trial 1260, 1, 1, 5, 6, 3, 76162.7, 0.680615, 0.572791, 0.394616
trial 1261, 1, 1, 2, 8, 0, 16965.3, 0.327919, 0.473426, 0.135744
trial 1262, 1, 0, 8, 0, 2, 32434.7, 0.784867, 0.240714, 0.525083
trial 1263, 1, 1, 1, 1, 3, 6760, 0.574315, 0.492451, 0.59215
trial 1264, 1, 0, 5, 5, 1, 53418.7, 0.687409, 0.459273, 0.298724
trial 1265, 1, 0, 1, 4, 7, 29874.7, 0.554938, 0.631307, 0.785517
trial 1266, 1, 1, 1, 0, 7, 53797.3, 0.61122, 0.42235, 0.737912
trial 1267, 1, 1, 8, 1, 2, 25080, 0.828657, 0.417435, 0.886841
trial 1268, 1, 0, 0, 0, 4, 3045.33, 0.179108, 0.377291, 0.666765
trial 1269, 1, 1, 8, 3, 7, 14669.3, 0.944902, 0.52776, 0.805291
trial 1270, 1, 0, 7, 1, 6, 66472, 0.797928, 0.716647, 0.765546
trial 1271, 1, 0, 6, 0, 8, 54829.3, 0.776343, 0.65476, 0.772279
trial 1272, 1, 1, 5, 8, 6, 51962.7, 0.802832, 0.673783, 0.755855
trial 1273, 1, 0, 2, 6, 3, 54872, 0.28889, 0.593897, 0.507494
trial 1274, 1, 0, 5, 7, 6, 79504, 0.289123, 0.808676, 0.59935
trial 1275, 1, 0, 1, 5, 2, 6632, 0.352061, 0.64103, 0.437343
trial 1276, 1, 0, 2, 7, 4, 61360, 0.103446, 0.661358, 0.31815
trial 1277, 1, 1, 0, 7, 7, 74344, 0.548235, 0.833186, 0.781387
trial 1278, 1, 0, 6, 6, 0, 6861.33, 0.706598, 0.396176, 0.0788128
trial 1279, 1, 1, 4, 4, 3, 3069.33, 0.657899, 0.426791, 0.274557
trial 1280, 1, 0, 3, 4, 8, 34040, 0.335613, 0.528114, 0.716044
trial 1281, 1, 0, 4, 3, 6, 40160, 0.665513, 0.585542, 0.877941
trial 1282, 1, 1, 8, 7, 6, 74034.7, 0.844631, 0.534831, 0.818613
trial 1283, 1, 1, 2, 5, 4, 4413.33, 0.214524, 0.37638, 0.507697
trial 1284, 1, 0, 7, 8, 3, 31936, 0.649451, 0.696705, 0.37177
trial 1285, 1, 1, 7, 3, 0, 76130.7, 0.828299, 0.361712, 0.0827024
trial 1286, 1, 1, 0, 0, 8, 24181.3, 0.225065, 0.372636, 0.655199
trial 1287, 1, 1, 7, 2, 8, 13312, 0.894269, 0.74985, 0.935719
trial 1288, 1, 0, 0, 8, 5, 64621.3, 0.234828, 0.690002, 0.340091
trial 1289, 1, 1, 0, 0, 1, 15714.7, 0.443566, 0.291697, 0.416977
trial 1290, 1, 0, 0, 4, 0, 39792, 0.143677, 0.30212, 0.102666
trial 1291, 1, 1, 7, 4, 2, 74072, 0.929609, 0.355766, 0.288703
trial 1292, 1, 1, 2, 0, 6, 2720, 0.599796, 0.510603, 0.642783
trial 1293, 1, 0, 4, 7, 3, 35488, 0.543214, 0.434032, 0.322767
trial 1294, 1, 1, 6, 5, 4, 74218.7, 0.769834, 0.655107, 0.735226
trial 1295, 1, 0, 2, 0, 1, 24410.7, 0.597578, 0.17426, 0.660312
trial 1296, 1, 1, 0, 8, 7, 62869.3, 0.0584175, 0.85329, 0.624058
trial 1297, 1, 1, 4, 4, 6, 7224, 0.652311, 0.698133, 0.791452
trial 1298, 1, 1, 5, 4, 8, 27680, 0.831547, 0.519791, 0.925066
trial 1299, 1, 0, 8, 2, 0, 26802.7, 0.883393, 0.34765, 0.0759141
trial 1300, 1, 0, 6, 4, 3, 936, 0.727133, 0.580676, 0.375733
trial 1301, 1, 0, 4, 6, 8, 29808, 0.709865, 0.845524, 0.639684
trial 1302, 1, 1, 6, 4, 7, 76578.7, 0.796833, 0.878912, 0.79164
trial 1303, 1, 0, 3, 6, 5, 3309.33, 0.586467, 0.757141, 0.554058
trial 1304, 1, 1, 1, 4, 5, 46301.3, 0.350127, 0.763192, 0.661996
trial 1305, 1, 0, 6, 4, 6, 22994.7, 0.852309, 0.650932, 0.723699
trial 1306, 1, 0, 4, 7, 5, 5077.33, 0.565562, 0.655114, 0.545503
trial 1307, 1, 1, 6, 1, 4, 77549.3, 0.878987, 0.346976, 0.577975
trial 1308, 1, 0, 2, 4, 6, 68725.3, 0.351891, 0.607224, 0.667282
trial 1309, 1, 1, 4, 1, 4, 13514.7, 0.5915, 0.651054, 0.730603
trial 1310, 1, 1, 7, 7, 0, 1698.67, 0.814441, 0.367025, 0.0784971
trial 1311, 1, 0, 5, 6, 7, 70992, 0.696977, 0.49227, 0.304095
trial 1312, 1, 1, 0, 7, 6, 75762.7, 0.195177, 0.739755, 0.83598
trial 1313, 1, 0, 2, 5, 2, 60634.7, 0.274876, 0.436966, 0.27169
trial 1314, 1, 1, 7, 0, 2, 77805.3, 0.710232, 0.367023, 0.651749
trial 1315, 1, 1, 8, 0, 0, 3120, 0.710879, 0.149462, 0.558207
trial 1316, 1, 1, 4, 5, 5, 61149.3, 0.71186, 0.630499, 0.634335
trial 1317, 1, 1, 3, 8, 8, 42138.7, 0.677115, 0.609493, 0.806097
trial 1318, 1, 0, 4, 0, 8, 17477.3, 0.66173, 0.549841, 0.973945
trial 1319, 1, 1, 8, 5, 7, 15912, 0.834194, 0.542287, 0.856181
trial 1320, 1, 1, 6, 3, 6, 2650.67, 0.881471, 0.591697, 0.778886
trial 1321, 1, 0, 4, 2, 3, 1237.33, 0.558252, 0.675433, 0.463571
trial 1322, 1, 1, 0, 0, 3, 75992, 0.376604, 0.45717, 0.582718
trial 1323, 1, 0, 5, 4, 8, 3794.67, 0.76499, 0.800808, 0.774914
trial 1324, 1, 1, 2, 5, 8, 2125.33, 0.558159, 0.766616, 0.801154
trial 1325, 1, 0, 5, 6, 8, 55194.7, 0.652396, 0.794292, 0.681515
trial 1326, 1, 1, 4, 0, 5, 968, 0.592331, 0.500878, 0.685007
trial 1327, 1, 0, 8, 5, 3, 29986.7, 0.762354, 0.565424, 0.339088
trial 1328, 1, 0, 7, 8, 6, 3149.33, 0.87384, 0.713292, 0.581015
trial 1329, 1, 1, 8, 0, 2, 39416, 0.830622, 0.203103, 0.468531
trial 1330, 1, 1, 6, 0, 6, 15608, 0.623443, 0.696782, 0.759335
trial 1331, 1, 0, 6, 5, 8, 4269.33, 0.673303, 0.620894, 0.76174
trial 1332, 1, 1, 1, 3, 3, 78954.7, 0.399802, 0.391869, 0.58133
trial 1333, 1, 0, 4, 1, 0, 56197.3, 0.53313, 0.310145, 0.116859
trial 1334, 1, 0, 5, 3, 8, 25240, 0.75133, 0.700336, 0.823491
trial 1335, 1, 1, 7, 4, 1, 650.667, 0.717523, 0.428078, 0.255301
trial 1336, 1, 0, 0, 5, 6, 3154.67, 0.289777, 0.675859, 0.523965
trial 1337, 1, 0, 3, 2, 6, 67573.3, 0.434867, 0.243666, 0.639082
trial 1338, 1, 1, 1, 3, 8, 31914.7, 0.415253, 0.604135, 0.634082
trial 1339, 1, 0, 7, 2, 0, 65421.3, 0.612579, 0.200895, 0.0748977
trial 1340, 1, 0, 8, 0, 6, 59944, 0.644594, 0.44325, 0.63942
trial 1341, 1, 1, 8, 3, 4, 4256, 0.755909, 0.380258, 0.452875
trial 1342, 1, 1, 1, 3, 7, 19405.3, 0.125593, 0.710673, 0.648888
trial 1343, 1, 1, 6, 7, 5, 49786.7, 0.620742, 0.781842, 0.530071
trial 1344, 1, 1, 4, 1, 3, 68928, 0.47751, 0.317086, 0.400717
trial 1345, 1, 0, 1, 3, 8, 3802.67, 0.320265, 0.39544, 0.70193
trial 1346, 1, 1, 8, 2, 8, 76501.3, 0.880754, 0.396169, 0.68144
trial 1347, 1, 0, 1, 6, 0, 14954.7, 0.250113, 0.326089, 0.0561718
trial 1348, 1, 1, 4, 8, 1, 8240, 0.623948, 0.369102, 0.179423
trial 1349, 1, 1, 2, 8, 8, 53749.3, 0.222322, 0.794069, 0.604736
trial 1350, 1, 0, 6, 7, 8, 34410.7, 0.659252, 0.840574, 0.740815
trial 1351, 1, 0, 8, 8, 3, 61042.7, 0.79896, 0.570597, 0.292834
trial 1352, 1, 0, 5, 3, 1, 1344, 0.632176, 0.326691, 0.387859
trial 1353, 1, 0, 7, 1, 8, 50080, 0.716209, 0.678656, 0.762905
trial 1354, 1, 1, 3, 7, 0, 78568, 0.613231, 0.303545, 0.0489703
trial 1355, 1, 0, 8, 6, 1, 1056, 0.590452, 0.411583, 0.167888
trial 1356, 1, 0, 0, 7, 0, 15805.3, 0.398708, 0.589105, 0.0886068
trial 1357, 1, 0, 5, 0, 3, 44080, 0.742477, 0.180718, 0.405779
trial 1358, 1, 1, 4, 8, 0, 71050.7, 0.60367, 0.382664, 0.074764
trial 1359, 1, 1, 7, 8, 2, 14648, 0.750579, 0.268358, 0.222551
trial 1360, 1, 1, 8, 1, 1, 13912, 0.955526, 0.385403, 0.596175
trial 1361, 1, 0, 3, 8, 6, 66805.3, 0.534897, 0.943726, 0.625103
trial 1362, 1, 1, 6, 7, 1, 7568, 0.908799, 0.632581, 0.39007
trial 1363, 1, 1, 3, 1, 7, 44586.7, 0.581903, 0.698673, 0.928676
trial 1364, 1, 0, 7, 3, 0, 56573.3, 0.693243, 0.333489, 0.0384832
trial 1365, 1, 0, 8, 4, 5, 41696, 0.923094, 0.634147, 0.42041
trial 1366, 1, 1, 7, 2, 5, 42506.7, 0.936195, 0.696914, 0.57904
trial 1367, 1, 1, 5, 0, 0, 69984, 0.785197, 0.0415459, 0.316277
trial 1368, 1, 1, 3, 5, 0, 36408, 0.554643, 0.492936, 0.0524766
trial 1369, 1, 1, 3, 2, 1, 57354.7, 0.427752, 0.450386, 0.37199
trial 1370, 1, 1, 8, 6, 3, 53989.3, 0.697925, 0.488972, 0.472299
trial 1371, 1, 0, 5, 6, 5, 6525.33, 0.560486, 0.786184, 0.590294
trial 1372, 1, 1, 0, 7, 0, 41544, 0.162882, 0.399996, 0.0397897
trial 1373, 1, 0, 7, 5, 5, 31736, 0.77307, 0.515101, 0.653445
trial 1374, 1, 0, 4, 1, 1, 11914.7, 0.494189, 0.0892734, 0.319664
trial 1375, 1, 1, 1, 0, 1, 26970.7, 0.210013, 0.114847, 0.486253
trial 1376, 1, 1, 4, 5, 4, 31744, 0.571434, 0.833786, 0.669772
trial 1377, 1, 0, 8, 3, 1, 57357.3, 0.542056, 0.324877, 0.214714
trial 1378, 1, 1, 5, 3, 0, 36005.3, 0.646742, 0.229066, 0.138113
trial 1379, 1, 0, 8, 6, 2, 12989.3, 0.602596, 0.428189, 0.217273
trial 1380, 1, 0, 6, 8, 2, 41354.7, 0.672035, 0.694211, 0.24451
trial 1381, 1, 1, 5, 5, 7, 44848, 0.895715, 0.807642, 0.756491
trial 1382, 1, 1, 1, 1, 2, 23538.7, 0.307768, 0.234283, 0.606225
trial 1383, 1, 1, 5, 3, 4, 13384, 0.606981, 0.79522, 0.670852
trial 1384, 1, 0, 7, 1, 3, 7314.67, 0.805943, 0.456486, 0.571867
trial 1385, 1, 1, 1, 8, 7, 77277.3, 0.106219, 0.768194, 0.670916
trial 1386, 1, 1, 5, 6, 0, 714.667, 0.401298, 0.325875, 0.0420912
trial 1387, 1, 0, 6, 8, 1, 2669.33, 0.68205, 0.540364, 0.0888262
trial 1388, 1, 0, 6, 4, 0, 42864, 0.638487, 0.317834, 0.0584663
trial 1389, 1, 1, 6, 5, 8, 2525.33, 0.720369, 0.772475, 0.871677
trial 1390, 1, 1, 8, 8, 3, 78733.3, 0.828815, 0.671756, 0.388373
trial 1391, 1, 0, 7, 3, 6, 38461.3, 0.794143, 0.661649, 0.811528
trial 1392, 1, 0, 5, 4, 0, 70112, 0.805089, 0.389387, 0.0590649
trial 1393, 1, 0, 6, 2, 3, 6816, 0.6444, 0.381648, 0.65149
trial 1394, 1, 1, 6, 3, 4, 37936, 0.817555, 0.379693, 0.438806
trial 1395, 1, 1, 6, 6, 8, 8680, 0.836404, 0.734368, 0.64857
trial 1396, 1, 0, 7, 3, 1, 36245.3, 0.835766, 0.334487, 0.165104
trial 1397, 1, 1, 6, 7, 6, 10472, 0.763493, 0.853476, 0.528536
trial 1398, 1, 1, 5, 6, 8, 79242.7, 0.769484, 0.761502, 0.849587
trial 1399, 1, 0, 1, 7, 8, 5117.33, 0.555414, 0.699122, 0.819547
trial 1400, 1, 1, 3, 5, 8, 4653.33, 0.346779, 0.705017, 0.78996
trial 1401, 1, 1, 1, 1, 6, 40408, 0.44625, 0.643441, 0.686888
trial 1402, 1, 0, 4, 8, 1, 15448, 0.355195, 0.684709, 0.260813
trial 1403, 1, 1, 1, 2, 1, 42021.3, 0.444492, 0.174256, 0.448337
trial 1404, 1, 1, 0, 1, 4, 37808, 0.248357, 0.503414, 0.597258
trial 1405, 1, 0, 4, 8, 2, 18754.7, 0.669128, 0.644839, 0.378659
trial 1406, 1, 1, 4, 3, 6, 22306.7, 0.565283, 0.677592, 0.825046
trial 1407, 1, 0, 6, 1, 3, 63445.3, 0.824921, 0.333053, 0.685794
trial 1408, 1, 0, 3, 0, 1, 29672, 0.621679, 0.217747, 0.800428
trial 1409, 1, 1, 2, 3, 2, 36450.7, 0.416751, 0.380695, 0.25669
trial 1410, 1, 0, 6, 1, 4, 68085.3, 0.736425, 0.375821, 0.668723
trial 1411, 1, 0, 2, 4, 4, 69346.7, 0.544247, 0.449662, 0.611171
trial 1412, 1, 1, 2, 6, 7, 55821.3, 0.311735, 0.421766, 0.822813
trial 1413, 1, 0, 5, 8, 2, 3488, 0.681632, 0.419273, 0.251907
trial 1414, 1, 1, 6, 0, 7, 29613.3, 0.893255, 0.374732, 0.956151
trial 1415, 1, 1, 6, 7, 3, 10416, 0.793341, 0.398107, 0.390722
trial 1416, 1, 1, 4, 2, 4, 65682.7, 0.674725, 0.577996, 0.677433
trial 1417, 1, 1, 3, 0, 6, 9664, 0.441891, 0.384828, 0.816061
trial 1418, 1, 0, 8, 6, 4, 44880, 0.786351, 0.595472, 0.388773
trial 1419, 1, 1, 4, 4, 4, 1200, 0.640432, 0.352847, 0.308076
trial 1420, 1, 0, 3, 7, 6, 1418.67, 0.412412, 0.797493, 0.607399
trial 1421, 1, 0, 7, 6, 6, 21458.7, 0.690479, 0.807616, 0.395769
trial 1422, 1, 0, 3, 8, 3, 22082.7, 0.572626, 0.663695, 0.313756
trial 1423, 1, 1, 1, 3, 6, 34168, 0.215638, 0.566073, 0.638196
trial 1424, 1, 1, 2, 6, 4, 62565.3, 0.313349, 0.418754, 0.656209
trial 1425, 1, 0, 8, 4, 7, 6485.33, 0.900686, 0.862683, 0.689114
trial 1426, 1, 0, 1, 0, 3, 45888, 0.212393, 0.142075, 0.659849
trial 1427, 1, 0, 8, 5, 7, 949.333, 0.864243, 0.726305, 0.832243
trial 1428, 1, 0, 8, 7, 5, 51784, 0.841415, 0.626968, 0.379887
trial 1429, 1, 1, 2, 4, 8, 35309.3, 0.384177, 0.297443, 0.778674
trial 1430, 1, 1, 5, 4, 1, 32645.3, 0.34943, 0.293726, 0.386293
trial 1431, 1, 1, 0, 2, 0, 48546.7, 0.270784, 0.335675, 0.0683507
trial 1432, 1, 1, 0, 3, 7, 68224, 0.136942, 0.245602, 0.738346
trial 1433, 1, 0, 2, 1, 6, 43218.7, 0.193258, 0.321345, 0.713834
trial 1434, 1, 0, 7, 6, 7, 66122.7, 0.506648, 0.920569, 0.593895
trial 1435, 1, 1, 6, 4, 6, 41360, 0.937862, 0.76192, 0.839815
trial 1436, 1, 1, 1, 7, 5, 15034.7, 0.110289, 0.783676, 0.642585
trial 1437, 1, 1, 1, 4, 3, 3384, 0.083943, 0.342863, 0.464199
trial 1438, 1, 1, 3, 1, 1, 23384, 0.681953, 0.129631, 0.447303
trial 1439, 1, 1, 0, 3, 4, 6778.67, 0.154715, 0.427843, 0.27893
trial 1440, 1, 0, 0, 6, 8, 66176, 0.22023, 0.832577, 0.749256
trial 1441, 1, 0, 2, 3, 6, 6101.33, 0.126928, 0.818923, 0.739494
trial 1442, 1, 0, 8, 4, 4, 2085.33, 0.943449, 0.294938, 0.687061
trial 1443, 1, 1, 5, 7, 0, 24178.7, 0.788542, 0.336041, 0
trial 1444, 1, 0, 6, 6, 2, 19826.7, 0.617867, 0.613406, 0.281649
trial 1445, 1, 1, 7, 3, 2, 48605.3, 0.935764, 0.399722, 0.385511
trial 1446, 1, 1, 2, 6, 0, 22285.3, 0.502467, 0.419385, 0.0367997
trial 1447, 1, 0, 2, 8, 6, 72789.3, 0.393518, 0.717745, 0.679173
trial 1448, 1, 0, 5, 2, 2, 450.667, 0.280084, 0.33878, 0.624279
trial 1449, 1, 1, 2, 3, 4, 73229.3, 0.436107, 0.251029, 0.634546
trial 1450, 1, 0, 0, 3, 4, 30864, 0.190218, 0.346448, 0.615758
trial 1451, 1, 1, 5, 6, 2, 24837.3, 0.754968, 0.609695, 0.247563
trial 1452, 1, 0, 1, 3, 2, 46858.7, 0.202883, 0.287915, 0.559845
trial 1453, 1, 1, 0, 2, 8, 41448, 0.246017, 0.521592, 0.692486
trial 1454, 1, 0, 5, 6, 3, 35066.7, 0.661996, 0.449319, 0.498367
trial 1455, 1, 0, 0, 5, 2, 37389.3, 0.213081, 0.396875, 0.337995
trial 1456, 1, 1, 3, 3, 6, 56053.3, 0.650242, 0.453204, 0.661029
trial 1457, 1, 1, 1, 3, 4, 43256, 0.269305, 0.62911, 0.554033
trial 1458, 1, 1, 3, 1, 6, 55586.7, 0.455168, 0.541541, 0.640734
trial 1459, 1, 0, 6, 8, 0, 15570.7, 0.762565, 0.42741, 0.0441936
