OctaneSinglePotato Data File OctaneSinglePotatoRes_1.txt
Participant Number: 1
Date: 01/27/15, Time: 11:04:37
=============================


trial 1, 1, -1, -1, -1, -1, 0, 0, 0, 0
trial 2, 1, 0, 1, 8, 0, 39626.7, 0.0460367, 0.700908, 0.282876
trial 3, 1, 1, 5, 7, 1, 7010.67, 0.399176, 0.770331, 0.0845761
trial 4, 1, 0, 6, 0, 2, 68032, 0.752576, 0.106211, 0.880345
trial 5, 1, 1, 0, 1, 3, 68930.7, 0.092422, 0.32493, 0.497836
trial 6, 1, 0, 0, 4, 6, 70746.7, 0.0880305, 0.892989, 0.907339
trial 7, 1, 0, 2, 6, 4, 59554.7, 0.0809922, 0.921027, 0.55824
trial 8, 1, 1, 4, 7, 8, 59640, 0.373748, 0.944769, 0.944851
trial 9, 1, 1, 5, 5, 6, 79824, 0.327922, 0.922204, 0.763056
trial 10, 1, 1, 2, 6, 3, 5792, 0.388455, 0.835185, 0.738755
trial 11, 1, 1, 3, 2, 3, 20253.3, 0.543515, 0.222255, 0.593004
trial 12, 1, 0, 5, 8, 1, 60050.7, 0.334333, 0.673272, 0.125702
trial 13, 1, 0, 6, 6, 6, 68410.7, 0.737536, 0.824927, 0.751914
trial 14, 1, 0, 1, 2, 6, 78712, 0.0918701, 0.518821, 0.840113
trial 15, 1, 0, 3, 4, 6, 66197.3, 0.12117, 0.645881, 0.67989
trial 16, 1, 1, 8, 4, 1, 269.333, 0.86246, 0.364382, 0.599638
trial 17, 1, 1, 2, 4, 4, 12152, 0.542827, 0.605071, 0.441633
trial 18, 1, 0, 4, 5, 5, 2328, 0.678447, 0.715349, 0.608531
trial 19, 1, 0, 8, 8, 5, 20186.7, 0.686909, 0.903425, 0.540686
trial 20, 1, 0, 5, 6, 0, 47957.3, 0.258486, 0.682577, 0.0599588
trial 21, 1, 1, 4, 2, 7, 59696, 0.806217, 0.912572, 0.886393
trial 22, 1, 1, 6, 2, 8, 8560, 0.794113, 0.18841, 0.942294
trial 23, 1, 1, 8, 3, 3, 56106.7, 0.746752, 0.707235, 0.302518
trial 24, 1, 1, 4, 1, 1, 24154.7, 0.727212, 0.158613, 0.276358
trial 25, 1, 0, 7, 6, 0, 57168, 0.770227, 0.483605, 0.207074
trial 26, 1, 0, 8, 0, 1, 2776, 0.65389, 0.148428, 0.739822
trial 27, 1, 0, 0, 8, 4, 29800, 0.0568365, 0.946188, 0.5
trial 28, 1, 1, 5, 4, 0, 37829.3, 0.383773, 0.436734, 0.133492
trial 29, 1, 0, 6, 8, 5, 42162.7, 0.677505, 0.941521, 0.681358
trial 30, 1, 1, 4, 6, 8, 34269.3, 0.665334, 0.932974, 0.934041
trial 31, 1, 1, 2, 4, 2, 35562.7, 0.320533, 0.339093, 0.18012
trial 32, 1, 0, 4, 8, 7, 5256, 0.645724, 0.930774, 0.927841
trial 33, 1, 1, 0, 6, 6, 68717.3, 0.0723819, 0.829453, 0.808936
trial 34, 1, 0, 8, 4, 2, 17949.3, 0.317572, 0.337471, 0.228061
trial 35, 1, 0, 2, 6, 1, 77008, 0.133364, 0.59113, 0.0595644
trial 36, 1, 0, 2, 5, 5, 66888, 0.164934, 0.63501, 0.811302
trial 37, 1, 1, 7, 5, 2, 61050.7, 0.741893, 0.608244, 0.310612
trial 38, 1, 1, 7, 1, 5, 17688, 0.775106, 0.213562, 0.710936
trial 39, 1, 1, 0, 8, 2, 1056, 0.0634932, 0.769438, 0.296358
trial 40, 1, 0, 3, 4, 2, 29909.3, 0.20541, 0.505686, 0.227829
trial 41, 1, 1, 6, 4, 2, 38829.3, 0.698471, 0.829392, 0.608662
trial 42, 1, 1, 8, 0, 7, 66594.7, 0.776097, 0.316729, 0.754668
trial 43, 1, 1, 4, 7, 5, 21392, 0.378182, 0.894124, 0.549663
trial 44, 1, 1, 7, 7, 4, 23392, 0.357125, 0.90275, 0.647668
trial 45, 1, 0, 0, 2, 6, 12488, 0.055681, 0.385624, 0.665428
trial 46, 1, 0, 4, 5, 8, 1056, 0.135834, 0.945849, 0.958874
trial 47, 1, 1, 8, 8, 6, 19354.7, 0.333427, 0.949586, 0.584077
trial 48, 1, 1, 6, 3, 1, 165.333, 0.274876, 0.44188, 0.279522
trial 49, 1, 0, 1, 4, 1, 77165.3, 0.0975758, 0.43883, 0.139457
trial 50, 1, 0, 0, 1, 5, 75261.3, 0.0494708, 0.246215, 0.822655
trial 51, 1, 1, 6, 8, 7, 71661.3, 0.681788, 0.97424, 0.62574
trial 52, 1, 1, 5, 7, 4, 63258.7, 0.558372, 0.938931, 0.5
trial 53, 1, 1, 7, 4, 7, 5512, 0.853552, 0.954274, 0.881771
trial 54, 1, 0, 4, 3, 0, 21328, 0.269074, 0.309995, 0.23571
trial 55, 1, 0, 5, 0, 2, 71146.7, 0.108212, 0.229504, 0.709285
trial 56, 1, 0, 2, 5, 3, 4349.33, 0.0779536, 0.499056, 0.577398
trial 57, 1, 0, 1, 3, 7, 42413.3, 0.0426692, 0.94659, 0.831499
trial 58, 1, 0, 2, 6, 5, 30578.7, 0.0720331, 0.897258, 0.854153
trial 59, 1, 0, 3, 2, 3, 53688, 0.0784168, 0.274295, 0.530225
trial 60, 1, 1, 8, 2, 4, 63717.3, 0.644876, 0.862909, 0.661929
trial 61, 1, 0, 0, 4, 8, 71504, 0.0758359, 0.943383, 0.650652
trial 62, 1, 1, 8, 3, 1, 66386.7, 0.384769, 0.376446, 0.383559
trial 63, 1, 1, 8, 5, 1, 31293.3, 0.707894, 0.453443, 0.277028
trial 64, 1, 0, 5, 3, 4, 44608, 0.231112, 0.39449, 0.5
trial 65, 1, 1, 0, 1, 5, 64565.3, 0.0675481, 0.388727, 0.605057
trial 66, 1, 0, 8, 5, 2, 56421.3, 0.23529, 0.604974, 0.393587
trial 67, 1, 1, 2, 8, 7, 79480, 0.0656072, 0.954709, 0.826281
trial 68, 1, 1, 4, 0, 3, 43954.7, 0.382738, 0.213716, 0.895206
trial 69, 1, 0, 6, 2, 2, 76165.3, 0.802688, 0.541187, 0.281982
trial 70, 1, 1, 4, 6, 3, 10322.7, 0.670807, 0.744064, 0.384118
trial 71, 1, 1, 5, 8, 2, 4440, 0.414333, 0.872736, 0.49572
trial 72, 1, 0, 3, 7, 1, 40978.7, 0.280887, 0.596994, 0.370939
trial 73, 1, 0, 1, 8, 4, 32709.3, 0.147674, 0.857672, 0.5
trial 74, 1, 1, 5, 7, 2, 52882.7, 0.350669, 0.661436, 0.386478
trial 75, 1, 1, 7, 8, 7, 64314.7, 0.791939, 0.943424, 0.950299
trial 76, 1, 1, 7, 7, 7, 32082.7, 0.72245, 0.91693, 0.958163
trial 77, 1, 1, 1, 2, 8, 63101.3, 0.144669, 0.396899, 0.839167
trial 78, 1, 0, 8, 0, 5, 70941.3, 0.747887, 0.225576, 0.780052
trial 79, 1, 1, 5, 5, 5, 67973.3, 0.737918, 0.764112, 0.5
trial 80, 1, 1, 6, 5, 2, 32610.7, 0.763786, 0.520182, 0.314896
trial 81, 1, 1, 0, 5, 5, 5616, 0.141012, 0.477868, 0.460998
trial 82, 1, 1, 7, 0, 8, 76698.7, 0.822688, 0.29712, 0.854555
trial 83, 1, 0, 6, 0, 7, 72909.3, 0.624541, 0.398878, 0.785691
trial 84, 1, 0, 4, 4, 2, 3994.67, 0.337265, 0.426875, 0.401479
trial 85, 1, 0, 5, 0, 6, 13293.3, 0.330028, 0.358877, 0.777365
trial 86, 1, 1, 8, 7, 4, 7205.33, 0.603614, 0.775943, 0.5
trial 87, 1, 0, 6, 8, 4, 73834.7, 0.586193, 0.72756, 0.349568
trial 88, 1, 1, 4, 5, 2, 11808, 0.40143, 0.713021, 0.5
trial 89, 1, 1, 4, 7, 1, 72525.3, 0.349364, 0.42546, 0.5
trial 90, 1, 1, 5, 5, 8, 65402.7, 0.725988, 0.858897, 0.860303
trial 91, 1, 1, 7, 7, 6, 76778.7, 0.696308, 0.952466, 0.783158
trial 92, 1, 1, 6, 6, 7, 54794.7, 0.753753, 0.934346, 0.819887
trial 93, 1, 0, 7, 6, 8, 64970.7, 0.846617, 0.843806, 0.84523
trial 94, 1, 0, 1, 2, 3, 18760, 0.194993, 0.417523, 0.444601
trial 95, 1, 1, 2, 5, 5, 3165.33, 0.249515, 0.709131, 0.5
trial 96, 1, 1, 3, 0, 0, 6634.67, 0.222348, 0.234332, 0.248608
trial 97, 1, 1, 3, 8, 1, 44042.7, 0.182793, 0.675624, 0.210738
trial 98, 1, 0, 2, 1, 3, 18005.3, 0.375693, 0.350655, 0.370694
trial 99, 1, 1, 6, 7, 7, 40061.3, 0.710344, 0.747965, 0.749076
trial 100, 1, 0, 6, 3, 3, 11736, 0.816631, 0.531365, 0.340829
trial 101, 1, 0, 7, 7, 8, 39066.7, 0.89911, 0.84445, 0.757261
trial 102, 1, 0, 4, 8, 5, 72298.7, 0.822962, 0.839644, 0.5
trial 103, 1, 0, 0, 8, 0, 15314.7, 0.0779263, 0.481714, 0.197436
trial 104, 1, 0, 5, 5, 2, 19674.7, 0.200532, 0.377787, 0.387498
trial 105, 1, 1, 7, 3, 6, 34709.3, 0.657062, 0.406402, 0.5
trial 106, 1, 0, 7, 7, 5, 17053.3, 0.711588, 0.713208, 0.5
trial 107, 1, 1, 6, 4, 5, 25408, 0.698409, 0.709942, 0.5
trial 108, 1, 1, 7, 5, 3, 29021.3, 0.717704, 0.608215, 0.445478
trial 109, 1, 0, 8, 2, 4, 11866.7, 0.801343, 0.49945, 0.29018
trial 110, 1, 1, 8, 8, 5, 79381.3, 0.759621, 0.907115, 0.5
trial 111, 1, 0, 7, 4, 5, 61194.7, 0.676464, 0.574607, 0.5
trial 112, 1, 0, 3, 0, 4, 5386.67, 0.447481, 0.299619, 0.5
trial 113, 1, 0, 3, 2, 0, 52621.3, 0.139974, 0.244838, 0.277672
trial 114, 1, 0, 3, 6, 1, 26128, 0.412554, 0.413985, 0.22071
trial 115, 1, 0, 5, 4, 1, 9000, 0.323286, 0.190202, 0.19241
trial 116, 1, 1, 3, 2, 7, 9437.33, 0.61937, 0.711834, 0.697897
trial 117, 1, 1, 5, 3, 6, 45760, 0.661435, 0.693021, 0.650037
trial 118, 1, 0, 5, 6, 6, 1176, 0.268791, 0.666574, 0.658981
trial 119, 1, 1, 1, 8, 6, 45253.3, 0.0372154, 0.87366, 0.657945
trial 120, 1, 1, 4, 3, 8, 2688, 0.713517, 0.638139, 0.635198
trial 121, 1, 1, 3, 5, 2, 47592, 0.382609, 0.53351, 0.29438
trial 122, 1, 1, 0, 6, 2, 4418.67, 0.0962092, 0.498889, 0.366844
trial 123, 1, 0, 7, 0, 0, 42536, 0.737783, 0.185864, 0.313411
trial 124, 1, 1, 8, 5, 2, 45882.7, 0.759578, 0.82257, 0.438506
trial 125, 1, 0, 3, 6, 2, 23762.7, 0.715331, 0.789123, 0.275611
trial 126, 1, 0, 7, 7, 3, 2192, 0.829461, 0.913729, 0.5
trial 127, 1, 0, 2, 1, 2, 42672, 0.200209, 0.299598, 0.5
trial 128, 1, 1, 3, 3, 5, 52797.3, 0.708396, 0.850833, 0.679989
trial 129, 1, 0, 3, 4, 7, 38309.3, 0.583315, 0.76185, 0.877376
trial 130, 1, 0, 7, 1, 5, 40864, 0.846843, 0.642572, 0.641507
trial 131, 1, 0, 8, 7, 4, 73098.7, 0.765705, 0.532619, 0.5
trial 132, 1, 1, 5, 3, 5, 29034.7, 0.718673, 0.648644, 0.738799
trial 133, 1, 0, 1, 2, 4, 68752, 0.258967, 0.432395, 0.5
trial 134, 1, 1, 3, 8, 5, 57445.3, 0.458038, 0.957615, 0.5
trial 135, 1, 1, 4, 8, 4, 3746.67, 0.399677, 0.735834, 0.5
trial 136, 1, 0, 5, 0, 7, 4629.33, 0.820455, 0.263537, 0.849844
trial 137, 1, 0, 1, 3, 0, 70608, 0.149088, 0.435341, 0.18731
trial 138, 1, 1, 5, 2, 7, 19978.7, 0.820722, 0.747077, 0.821355
trial 139, 1, 0, 6, 4, 5, 3690.67, 0.801219, 0.829704, 0.5
trial 140, 1, 0, 3, 3, 1, 13733.3, 0.389639, 0.38695, 0.573228
trial 141, 1, 1, 4, 3, 5, 32810.7, 0.652956, 0.839383, 0.432791
trial 142, 1, 0, 6, 5, 7, 54432, 0.826513, 0.66116, 0.787424
trial 143, 1, 1, 0, 0, 2, 21330.7, 0.0955193, 0.140726, 0.353291
trial 144, 1, 1, 2, 1, 5, 44045.3, 0.280751, 0.439397, 0.554963
trial 145, 1, 1, 7, 0, 0, 1525.33, 0.760496, 0.29052, 0.371006
trial 146, 1, 1, 3, 2, 8, 77856, 0.715991, 0.726658, 0.826745
trial 147, 1, 1, 5, 2, 6, 58381.3, 0.775041, 0.779264, 0.655803
trial 148, 1, 0, 2, 3, 8, 4285.33, 0.66712, 0.859155, 0.938026
trial 149, 1, 1, 8, 1, 3, 2602.67, 0.90675, 0.744916, 0.701274
trial 150, 1, 0, 0, 6, 1, 63930.7, 0.101414, 0.444453, 0.263583
trial 151, 1, 1, 6, 2, 3, 27533.3, 0.357557, 0.453884, 0.359383
trial 152, 1, 0, 0, 7, 5, 229.333, 0.0940227, 0.964183, 0.5
trial 153, 1, 1, 5, 5, 4, 44850.7, 0.659595, 0.820198, 0.5
trial 154, 1, 1, 8, 2, 0, 60656, 0.71683, 0.244637, 0.331131
trial 155, 1, 0, 6, 3, 0, 2632, 0.801864, 0.127439, 0.115615
trial 156, 1, 1, 6, 3, 8, 45336, 0.809839, 0.924408, 0.93345
trial 157, 1, 1, 0, 2, 7, 73885.3, 0.0761125, 0.866817, 0.95781
trial 158, 1, 0, 7, 8, 7, 65066.7, 0.91217, 0.934083, 0.949484
trial 159, 1, 1, 2, 2, 4, 52717.3, 0.23743, 0.683797, 0.67528
trial 160, 1, 1, 6, 1, 3, 22677.3, 0.732993, 0.408799, 0.684574
trial 161, 1, 0, 1, 5, 7, 21578.7, 0.198574, 0.782996, 0.820089
trial 162, 1, 1, 8, 6, 4, 79194.7, 0.624346, 0.858242, 0.630841
trial 163, 1, 1, 8, 6, 0, 59586.7, 0.43479, 0.409877, 0.34654
trial 164, 1, 0, 2, 0, 2, 3533.33, 0.286217, 0.324492, 0.397709
trial 165, 1, 1, 5, 2, 4, 266.667, 0.640226, 0.378406, 0.5
trial 166, 1, 0, 0, 0, 0, 101.333, 0.0730784, 0.0534719, 0.413821
trial 167, 1, 1, 5, 7, 7, 64010.7, 0.817849, 0.961033, 0.785496
trial 168, 1, 1, 3, 7, 1, 5624, 0.0918921, 0.664421, 0.437958
trial 169, 1, 0, 0, 6, 6, 23610.7, 0.0228473, 0.942724, 0.5
trial 170, 1, 0, 5, 3, 5, 41498.7, 0.67324, 0.844486, 0.5
trial 171, 1, 0, 3, 0, 6, 43592, 0.329263, 0.672847, 0.581064
trial 172, 1, 1, 0, 1, 8, 64282.7, 0.10583, 0.314086, 0.586943
trial 173, 1, 1, 2, 1, 3, 5544, 0.189843, 0.332606, 0.496688
trial 174, 1, 0, 1, 8, 8, 23424, 0.20898, 0.906022, 0.599264
trial 175, 1, 1, 8, 0, 6, 18045.3, 0.890344, 0.191507, 0.460211
trial 176, 1, 1, 1, 7, 4, 33720, 0.0668634, 0.940032, 0.5
trial 177, 1, 0, 5, 5, 7, 22818.7, 0.733238, 0.946066, 0.5
trial 178, 1, 1, 2, 6, 6, 70408, 0.110278, 0.922165, 0.5
trial 179, 1, 0, 0, 0, 1, 6498.67, 0.176867, 0.183406, 0.39276
trial 180, 1, 1, 7, 3, 8, 66173.3, 0.780646, 0.946976, 0.5
trial 181, 1, 0, 3, 7, 7, 77493.3, 0.60749, 0.831003, 0.613674
trial 182, 1, 1, 3, 0, 8, 32792, 0.619406, 0.627911, 0.683723
trial 183, 1, 1, 8, 7, 1, 24040, 0.72393, 0.726873, 0.354891
trial 184, 1, 1, 1, 4, 0, 71090.7, 0.0680302, 0.183011, 0.33688
trial 185, 1, 1, 6, 6, 6, 65074.7, 0.752828, 0.901841, 0.5
trial 186, 1, 1, 2, 8, 1, 2074.67, 0.678429, 0.847139, 0.5
trial 187, 1, 1, 5, 1, 1, 36045.3, 0.66899, 0.303718, 0.320799
trial 188, 1, 0, 6, 0, 1, 60672, 0.612611, 0.238868, 0.447611
trial 189, 1, 1, 1, 1, 7, 6536, 0.31126, 0.733155, 0.691711
trial 190, 1, 1, 2, 1, 7, 22736, 0.284356, 0.78976, 0.794065
trial 191, 1, 0, 1, 8, 5, 73410.7, 0.159675, 0.884289, 0.5
trial 192, 1, 0, 3, 3, 6, 73322.7, 0.237857, 0.862408, 0.5
trial 193, 1, 1, 4, 3, 7, 43021.3, 0.631014, 0.772502, 0.743534
trial 194, 1, 0, 0, 1, 3, 62962.7, 0.19467, 0.401127, 0.395893
trial 195, 1, 0, 3, 5, 8, 10314.7, 0.265184, 0.884854, 0.882017
trial 196, 1, 1, 1, 3, 2, 6370.67, 0.287464, 0.397949, 0.5
trial 197, 1, 1, 7, 1, 0, 22866.7, 0.88535, 0.171217, 0.378175
trial 198, 1, 0, 8, 6, 0, 29437.3, 0.88147, 0.401288, 0.10305
trial 199, 1, 0, 4, 5, 6, 2128, 0.843386, 0.741976, 0.70274
trial 200, 1, 0, 2, 8, 0, 5480, 0.17161, 0.428283, 0.323377
trial 201, 1, 0, 1, 1, 8, 58141.3, 0.293178, 0.880403, 0.86895
trial 202, 1, 1, 5, 3, 1, 24626.7, 0.352958, 0.245351, 0.251317
trial 203, 1, 0, 3, 8, 1, 76477.3, 0.256318, 0.459712, 0.300419
trial 204, 1, 0, 2, 2, 8, 39066.7, 0.0707015, 0.929567, 0.923951
trial 205, 1, 0, 6, 6, 1, 77554.7, 0.324958, 0.341542, 0.249674
trial 206, 1, 0, 3, 7, 0, 49962.7, 0.158225, 0.389345, 0.176749
trial 207, 1, 0, 7, 4, 1, 25125.3, 0.190592, 0.380464, 0.365862
trial 208, 1, 0, 0, 0, 7, 5042.67, 0.154482, 0.669172, 0.667486
trial 209, 1, 0, 6, 6, 8, 53112, 0.693711, 0.879813, 0.880024
trial 210, 1, 0, 1, 7, 1, 13605.3, 0.295528, 0.464625, 0.30205
trial 211, 1, 1, 8, 0, 4, 15178.7, 0.74039, 0.52629, 0.362016
trial 212, 1, 1, 5, 4, 2, 63976, 0.654146, 0.526716, 0.623026
trial 213, 1, 1, 0, 7, 5, 56624, 0.0935633, 0.680294, 0.636025
trial 214, 1, 0, 6, 1, 7, 57970.7, 0.677525, 0.759711, 0.760824
trial 215, 1, 0, 4, 4, 7, 12240, 0.615181, 0.64222, 0.782633
trial 216, 1, 1, 4, 2, 5, 25928, 0.577758, 0.673329, 0.544323
trial 217, 1, 1, 5, 8, 4, 49362.7, 0.588972, 0.68743, 0.5
trial 218, 1, 1, 2, 1, 4, 52754.7, 0.617191, 0.320618, 0.5
trial 219, 1, 0, 2, 7, 7, 25656, 0.209339, 0.669475, 0.5
trial 220, 1, 0, 5, 7, 5, 17618.7, 0.269123, 0.663862, 0.5
trial 221, 1, 1, 2, 8, 6, 52213.3, 0.293045, 0.659819, 0.569384
trial 222, 1, 1, 0, 5, 1, 35402.7, 0.0559636, 0.378737, 0.297724
trial 223, 1, 1, 8, 1, 0, 6378.67, 0.618789, 0.322417, 0.205117
trial 224, 1, 1, 7, 6, 8, 48389.3, 0.752651, 0.933964, 0.92767
trial 225, 1, 0, 1, 6, 7, 41744, 0.255388, 0.838383, 0.635406
trial 226, 1, 1, 3, 6, 0, 47200, 0.419547, 0.458572, 0.157409
trial 227, 1, 0, 8, 5, 6, 7229.33, 0.867131, 0.611933, 0.5
trial 228, 1, 0, 2, 1, 1, 48792, 0.132477, 0.334101, 0.334084
trial 229, 1, 1, 3, 5, 7, 3688, 0.664252, 0.821687, 0.61289
trial 230, 1, 1, 5, 7, 6, 67096, 0.768459, 0.802544, 0.552327
trial 231, 1, 1, 2, 8, 4, 57714.7, 0.655488, 0.805112, 0.5
trial 232, 1, 1, 2, 7, 4, 27354.7, 0.589078, 0.600608, 0.5
trial 233, 1, 0, 1, 6, 3, 46429.3, 0.115545, 0.512853, 0.35544
trial 234, 1, 0, 4, 2, 1, 53869.3, 0.170683, 0.207585, 0.372772
trial 235, 1, 0, 3, 7, 4, 3661.33, 0.655047, 0.711599, 0.415818
trial 236, 1, 0, 4, 3, 2, 60608, 0.58413, 0.374323, 0.448203
trial 237, 1, 1, 5, 0, 4, 5152, 0.607858, 0.215554, 0.564
trial 238, 1, 1, 6, 1, 5, 32456, 0.674323, 0.296045, 0.5
trial 239, 1, 0, 1, 0, 1, 64173.3, 0.247429, 0.371085, 0.334687
trial 240, 1, 0, 5, 5, 8, 30216, 0.559902, 0.805291, 0.617971
trial 241, 1, 1, 8, 3, 6, 44186.7, 0.88739, 0.663028, 0.529342
trial 242, 1, 1, 0, 4, 5, 25858.7, 0.0507686, 0.480628, 0.5
trial 243, 1, 0, 7, 6, 5, 34552, 0.795489, 0.86615, 0.5
trial 244, 1, 0, 5, 2, 6, 1488, 0.796125, 0.492761, 0.735325
trial 245, 1, 0, 6, 4, 4, 4704, 0.381217, 0.401118, 0.387208
trial 246, 1, 0, 5, 5, 4, 11914.7, 0.343269, 0.606581, 0.5
trial 247, 1, 1, 2, 6, 2, 57840, 0.0130219, 0.613158, 0.322446
trial 248, 1, 0, 5, 3, 7, 18597.3, 0.198507, 0.63906, 0.780139
trial 249, 1, 1, 5, 5, 1, 28874.7, 0.795772, 0.400147, 0.151909
trial 250, 1, 0, 1, 2, 1, 76208, 0.262286, 0.373145, 0.332998
trial 251, 1, 0, 0, 8, 1, 24325.3, 0.0680431, 0.481083, 0.256885
trial 252, 1, 0, 8, 8, 0, 76474.7, 0.686419, 0.391622, 0.240812
trial 253, 1, 1, 4, 1, 6, 28717.3, 0.777667, 0.59468, 0.802698
trial 254, 1, 1, 8, 5, 8, 19421.3, 0.863041, 0.852495, 0.841612
trial 255, 1, 0, 3, 6, 7, 23752, 0.0772877, 0.909434, 0.928125
trial 256, 1, 0, 1, 1, 2, 65106.7, 0.0784407, 0.264919, 0.389509
trial 257, 1, 1, 2, 8, 3, 15624, 0.0800891, 0.60235, 0.460037
trial 258, 1, 0, 7, 8, 8, 11898.7, 0.833808, 0.796006, 0.789535
trial 259, 1, 1, 7, 2, 1, 28368, 0.816386, 0.167924, 0.286279
trial 260, 1, 1, 2, 2, 7, 65330.7, 0.379336, 0.806777, 0.642403
trial 261, 1, 0, 0, 0, 5, 42456, 0.37441, 0.411561, 0.585065
trial 262, 1, 0, 8, 1, 3, 79754.7, 0.68185, 0.397972, 0.557694
trial 263, 1, 0, 4, 5, 7, 25896, 0.697071, 0.702728, 0.733247
trial 264, 1, 0, 5, 1, 4, 54536, 0.699841, 0.380383, 0.623624
trial 265, 1, 1, 0, 1, 1, 74056, 0.243029, 0.304681, 0.516695
trial 266, 1, 1, 0, 7, 8, 43904, 0, 0.999787, 0.607297
trial 267, 1, 0, 0, 6, 5, 56680, 0.24671, 0.690665, 0.5
trial 268, 1, 0, 4, 6, 7, 3056, 0.350881, 0.885241, 0.5
trial 269, 1, 1, 1, 5, 2, 27120, 0.119621, 0.450412, 0.492255
trial 270, 1, 0, 5, 8, 7, 40973.3, 0.699194, 0.760235, 0.628019
trial 271, 1, 0, 8, 2, 6, 70602.7, 0.773747, 0.366619, 0.6974
trial 272, 1, 1, 4, 6, 7, 46240, 0.623687, 0.872991, 0.600322
trial 273, 1, 0, 2, 0, 8, 66162.7, 0.530898, 0.334075, 0.72148
trial 274, 1, 0, 8, 5, 1, 29320, 0.641435, 0.381742, 0.361471
trial 275, 1, 0, 2, 5, 0, 51058.7, 0.312791, 0.426338, 0.15862
trial 276, 1, 1, 1, 7, 1, 43053.3, 0.0624839, 0.427697, 0.237061
trial 277, 1, 0, 3, 4, 1, 74357.3, 0.31229, 0.415212, 0.210387
trial 278, 1, 0, 8, 5, 8, 32642.7, 0.736604, 0.650811, 0.660313
trial 279, 1, 0, 4, 1, 2, 60272, 0.789072, 0.367851, 0.285484
trial 280, 1, 0, 4, 2, 2, 60821.3, 0.694472, 0.392414, 0.289513
trial 281, 1, 0, 5, 4, 3, 68941.3, 0.716514, 0.390723, 0.472884
trial 282, 1, 1, 1, 5, 1, 41282.7, 0.0785209, 0.443588, 0.311347
trial 283, 1, 1, 2, 3, 3, 33077.3, 0.215854, 0.397631, 0.355967
trial 284, 1, 1, 6, 5, 3, 5274.67, 0.391224, 0.674385, 0.392985
trial 285, 1, 0, 5, 7, 2, 5037.33, 0.287319, 0.501341, 0.266759
trial 286, 1, 1, 8, 5, 0, 22472, 0.808738, 0.423542, 0.195615
trial 287, 1, 0, 1, 7, 7, 36962.7, 0.562404, 0.96923, 0.785029
trial 288, 1, 1, 6, 5, 5, 57421.3, 0.690199, 0.704885, 0.5
trial 289, 1, 0, 2, 3, 1, 3466.67, 0.619884, 0.519795, 0.767437
trial 290, 1, 0, 3, 1, 6, 2488, 0.771814, 0.747203, 0.910676
trial 291, 1, 1, 2, 0, 3, 6648, 0.283711, 0.299915, 0.721525
trial 292, 1, 1, 8, 3, 2, 76024, 0.793096, 0.422625, 0.547686
trial 293, 1, 0, 0, 7, 4, 71872, 0.327237, 0.684852, 0.497966
trial 294, 1, 0, 6, 3, 2, 18114.7, 0.571946, 0.335135, 0.243301
trial 295, 1, 1, 8, 4, 3, 69282.7, 0.679017, 0.638147, 0.5
trial 296, 1, 0, 8, 7, 7, 76944, 0.838671, 0.825005, 0.700973
trial 297, 1, 0, 4, 1, 5, 54309.3, 0.640504, 0.659258, 0.661917
trial 298, 1, 0, 0, 1, 6, 54890.7, 0.224031, 0.386672, 0.637654
trial 299, 1, 0, 5, 7, 7, 32016, 0.638419, 0.69492, 0.706831
trial 300, 1, 0, 6, 2, 0, 75733.3, 0.68258, 0.116253, 0.135294
trial 301, 1, 0, 6, 0, 5, 22568, 0.627876, 0.376477, 0.502191
trial 302, 1, 1, 4, 2, 2, 27714.7, 0.618293, 0.420945, 0.521207
trial 303, 1, 1, 3, 6, 5, 13501.3, 0.551336, 0.721471, 0.5
trial 304, 1, 0, 0, 2, 2, 58970.7, 0.228794, 0.495199, 0.403945
trial 305, 1, 1, 0, 1, 7, 1797.33, 0.162821, 0.578275, 0.5
trial 306, 1, 1, 6, 3, 5, 7056, 0.786158, 0.849624, 0.5
trial 307, 1, 1, 1, 2, 7, 21301.3, 0.218897, 0.901722, 0.636535
trial 308, 1, 1, 3, 7, 2, 370.667, 0.301539, 0.482924, 0.5
trial 309, 1, 0, 7, 3, 3, 4645.33, 0.667603, 0.650741, 0.5
trial 310, 1, 0, 8, 3, 4, 55949.3, 0.747778, 0.561735, 0.5
trial 311, 1, 1, 7, 1, 8, 46005.3, 0.708131, 0.659515, 0.629515
trial 312, 1, 0, 5, 1, 2, 53202.7, 0.693501, 0.54643, 0.636537
trial 313, 1, 0, 6, 2, 5, 5272, 0.656799, 0.599582, 0.60629
trial 314, 1, 0, 5, 5, 5, 73605.3, 0.627623, 0.73746, 0.5
trial 315, 1, 0, 8, 6, 3, 66589.3, 0.646765, 0.692473, 0.5
trial 316, 1, 1, 0, 2, 4, 79125.3, 0.240295, 0.363201, 0.533626
trial 317, 1, 1, 5, 4, 7, 70880, 0.58519, 0.594103, 0.607585
trial 318, 1, 1, 7, 8, 3, 66298.7, 0.309783, 0.570775, 0.376079
trial 319, 1, 0, 1, 0, 6, 54005.3, 0.219956, 0.327728, 0.5
trial 320, 1, 0, 1, 3, 1, 43378.7, 0.32512, 0.358124, 0.235399
trial 321, 1, 1, 2, 2, 2, 31264, 0.328595, 0.365703, 0.38522
trial 322, 1, 1, 5, 7, 5, 34856, 0.390542, 0.761778, 0.5
trial 323, 1, 1, 5, 4, 5, 71613.3, 0.609073, 0.429084, 0.5
trial 324, 1, 1, 0, 2, 6, 9082.67, 0.365621, 0.373001, 0.5
trial 325, 1, 1, 5, 6, 4, 59762.7, 0.392764, 0.388509, 0.5
trial 326, 1, 1, 6, 7, 4, 2165.33, 0.610274, 0.463244, 0.5
trial 327, 1, 1, 4, 0, 8, 63834.7, 0.571363, 0.352784, 0.663472
trial 328, 1, 0, 2, 5, 4, 33189.3, 0.210901, 0.631627, 0.5
trial 329, 1, 0, 4, 4, 1, 47389.3, 0.32463, 0.422715, 0.333369
trial 330, 1, 1, 1, 6, 2, 50248, 0.250415, 0.461747, 0.316318
trial 331, 1, 0, 4, 1, 6, 26416, 0.609898, 0.470027, 0.5
trial 332, 1, 1, 3, 0, 5, 31712, 0.606452, 0.355791, 0.515804
trial 333, 1, 1, 1, 4, 2, 40744, 0.169853, 0.3738, 0.392336
trial 334, 1, 0, 3, 1, 0, 42824, 0.278444, 0.397892, 0.226063
trial 335, 1, 0, 6, 2, 6, 1373.33, 0.587046, 0.487006, 0.5
trial 336, 1, 1, 7, 8, 5, 35949.3, 0.80532, 0.675342, 0.5
trial 337, 1, 1, 3, 4, 5, 33429.3, 0.653946, 0.67523, 0.5
trial 338, 1, 0, 7, 2, 3, 75906.7, 0.645668, 0.290635, 0.5
trial 339, 1, 0, 4, 8, 3, 46464, 0.630323, 0.456025, 0.305787
trial 340, 1, 1, 4, 5, 1, 4861.33, 0.587126, 0.50312, 0.270967
trial 341, 1, 1, 4, 7, 7, 3237.33, 0.414782, 0.644053, 0.5
trial 342, 1, 0, 5, 4, 4, 41890.7, 0.421924, 0.534041, 0.350359
trial 343, 1, 1, 6, 4, 4, 4805.33, 0.603693, 0.404501, 0.5
trial 344, 1, 1, 7, 8, 6, 76501.3, 0.614738, 0.641294, 0.5
trial 345, 1, 1, 6, 5, 0, 71586.7, 0.359025, 0.539916, 0.266591
trial 346, 1, 0, 2, 4, 5, 32938.7, 0.271732, 0.372981, 0.445292
trial 347, 1, 0, 1, 0, 5, 48320, 0.337445, 0.397222, 0.592298
trial 348, 1, 0, 1, 0, 7, 31909.3, 0.211499, 0.719713, 0.762565
trial 349, 1, 1, 3, 0, 1, 13600, 0.282452, 0.430291, 0.332472
trial 350, 1, 1, 8, 8, 1, 40586.7, 0.790005, 0.41628, 0.179463
trial 351, 1, 1, 1, 4, 7, 71645.3, 0.398477, 0.757383, 0.814211
trial 352, 1, 0, 4, 1, 4, 79912, 0.649858, 0.409873, 0.5
trial 353, 1, 0, 2, 0, 0, 71554.7, 0.418499, 0.192239, 0.383701
trial 354, 1, 1, 8, 4, 7, 5850.67, 0.896575, 0.864845, 0.741965
trial 355, 1, 0, 5, 3, 6, 15482.7, 0.634777, 0.696048, 0.679263
trial 356, 1, 1, 8, 3, 8, 17285.3, 0.769859, 0.790326, 0.682877
trial 357, 1, 1, 6, 0, 4, 6117.33, 0.865087, 0.381889, 0.399044
trial 358, 1, 1, 2, 6, 8, 34360, 0.319063, 0.905107, 0.630503
trial 359, 1, 0, 6, 8, 7, 71714.7, 0.675004, 0.755499, 0.635728
trial 360, 1, 0, 4, 6, 1, 77101.3, 0.72865, 0.480592, 0.315918
trial 361, 1, 1, 2, 7, 7, 44360, 0.44421, 0.825364, 0.5
trial 362, 1, 0, 2, 0, 7, 77346.7, 0.245974, 0.270492, 0.335756
trial 363, 1, 1, 3, 7, 6, 8589.33, 0.390374, 0.871178, 0.5
trial 364, 1, 1, 5, 3, 3, 20368, 0.653714, 0.391108, 0.398351
trial 365, 1, 1, 6, 8, 1, 51696, 0.61674, 0.410138, 0.294715
trial 366, 1, 1, 0, 7, 2, 44448, 0.224925, 0.614254, 0.315831
trial 367, 1, 0, 5, 2, 0, 17936, 0.370346, 0.380023, 0.5
trial 368, 1, 1, 5, 0, 3, 42149.3, 0.636012, 0.287875, 0.5
trial 369, 1, 0, 7, 6, 2, 70098.7, 0.908452, 0.353921, 0.580462
trial 370, 1, 0, 7, 1, 0, 77498.7, 0.654949, 0.214529, 0.5
trial 371, 1, 1, 1, 6, 6, 69050.7, 0.0474682, 0.77739, 0.5
trial 372, 1, 1, 1, 5, 7, 70741.3, 0.222106, 0.876338, 0.703844
trial 373, 1, 1, 3, 4, 8, 28797.3, 0.585086, 0.833915, 0.716083
trial 374, 1, 1, 8, 8, 4, 14954.7, 0.771085, 0.765048, 0.405757
trial 375, 1, 0, 5, 2, 3, 3888, 0.428874, 0.423324, 0.436505
trial 376, 1, 1, 8, 4, 8, 53250.7, 0.689557, 0.877091, 0.668546
trial 377, 1, 0, 8, 1, 2, 48381.3, 0.659574, 0.404537, 0.362785
trial 378, 1, 1, 0, 6, 4, 52896, 0.0691582, 0.560781, 0.5
trial 379, 1, 1, 7, 0, 7, 39738.7, 0.394403, 0.430445, 0.5
trial 380, 1, 1, 5, 8, 5, 8917.33, 0.589363, 0.590262, 0.5
trial 381, 1, 1, 0, 5, 4, 33317.3, 0.203004, 0.491613, 0.419629
trial 382, 1, 1, 1, 7, 8, 54842.7, 0.313845, 0.581791, 0.617885
trial 383, 1, 0, 8, 1, 7, 29040, 0.744843, 0.38092, 0.709285
trial 384, 1, 0, 5, 1, 7, 3333.33, 0.652063, 0.427334, 0.645378
trial 385, 1, 1, 1, 6, 1, 48034.7, 0.421787, 0.388023, 0.319007
trial 386, 1, 1, 7, 1, 4, 48973.3, 0.743842, 0.391334, 0.589
trial 387, 1, 0, 1, 1, 3, 7093.33, 0.176705, 0.42343, 0.398633
trial 388, 1, 1, 5, 6, 5, 304, 0.787109, 0.497019, 0.5
trial 389, 1, 1, 6, 3, 0, 40917.3, 0.811438, 0.375159, 0.321197
trial 390, 1, 0, 2, 3, 4, 5352, 0.354209, 0.49263, 0.5
trial 391, 1, 0, 7, 2, 7, 47589.3, 0.652534, 0.593935, 0.665076
trial 392, 1, 0, 1, 3, 3, 19629.3, 0.325879, 0.5075, 0.442767
trial 393, 1, 0, 5, 4, 6, 7352, 0.61338, 0.611785, 0.5
trial 394, 1, 0, 7, 2, 1, 55946.7, 0.645435, 0.427189, 0.306662
trial 395, 1, 0, 8, 6, 8, 6085.33, 0.877855, 0.930494, 0.888755
trial 396, 1, 1, 1, 4, 8, 68786.7, 0.608983, 0.808885, 0.621392
trial 397, 1, 1, 6, 3, 2, 1333.33, 0.616565, 0.512433, 0.297018
trial 398, 1, 0, 1, 0, 0, 30168, 0.137063, 0.170042, 0.297094
trial 399, 1, 1, 3, 0, 4, 70106.7, 0.369195, 0.588836, 0.5
trial 400, 1, 1, 7, 5, 1, 30138.7, 0.323021, 0.449745, 0.316478
trial 401, 1, 0, 1, 2, 2, 58357.3, 0.328602, 0.420212, 0.246806
trial 402, 1, 0, 3, 1, 8, 36016, 0.252464, 0.492946, 0.594313
trial 403, 1, 0, 5, 0, 4, 50218.7, 0.353693, 0.482421, 0.40165
trial 404, 1, 1, 6, 0, 5, 20725.3, 0.742209, 0.551258, 0.552126
trial 405, 1, 1, 7, 0, 5, 21557.3, 0.732144, 0.462202, 0.593695
trial 406, 1, 0, 5, 3, 2, 56800, 0.658362, 0.51237, 0.372941
trial 407, 1, 1, 4, 7, 3, 57072, 0.243586, 0.49519, 0.413342
trial 408, 1, 0, 3, 7, 3, 71560, 0.293648, 0.568778, 0.431534
trial 409, 1, 1, 2, 7, 3, 22506.7, 0.388683, 0.478803, 0.363434
trial 410, 1, 0, 2, 4, 2, 3256, 0.236927, 0.417698, 0.391893
trial 411, 1, 0, 4, 0, 7, 63074.7, 0.184793, 0.332217, 0.681403
trial 412, 1, 0, 5, 0, 0, 76376, 0.0682555, 0.0776321, 0.34538
trial 413, 1, 0, 4, 6, 0, 50005.3, 0.162993, 0.429333, 0.207405
trial 414, 1, 0, 4, 3, 1, 3242.67, 0.130081, 0.356851, 0.381601
trial 415, 1, 1, 6, 7, 2, 74200, 0.384428, 0.390277, 0.465057
trial 416, 1, 0, 1, 6, 5, 45429.3, 0.254209, 0.4217, 0.51182
trial 417, 1, 0, 4, 2, 0, 33173.3, 0.133722, 0.389876, 0.422586
trial 418, 1, 0, 2, 7, 1, 59229.3, 0.171319, 0.389112, 0.362218
trial 419, 1, 0, 6, 3, 1, 36440, 0.379005, 0.382964, 0.5
trial 420, 1, 1, 6, 3, 3, 71584, 0.752881, 0.469671, 0.5
trial 421, 1, 0, 1, 1, 4, 75496, 0.33091, 0.417162, 0.5
trial 422, 1, 0, 5, 1, 3, 40130.7, 0.25925, 0.423457, 0.363433
trial 423, 1, 0, 8, 0, 4, 49773.3, 0.742398, 0.417613, 0.365226
trial 424, 1, 0, 6, 6, 7, 76824, 0.744015, 0.867383, 0.561941
trial 425, 1, 0, 0, 7, 2, 66256, 0.282532, 0.466202, 0.448881
trial 426, 1, 1, 6, 0, 2, 57256, 0.403626, 0.244877, 0.434315
trial 427, 1, 1, 2, 5, 1, 60232, 0.156369, 0.428429, 0.522729
trial 428, 1, 0, 5, 1, 5, 68114.7, 0.814679, 0.41025, 0.5
trial 429, 1, 0, 4, 7, 1, 31714.7, 0.170419, 0.438826, 0.336047
trial 430, 1, 0, 8, 0, 7, 42421.3, 0.683626, 0.37567, 0.636467
trial 431, 1, 0, 3, 1, 3, 6474.67, 0.298516, 0.381321, 0.497142
trial 432, 1, 0, 7, 0, 2, 51458.7, 0.332259, 0.450246, 0.432044
trial 433, 1, 1, 4, 0, 0, 36176, 0.429867, 0.246658, 0.416771
trial 434, 1, 0, 1, 7, 4, 16728, 0.230115, 0.651185, 0.5
trial 435, 1, 1, 1, 2, 3, 18557.3, 0.29433, 0.413171, 0.487358
trial 436, 1, 0, 0, 4, 1, 32165.3, 0.324965, 0.36866, 0.427228
trial 437, 1, 0, 2, 1, 5, 49610.7, 0.211118, 0.333302, 0.5
trial 438, 1, 1, 2, 1, 6, 11373.3, 0.623726, 0.513991, 0.5
trial 439, 1, 0, 7, 5, 8, 49584, 0.765559, 0.513645, 0.618712
trial 440, 1, 1, 8, 0, 3, 11365.3, 0.714805, 0.404113, 0.548241
trial 441, 1, 1, 1, 3, 1, 36922.7, 0.316663, 0.360331, 0.391689
trial 442, 1, 0, 7, 2, 2, 35368, 0.877818, 0.347065, 0.456256
trial 443, 1, 1, 3, 5, 6, 3845.33, 0.406211, 0.482827, 0.5
trial 444, 1, 0, 0, 3, 0, 8405.33, 0.315703, 0.421206, 0.380573
trial 445, 1, 1, 0, 5, 0, 2677.33, 0.160632, 0.403623, 0.237386
trial 446, 1, 1, 0, 8, 4, 3144, 0.432325, 0.504679, 0.5
trial 447, 1, 0, 1, 0, 2, 71421.3, 0.375284, 0.33182, 0.5
trial 448, 1, 1, 7, 6, 5, 67597.3, 0.889165, 0.504563, 0.5
trial 449, 1, 0, 1, 4, 8, 41197.3, 0.126107, 0.497469, 0.5
trial 450, 1, 1, 3, 1, 3, 1493.33, 0.394185, 0.509626, 0.5
trial 451, 1, 0, 8, 3, 2, 23538.7, 0.847889, 0.442528, 0.392058
trial 452, 1, 0, 5, 6, 4, 46546.7, 0.817531, 0.503528, 0.426674
trial 453, 1, 0, 5, 5, 3, 43698.7, 0.659901, 0.442583, 0.5
trial 454, 1, 0, 4, 8, 0, 79128, 0.62142, 0.494251, 0.197987
trial 455, 1, 0, 1, 5, 6, 47848, 0.0722638, 0.490117, 0.5
trial 456, 1, 1, 0, 2, 5, 25184, 0.0957042, 0.500537, 0.459406
trial 457, 1, 1, 5, 1, 3, 35106.7, 0.638863, 0.365873, 0.5
trial 458, 1, 0, 3, 2, 4, 1117.33, 0.635729, 0.435716, 0.5
trial 459, 1, 1, 1, 3, 0, 57826.7, 0.408618, 0.377026, 0.200261
trial 460, 1, 0, 8, 0, 8, 34525.3, 0.841327, 0.454726, 0.819612
trial 461, 1, 0, 4, 5, 3, 5901.33, 0.641214, 0.451746, 0.5
trial 462, 1, 0, 8, 8, 4, 4693.33, 0.629004, 0.46169, 0.5
trial 463, 1, 0, 4, 1, 3, 63573.3, 0.600271, 0.424775, 0.410169
trial 464, 1, 0, 2, 6, 2, 4893.33, 0.295957, 0.402991, 0.401285
trial 465, 1, 1, 0, 5, 6, 4498.67, 0.033257, 0.697658, 0.5
trial 466, 1, 1, 6, 2, 2, 67946.7, 0.713079, 0.415033, 0.442385
trial 467, 1, 0, 4, 5, 2, 2469.33, 0.640725, 0.47206, 0.323671
trial 468, 1, 1, 0, 3, 6, 74181.3, 0.138257, 0.516145, 0.5
trial 469, 1, 0, 1, 7, 6, 39488, 0.086675, 0.624625, 0.5
trial 470, 1, 0, 7, 7, 0, 71885.3, 0.775332, 0.423267, 0.136521
trial 471, 1, 1, 0, 4, 4, 5600, 0.211583, 0.456133, 0.505523
trial 472, 1, 0, 4, 8, 6, 45290.7, 0.646771, 0.591534, 0.5
trial 473, 1, 1, 8, 2, 6, 27760, 0.738171, 0.504069, 0.6818
trial 474, 1, 1, 1, 2, 6, 63442.7, 0.313406, 0.563285, 0.5
trial 475, 1, 1, 1, 6, 5, 13738.7, 0.365119, 0.489334, 0.5
trial 476, 1, 0, 8, 5, 0, 2469.33, 0.621578, 0.524687, 0.232839
trial 477, 1, 1, 1, 8, 2, 6162.67, 0.399198, 0.491897, 0.402621
trial 478, 1, 1, 3, 4, 6, 2546.67, 0.352892, 0.480857, 0.5
trial 479, 1, 1, 4, 5, 0, 13914.7, 0.414517, 0.438956, 0.232892
trial 480, 1, 0, 0, 2, 7, 42512, 0.359722, 0.406288, 0.5
trial 481, 1, 0, 4, 4, 3, 77032, 0.419518, 0.497447, 0.5
trial 482, 1, 1, 4, 4, 7, 13546.7, 0.705562, 0.658133, 0.586747
trial 483, 1, 1, 0, 8, 8, 24733.3, 0.19357, 0.912902, 0.749046
trial 484, 1, 1, 2, 4, 1, 50040, 0.267145, 0.374512, 0.292032
trial 485, 1, 0, 8, 8, 7, 73992, 0.905154, 0.5, 0.5
trial 486, 1, 0, 7, 4, 8, 79685.3, 0.878439, 0.834838, 0.796629
trial 487, 1, 0, 0, 2, 1, 19136, 0.241082, 0.260225, 0.370858
trial 488, 1, 1, 4, 8, 3, 7285.33, 0.372571, 0.811616, 0.471333
trial 489, 1, 1, 7, 8, 1, 41952, 0.656332, 0.451402, 0.24862
trial 490, 1, 0, 5, 4, 7, 13392, 0.873024, 0.879731, 0.743892
trial 491, 1, 0, 3, 6, 4, 23810.7, 0.669788, 0.826456, 0.5
trial 492, 1, 1, 5, 2, 1, 4573.33, 0.659994, 0.312126, 0.438044
trial 493, 1, 1, 0, 4, 7, 6666.67, 0.216793, 0.89705, 0.777476
trial 494, 1, 1, 5, 0, 5, 17784, 0.830359, 0.334189, 0.803301
trial 495, 1, 0, 3, 6, 0, 13386.7, 0.639944, 0.35162, 0.347944
trial 496, 1, 1, 8, 4, 0, 78240, 0.867563, 0.226475, 0.331989
trial 497, 1, 1, 2, 5, 6, 41146.7, 0.648406, 0.89568, 0.882738
trial 498, 1, 1, 4, 4, 1, 61024, 0.807879, 0.279798, 0.513998
trial 499, 1, 1, 6, 6, 5, 33210.7, 0.627003, 0.808226, 0.5
trial 500, 1, 1, 1, 6, 0, 3912, 0.591881, 0.320714, 0.0649887
trial 501, 1, 1, 2, 1, 8, 33826.7, 0.602608, 0.783912, 0.991103
trial 502, 1, 1, 8, 1, 7, 48880, 0.806684, 0.394702, 0.962749
trial 503, 1, 1, 6, 5, 7, 3053.33, 0.925384, 0.45537, 0.975688
trial 504, 1, 1, 3, 0, 7, 3498.67, 0.707362, 0.258271, 0.95322
trial 505, 1, 0, 0, 3, 8, 68605.3, 0.0551658, 0.722618, 0.782603
trial 506, 1, 0, 7, 5, 2, 40101.3, 0.336364, 0.518836, 0.396924
trial 507, 1, 1, 6, 2, 1, 27229.3, 0.806786, 0.392092, 0.233087
trial 508, 1, 0, 3, 1, 7, 16650.7, 0.647248, 0.450225, 0.950738
trial 509, 1, 1, 7, 7, 3, 26906.7, 0.57839, 0.746919, 0.5
trial 510, 1, 0, 4, 0, 6, 23306.7, 0.513867, 0.428359, 0.924625
trial 511, 1, 1, 8, 6, 6, 18005.3, 0.664803, 0.915241, 0.5
trial 512, 1, 1, 8, 5, 4, 17728, 0.709019, 0.865317, 0.5
trial 513, 1, 1, 0, 3, 1, 39005.3, 0.124184, 0.340914, 0.5
trial 514, 1, 1, 1, 8, 0, 16242.7, 0.096612, 0.385938, 0.252025
trial 515, 1, 0, 3, 5, 7, 43149.3, 0.1481, 0.840251, 0.748075
trial 516, 1, 0, 1, 6, 1, 70408, 0.249103, 0.508529, 0.410648
trial 517, 1, 1, 2, 5, 0, 43192, 0.19512, 0.437871, 0.201
trial 518, 1, 1, 8, 2, 7, 23677.3, 0.91043, 0.753443, 0.950667
trial 519, 1, 0, 1, 3, 6, 27002.7, 0.128823, 0.760799, 0.732458
trial 520, 1, 1, 4, 3, 4, 73861.3, 0.717132, 0.909548, 0.495823
trial 521, 1, 1, 7, 2, 6, 5896, 0.661501, 0.796052, 0.536574
trial 522, 1, 1, 2, 2, 3, 17336, 0.635496, 0.433224, 0.591166
trial 523, 1, 0, 4, 0, 5, 11781.3, 0.671259, 0.3521, 0.676552
trial 524, 1, 0, 2, 8, 8, 25536, 0.164486, 0.786635, 0.668236
trial 525, 1, 1, 7, 6, 4, 4776, 0.649719, 0.812862, 0.5
trial 526, 1, 1, 3, 0, 3, 18914.7, 0.696029, 0.330597, 0.648587
trial 527, 1, 1, 4, 3, 2, 38397.3, 0.62558, 0.413416, 0.497507
trial 528, 1, 1, 1, 5, 6, 5002.67, 0.164631, 0.750792, 0.5
trial 529, 1, 0, 1, 1, 1, 2469.33, 0.09818, 0.226773, 0.321018
trial 530, 1, 1, 0, 6, 3, 8461.33, 0.0645316, 0.684865, 0.5
trial 531, 1, 0, 5, 7, 0, 41546.7, 0.0910341, 0.374009, 0.173891
trial 532, 1, 0, 4, 0, 0, 7066.67, 0.594948, 0.107214, 0.162471
trial 533, 1, 0, 7, 8, 0, 24064, 0.433046, 0.391245, 0.10814
trial 534, 1, 1, 3, 6, 2, 9885.33, 0.609587, 0.826792, 0.5
trial 535, 1, 1, 0, 6, 8, 43416, 0.244529, 0.831986, 0.625471
trial 536, 1, 0, 7, 0, 3, 72474.7, 0.668149, 0.219313, 0.360507
trial 537, 1, 0, 2, 3, 0, 17485.3, 0.272726, 0.369462, 0.202234
trial 538, 1, 0, 1, 6, 2, 33842.7, 0.379191, 0.325938, 0.304596
trial 539, 1, 0, 8, 7, 1, 42850.7, 0.763108, 0.43531, 0.273491
trial 540, 1, 1, 4, 7, 2, 15930.7, 0.660783, 0.568101, 0.409545
trial 541, 1, 0, 3, 2, 5, 59418.7, 0.678789, 0.512238, 0.621676
trial 542, 1, 0, 4, 6, 6, 61874.7, 0.768587, 0.648919, 0.568356
trial 543, 1, 0, 6, 0, 6, 43154.7, 0.790988, 0.388778, 0.791137
trial 544, 1, 1, 0, 1, 6, 31144, 0.0945586, 0.42016, 0.633796
trial 545, 1, 0, 2, 4, 7, 62312, 0.0600014, 0.714692, 0.707808
trial 546, 1, 1, 0, 8, 5, 30890.7, 0.0939508, 0.87921, 0.5
trial 547, 1, 1, 8, 6, 5, 40560, 0.842306, 0.755269, 0.462207
trial 548, 1, 1, 3, 1, 4, 1698.67, 0.820917, 0.374732, 0.602109
trial 549, 1, 0, 7, 1, 1, 64250.7, 0.823876, 0.317118, 0.439764
trial 550, 1, 1, 5, 1, 5, 4658.67, 0.752372, 0.76227, 0.594847
trial 551, 1, 1, 7, 5, 0, 28173.3, 0.678692, 0.375973, 0.117762
trial 552, 1, 1, 1, 4, 6, 11306.7, 0.671981, 0.762251, 0.605005
trial 553, 1, 0, 3, 1, 1, 11466.7, 0.161939, 0.359024, 0.60465
trial 554, 1, 0, 7, 6, 4, 54192, 0.739259, 0.560333, 0.5
trial 555, 1, 0, 4, 3, 3, 5834.67, 0.586505, 0.384949, 0.5
trial 556, 1, 1, 7, 6, 7, 12282.7, 0.774371, 0.782324, 0.643753
trial 557, 1, 1, 7, 5, 6, 413.333, 0.811151, 0.8007, 0.69284
trial 558, 1, 1, 6, 6, 1, 3010.67, 0.803302, 0.437981, 0.362974
trial 559, 1, 0, 8, 1, 4, 55250.7, 0.735564, 0.345598, 0.413447
trial 560, 1, 0, 3, 3, 3, 72098.7, 0.723979, 0.393028, 0.472116
trial 561, 1, 0, 6, 8, 3, 192, 0.811211, 0.653118, 0.5
trial 562, 1, 0, 2, 0, 6, 58570.7, 0.075986, 0.367213, 0.58732
trial 563, 1, 0, 5, 6, 2, 17605.3, 0.25521, 0.390614, 0.5
trial 564, 1, 0, 7, 5, 7, 26269.3, 0.671648, 0.436912, 0.678525
trial 565, 1, 1, 1, 0, 3, 63920, 0.522138, 0.3973, 0.548638
trial 566, 1, 0, 2, 7, 3, 709.333, 0.166988, 0.82938, 0.5
trial 567, 1, 0, 5, 2, 5, 21957.3, 0.344593, 0.778368, 0.5
trial 568, 1, 0, 2, 7, 0, 73245.3, 0.167719, 0.665616, 0.377469
trial 569, 1, 0, 7, 0, 1, 35216, 0.646963, 0.229302, 0.41119
trial 570, 1, 1, 3, 8, 4, 12397.3, 0.5724, 0.868149, 0.5
trial 571, 1, 1, 4, 3, 0, 4154.67, 0.517186, 0.416159, 0.5
trial 572, 1, 0, 6, 8, 8, 13568, 0.910122, 0.829549, 0.831522
trial 573, 1, 1, 1, 6, 7, 7312, 0.180106, 0.909256, 0.668575
trial 574, 1, 0, 3, 4, 4, 8848, 0.547371, 0.751514, 0.518416
trial 575, 1, 1, 3, 5, 3, 71626.7, 0.308308, 0.615787, 0.5
trial 576, 1, 1, 8, 0, 8, 56949.3, 0.965477, 0.251839, 0.904916
trial 577, 1, 1, 2, 3, 5, 38285.3, 0.641056, 0.786272, 0.5
trial 578, 1, 1, 1, 2, 0, 68834.7, 0.0900855, 0.44313, 0.247336
trial 579, 1, 0, 5, 1, 8, 43197.3, 0.800403, 0.405562, 0.940387
trial 580, 1, 1, 4, 7, 4, 60477.3, 0.5, 0.519514, 0.5
trial 581, 1, 1, 4, 6, 0, 1965.33, 0.294415, 0.41814, 0.194095
trial 582, 1, 1, 7, 8, 8, 67346.7, 0.88797, 0.825619, 0.773425
trial 583, 1, 0, 0, 5, 3, 71269.3, 0.189131, 0.383684, 0.24756
trial 584, 1, 0, 3, 4, 0, 885.333, 0.138739, 0.397721, 0.379168
trial 585, 1, 1, 8, 2, 1, 49389.3, 0.934684, 0.259027, 0.417158
trial 586, 1, 0, 6, 4, 1, 71128, 0.643561, 0.273367, 0.44194
trial 587, 1, 0, 3, 5, 6, 57488, 0.111453, 0.783614, 0.590577
trial 588, 1, 1, 0, 5, 2, 17341.3, 0.157891, 0.412492, 0.339683
trial 589, 1, 0, 3, 3, 4, 5930.67, 0.262331, 0.575492, 0.5
trial 590, 1, 1, 8, 2, 3, 76506.7, 0.667649, 0.381882, 0.419361
trial 591, 1, 0, 0, 6, 2, 5093.33, 0.220267, 0.462913, 0.371738
trial 592, 1, 0, 3, 1, 5, 42981.3, 0.127859, 0.342966, 0.44406
trial 593, 1, 0, 3, 7, 8, 72376, 0.300039, 0.866449, 0.729796
trial 594, 1, 0, 7, 7, 6, 7240, 0.842956, 0.922063, 0.818801
trial 595, 1, 0, 0, 8, 8, 12242.7, 0.181744, 0.834621, 0.646764
trial 596, 1, 1, 5, 0, 6, 55098.7, 0.597353, 0.321333, 0.60992
trial 597, 1, 0, 2, 7, 8, 46754.7, 0.226199, 0.787565, 0.635473
trial 598, 1, 0, 1, 5, 3, 41853.3, 0.204583, 0.609979, 0.5
trial 599, 1, 1, 4, 5, 8, 53794.7, 0.604988, 0.644484, 0.5
trial 600, 1, 0, 7, 6, 1, 14709.3, 0.501834, 0.348725, 0.268804
trial 601, 1, 1, 7, 0, 6, 7301.33, 0.847231, 0.345282, 0.676885
trial 602, 1, 1, 0, 3, 2, 75480, 0.165242, 0.365069, 0.363024
trial 603, 1, 0, 4, 2, 7, 1365.33, 0.896797, 0.69554, 0.696686
trial 604, 1, 0, 8, 3, 5, 15624, 0.894677, 0.504698, 0.57415
trial 605, 1, 0, 4, 2, 6, 37389.3, 0.412319, 0.379335, 0.5
trial 606, 1, 0, 1, 2, 7, 70752, 0.340412, 0.470067, 0.739669
trial 607, 1, 1, 3, 1, 5, 64749.3, 0.676408, 0.536621, 0.802156
trial 608, 1, 0, 8, 1, 6, 22778.7, 0.5, 0.5, 0.5
trial 609, 1, 0, 3, 3, 5, 31074.7, 0.211713, 0.857292, 0.5
trial 610, 1, 1, 0, 4, 8, 35141.3, 0.12699, 0.864529, 0.776805
trial 611, 1, 0, 4, 8, 4, 58122.7, 0.175404, 0.854166, 0.5
trial 612, 1, 1, 8, 1, 5, 1650.67, 0.912364, 0.407194, 0.624219
trial 613, 1, 1, 7, 3, 1, 1706.67, 0.71106, 0.390412, 0.294844
trial 614, 1, 1, 1, 1, 5, 8181.33, 0.399666, 0.340705, 0.498009
trial 615, 1, 0, 1, 7, 3, 10400, 0.0456851, 0.768758, 0.434304
trial 616, 1, 0, 8, 1, 0, 45288, 0.860241, 0.416562, 0.381398
trial 617, 1, 0, 3, 3, 7, 933.333, 0.100834, 0.437747, 0.637553
trial 618, 1, 0, 7, 0, 7, 51045.3, 0.226468, 0.391948, 0.892345
trial 619, 1, 1, 7, 4, 3, 9141.33, 0.752759, 0.672748, 0.5
trial 620, 1, 0, 2, 7, 2, 72672, 0.279088, 0.502535, 0.416209
trial 621, 1, 1, 5, 1, 2, 19085.3, 0.677589, 0.406987, 0.5
trial 622, 1, 0, 1, 0, 4, 65325.3, 0.663449, 0.348918, 0.699367
trial 623, 1, 0, 4, 3, 5, 76701.3, 0.35809, 0.590209, 0.5
trial 624, 1, 0, 0, 4, 3, 52320, 0.189679, 0.68521, 0.5
trial 625, 1, 1, 4, 8, 6, 5632, 0.719381, 0.826022, 0.567746
trial 626, 1, 1, 5, 2, 8, 71296, 0.680213, 0.798895, 0.585498
trial 627, 1, 1, 1, 4, 4, 60042.7, 0.0867367, 0.673479, 0.5
trial 628, 1, 1, 7, 4, 5, 19578.7, 0.695374, 0.407255, 0.5
trial 629, 1, 0, 3, 2, 7, 14864, 0.764292, 0.524051, 0.574498
trial 630, 1, 1, 3, 0, 2, 60120, 0.773491, 0.342376, 0.638287
trial 631, 1, 1, 0, 4, 6, 31405.3, 0.183127, 0.403467, 0.545842
trial 632, 1, 0, 2, 5, 6, 36909.3, 0.248065, 0.733976, 0.5
trial 633, 1, 0, 1, 4, 2, 72189.3, 0.119291, 0.365201, 0.536994
trial 634, 1, 0, 2, 0, 3, 63821.3, 0.15403, 0.354029, 0.5
trial 635, 1, 0, 8, 7, 8, 54037.3, 0.898261, 0.947433, 0.983258
trial 636, 1, 1, 4, 2, 3, 5602.67, 0.616007, 0.353005, 0.5
trial 637, 1, 0, 5, 8, 3, 3170.67, 0.786421, 0.786633, 0.5
trial 638, 1, 1, 1, 0, 4, 30570.7, 0.690149, 0.595283, 0.650363
trial 639, 1, 0, 6, 5, 6, 50042.7, 0.849565, 0.878138, 0.638507
trial 640, 1, 1, 6, 1, 2, 58645.3, 0.888201, 0.2871, 0.46546
trial 641, 1, 0, 2, 2, 7, 1528, 0.135203, 0.736324, 0.698541
trial 642, 1, 1, 5, 4, 3, 35941.3, 0.188313, 0.692053, 0.504597
trial 643, 1, 1, 7, 6, 0, 40322.7, 0.758371, 0.458222, 0.243806
trial 644, 1, 1, 7, 0, 1, 52666.7, 0.777231, 0.157545, 0.437941
trial 645, 1, 1, 7, 1, 2, 39485.3, 0.766581, 0.342133, 0.658222
trial 646, 1, 1, 6, 2, 7, 57922.7, 0.838344, 0.751236, 0.603028
trial 647, 1, 0, 2, 2, 3, 11544, 0.143147, 0.436257, 0.587078
trial 648, 1, 0, 4, 7, 0, 50720, 0.215953, 0.411847, 0.404337
trial 649, 1, 1, 8, 0, 5, 21509.3, 0.816291, 0.17417, 0.646562
trial 650, 1, 1, 1, 1, 0, 39474.7, 0.846709, 0.204277, 0.366078
trial 651, 1, 0, 0, 8, 3, 4520, 0.692094, 0.77616, 0.554194
trial 652, 1, 0, 5, 7, 8, 19085.3, 0.611427, 0.883937, 0.56484
trial 653, 1, 1, 3, 6, 6, 42066.7, 0.410165, 0.853398, 0.5
trial 654, 1, 1, 6, 8, 2, 59194.7, 0.667705, 0.386471, 0.475888
trial 655, 1, 0, 7, 5, 4, 2024, 0.758924, 0.637724, 0.5
trial 656, 1, 1, 6, 1, 1, 32389.3, 0.705082, 0.299473, 0.562182
trial 657, 1, 0, 8, 0, 0, 24578.7, 0.806498, 0.202258, 0.456402
trial 658, 1, 0, 0, 8, 2, 27709.3, 0.172263, 0.633478, 0.413706
trial 659, 1, 1, 7, 3, 4, 72677.3, 0.752968, 0.706123, 0.544865
trial 660, 1, 0, 6, 1, 6, 6362.67, 0.645576, 0.367943, 0.563212
trial 661, 1, 1, 4, 1, 5, 73112, 0.65673, 0.365839, 0.5
trial 662, 1, 0, 3, 0, 5, 6589.33, 0.337485, 0.368373, 0.607319
trial 663, 1, 0, 2, 5, 7, 31402.7, 0.0339342, 0.817433, 0.546811
trial 664, 1, 0, 1, 7, 2, 37445.3, 0.0981415, 0.594117, 0.44861
trial 665, 1, 0, 6, 5, 0, 2280, 0.374269, 0.434619, 0.255467
trial 666, 1, 0, 5, 1, 1, 55573.3, 0.628709, 0.367916, 0.5
trial 667, 1, 1, 3, 5, 5, 71954.7, 0.402868, 0.730581, 0.530165
trial 668, 1, 0, 3, 5, 2, 517.333, 0.397924, 0.389715, 0.439711
trial 669, 1, 0, 2, 8, 1, 54496, 0.324162, 0.425752, 0.366402
trial 670, 1, 1, 7, 2, 2, 15786.7, 0.827801, 0.399606, 0.454314
trial 671, 1, 1, 3, 6, 1, 1912, 0.860815, 0.586575, 0.351009
trial 672, 1, 1, 4, 8, 2, 78872, 0.72794, 0.647685, 0.401465
trial 673, 1, 0, 8, 2, 2, 7365.33, 0.808694, 0.395378, 0.636553
trial 674, 1, 1, 3, 4, 3, 35514.7, 0.729665, 0.340585, 0.5
trial 675, 1, 0, 7, 0, 8, 42277.3, 0.915284, 0.27742, 0.661911
trial 676, 1, 0, 2, 2, 2, 34082.7, 0.254853, 0.296876, 0.63802
trial 677, 1, 1, 5, 3, 2, 46136, 0.758006, 0.31755, 0.578293
trial 678, 1, 0, 3, 2, 8, 77906.7, 0.68826, 0.437849, 0.581526
trial 679, 1, 1, 7, 4, 0, 9442.67, 0.566779, 0.392571, 0.5
trial 680, 1, 0, 7, 4, 3, 77093.3, 0.658012, 0.443664, 0.5
trial 681, 1, 1, 3, 2, 6, 77840, 0.598757, 0.442625, 0.615981
trial 682, 1, 0, 0, 3, 2, 77165.3, 0.270908, 0.429513, 0.529935
trial 683, 1, 0, 7, 7, 1, 70960, 0.591325, 0.40082, 0.403437
trial 684, 1, 0, 8, 3, 3, 5877.33, 0.817707, 0.434657, 0.306691
trial 685, 1, 1, 7, 1, 7, 77037.3, 0.729934, 0.443708, 0.625363
trial 686, 1, 0, 0, 7, 1, 24221.3, 0.1044, 0.491795, 0.126082
trial 687, 1, 1, 6, 1, 8, 56493.3, 0.819621, 0.421679, 0.910054
trial 688, 1, 1, 8, 4, 5, 61272, 0.803155, 0.410146, 0.553433
trial 689, 1, 0, 3, 5, 3, 1136, 0.703518, 0.377319, 0.632562
trial 690, 1, 1, 2, 1, 2, 47210.7, 0.140715, 0.378684, 0.588635
trial 691, 1, 1, 7, 6, 3, 77333.3, 0.683224, 0.549787, 0.554146
trial 692, 1, 0, 7, 7, 7, 58845.3, 0.84135, 0.706461, 0.78439
trial 693, 1, 1, 8, 8, 7, 32104, 0.904035, 0.831431, 0.76316
trial 694, 1, 1, 5, 8, 3, 30770.7, 0.77243, 0.662817, 0.448001
trial 695, 1, 1, 0, 2, 2, 53661.3, 0.0705362, 0.439726, 0.318312
trial 696, 1, 0, 2, 5, 1, 23794.7, 0.109663, 0.454079, 0.330463
trial 697, 1, 1, 3, 3, 1, 78829.3, 0.320683, 0.428256, 0.436245
trial 698, 1, 1, 2, 7, 8, 7384, 0.355977, 0.781508, 0.606931
trial 699, 1, 1, 0, 3, 0, 16312, 0.170378, 0.39052, 0.402554
trial 700, 1, 0, 8, 1, 5, 19618.7, 0.81414, 0.77886, 0.662886
trial 701, 1, 1, 6, 4, 0, 62685.3, 0.723258, 0.398442, 0.569613
trial 702, 1, 1, 4, 2, 1, 53466.7, 0.573084, 0.382835, 0.5
trial 703, 1, 1, 8, 4, 6, 2389.33, 0.762415, 0.727033, 0.58181
trial 704, 1, 0, 4, 8, 8, 30784, 0.810264, 0.833671, 0.644451
trial 705, 1, 1, 8, 2, 5, 28810.7, 0.821666, 0.379215, 0.61775
trial 706, 1, 1, 6, 6, 3, 65632, 0.740481, 0.511829, 0.708647
trial 707, 1, 0, 0, 1, 1, 6522.67, 0.0927166, 0.298878, 0.530776
trial 708, 1, 0, 1, 2, 0, 77840, 0.0654652, 0.194383, 0.18442
trial 709, 1, 1, 2, 0, 4, 69394.7, 0.0997013, 0.236519, 0.120487
trial 710, 1, 0, 8, 0, 3, 66802.7, 0.200446, 0.115015, 0.375753
trial 711, 1, 0, 8, 7, 6, 77826.7, 0.853571, 0.761675, 0.5
trial 712, 1, 0, 3, 6, 6, 57037.3, 0.623033, 0.661774, 0.5
trial 713, 1, 0, 2, 8, 5, 6285.33, 0.575113, 0.887759, 0.5
trial 714, 1, 0, 5, 8, 6, 69498.7, 0.589426, 0.799869, 0.5
trial 715, 1, 1, 2, 6, 5, 64672, 0.592804, 0.8493, 0.5
trial 716, 1, 1, 2, 0, 7, 27760, 0.579727, 0.41877, 0.616578
trial 717, 1, 0, 6, 3, 6, 76472, 0.605187, 0.580933, 0.563634
trial 718, 1, 1, 8, 6, 7, 1768, 0.845769, 0.791371, 0.52782
trial 719, 1, 0, 8, 2, 5, 49784, 0.816122, 0.322267, 0.5
trial 720, 1, 0, 7, 5, 6, 27528, 0.80366, 0.685173, 0.5
trial 721, 1, 1, 7, 8, 0, 78789.3, 0.749837, 0.422401, 0.214323
trial 722, 1, 0, 7, 0, 6, 23040, 0.895479, 0.149978, 0.415934
trial 723, 1, 0, 8, 7, 2, 1693.33, 0.768278, 0.487816, 0.35839
trial 724, 1, 0, 5, 8, 0, 36013.3, 0.67826, 0.495058, 0.22287
trial 725, 1, 1, 0, 7, 3, 5288, 0.134856, 0.611005, 0.42031
trial 726, 1, 0, 6, 1, 1, 20522.7, 0.602954, 0.38293, 0.274547
trial 727, 1, 0, 0, 1, 0, 5973.33, 0.329067, 0.405018, 0.463332
trial 728, 1, 0, 6, 5, 2, 62808, 0.665531, 0.447032, 0.381435
trial 729, 1, 0, 2, 7, 6, 17234.7, 0.327666, 0.776213, 0.499316
trial 730, 1, 1, 4, 0, 4, 44941.3, 0.638531, 0.381278, 0.638014
trial 731, 1, 0, 2, 2, 1, 59504, 0.0804013, 0.444778, 0.290135
trial 732, 1, 1, 1, 0, 0, 52125.3, 0.455823, 0.345138, 0.419511
trial 733, 1, 0, 1, 8, 3, 65688, 0.148673, 0.713728, 0.5
trial 734, 1, 1, 7, 1, 1, 59840, 0.756687, 0.257354, 0.407939
trial 735, 1, 0, 1, 5, 0, 67504, 0.193645, 0.394922, 0.271147
trial 736, 1, 1, 0, 3, 3, 34933.3, 0.261483, 0.452866, 0.325499
trial 737, 1, 0, 0, 0, 3, 1632, 0.138361, 0.447762, 0.369828
trial 738, 1, 1, 3, 3, 2, 2010.67, 0.128389, 0.450015, 0.396516
trial 739, 1, 1, 5, 7, 8, 79792, 0.373961, 0.465343, 0.561565
trial 740, 1, 1, 1, 8, 4, 12773.3, 0.0500974, 0.659134, 0.5
trial 741, 1, 0, 8, 4, 1, 6525.33, 0.879766, 0.357055, 0.446132
trial 742, 1, 0, 8, 2, 7, 33256, 0.925839, 0.592428, 0.736763
trial 743, 1, 0, 6, 7, 4, 75397.3, 0.805372, 0.660302, 0.559021
trial 744, 1, 1, 7, 6, 1, 9752, 0.627382, 0.447096, 0.322291
trial 745, 1, 1, 0, 3, 5, 17445.3, 0.146194, 0.57674, 0.60674
trial 746, 1, 0, 1, 3, 4, 58149.3, 0.439689, 0.426491, 0.520566
trial 747, 1, 1, 8, 7, 3, 41733.3, 0.763493, 0.461737, 0.228854
trial 748, 1, 0, 5, 7, 1, 75240, 0.70464, 0.441639, 0.282045
trial 749, 1, 1, 2, 0, 2, 48589.3, 0.637598, 0.415576, 0.674928
trial 750, 1, 1, 6, 7, 0, 78933.3, 0.653966, 0.425649, 0.13553
trial 751, 1, 0, 2, 4, 8, 32797.3, 0.726744, 0.584228, 0.712261
trial 752, 1, 1, 2, 3, 7, 49752, 0.64318, 0.583555, 0.762815
trial 753, 1, 1, 5, 2, 2, 6357.33, 0.61638, 0.440205, 0.626595
trial 754, 1, 0, 6, 2, 1, 59890.7, 0.718465, 0.423006, 0.599379
trial 755, 1, 1, 8, 7, 0, 26096, 0.72953, 0.433332, 0.367936
trial 756, 1, 1, 5, 8, 1, 5941.33, 0.781939, 0.598988, 0.440592
trial 757, 1, 1, 5, 8, 7, 44256, 0.817328, 0.870557, 0.770495
trial 758, 1, 1, 0, 1, 0, 51237.3, 0.281749, 0.13671, 0.247437
trial 759, 1, 0, 6, 7, 3, 77589.3, 0.710255, 0.439549, 0.373372
trial 760, 1, 1, 2, 8, 5, 69642.7, 0.449494, 0.733882, 0.5
trial 761, 1, 0, 2, 3, 3, 29077.3, 0.183266, 0.791902, 0.5
trial 762, 1, 0, 3, 0, 3, 48322.7, 0.138966, 0.26807, 0.475165
trial 763, 1, 1, 8, 8, 8, 22621.3, 0.902894, 0.9415, 0.793072
trial 764, 1, 1, 4, 1, 8, 37389.3, 0.767687, 0.858962, 0.839888
trial 765, 1, 1, 3, 8, 7, 66818.7, 0.683362, 0.916078, 0.668189
trial 766, 1, 0, 5, 7, 4, 78578.7, 0.586332, 0.785809, 0.546727
trial 767, 1, 0, 0, 4, 7, 1160, 0.133488, 0.895865, 0.626297
trial 768, 1, 0, 4, 4, 4, 58170.7, 0.226344, 0.836683, 0.587898
trial 769, 1, 1, 6, 6, 4, 62168, 0.75685, 0.861387, 0.565417
trial 770, 1, 0, 4, 3, 7, 19696, 0.660707, 0.897982, 0.638541
trial 771, 1, 1, 8, 5, 6, 64762.7, 0.635008, 0.810636, 0.591391
trial 772, 1, 1, 7, 5, 8, 78517.3, 0.903961, 0.862784, 0.699625
trial 773, 1, 1, 1, 2, 2, 54762.7, 0.0400739, 0.422102, 0.427027
trial 774, 1, 1, 6, 6, 2, 1888, 0.632506, 0.585516, 0.34493
trial 775, 1, 1, 8, 5, 3, 39832, 0.758924, 0.530586, 0.387621
trial 776, 1, 0, 0, 5, 5, 28658.7, 0.102734, 0.626881, 0.5
trial 777, 1, 0, 1, 8, 2, 23149.3, 0.158439, 0.578686, 0.5
trial 778, 1, 0, 1, 5, 5, 6576, 0.10911, 0.734572, 0.55513
trial 779, 1, 1, 5, 6, 1, 194.667, 0.707984, 0.409484, 0.452539
trial 780, 1, 0, 0, 6, 7, 31576, 0.187885, 0.823349, 0.635374
trial 781, 1, 1, 6, 0, 8, 33464, 0.61081, 0.400835, 0.771544
trial 782, 1, 1, 1, 1, 4, 6192, 0.170601, 0.404579, 0.619591
trial 783, 1, 0, 7, 3, 7, 75634.7, 0.934382, 0.828215, 1
trial 784, 1, 1, 3, 8, 2, 43616, 0.375002, 0.699043, 0.5
trial 785, 1, 0, 8, 5, 5, 53904, 0.839575, 0.727474, 0.5
trial 786, 1, 0, 6, 5, 5, 304, 0.824238, 0.665387, 0.565889
trial 787, 1, 0, 7, 8, 2, 34882.7, 0.709551, 0.575563, 0.449774
trial 788, 1, 0, 8, 3, 6, 12949.3, 0.788673, 0.425011, 0.624331
trial 789, 1, 0, 1, 3, 5, 56552, 0.104608, 0.357195, 0.5
trial 790, 1, 1, 4, 2, 6, 47184, 0.615486, 0.558622, 0.763065
trial 791, 1, 0, 1, 2, 5, 2.66667, 0.173206, 0.598343, 0.616507
trial 792, 1, 1, 4, 5, 3, 1592, 0.424185, 0.619493, 0.5
trial 793, 1, 0, 7, 2, 4, 5245.33, 0.710304, 0.409319, 0.610082
trial 794, 1, 1, 2, 2, 8, 30848, 0.250389, 0.684485, 0.744414
trial 795, 1, 0, 7, 8, 5, 40250.7, 0.847983, 0.97776, 0.606154
trial 796, 1, 0, 6, 1, 0, 41888, 0.629954, 0.475589, 0.318684
trial 797, 1, 0, 3, 6, 8, 74125.3, 0.724546, 0.587204, 0.717787
trial 798, 1, 0, 8, 7, 0, 2018.67, 0.732363, 0.464423, 0.171187
trial 799, 1, 0, 3, 4, 3, 32509.3, 0.697203, 0.416089, 0.628252
trial 800, 1, 0, 6, 2, 8, 20474.7, 0.722653, 0.552315, 0.739372
trial 801, 1, 0, 6, 5, 3, 19418.7, 0.56149, 0.427597, 0.583793
trial 802, 1, 1, 4, 0, 1, 20437.3, 0.750738, 0.661273, 0.5
trial 803, 1, 0, 6, 0, 4, 54309.3, 0.702879, 0.663601, 0.5
trial 804, 1, 1, 6, 0, 0, 7101.33, 0.640276, 0.401395, 0.413895
trial 805, 1, 1, 1, 7, 7, 23605.3, 0.18233, 0.7088, 0.582152
trial 806, 1, 1, 0, 7, 1, 48298.7, 0.278749, 0.442733, 0.361412
trial 807, 1, 1, 3, 3, 0, 61688, 0.224848, 0.388495, 0.255815
trial 808, 1, 0, 2, 4, 3, 2824, 0.481957, 0.453169, 0.358396
trial 809, 1, 0, 8, 8, 1, 2357.33, 0.439052, 0.429284, 0.346531
trial 810, 1, 1, 5, 4, 6, 55394.7, 0.62727, 0.79585, 0.621334
trial 811, 1, 1, 0, 6, 0, 57528, 0.343407, 0.44733, 0.245802
trial 812, 1, 0, 4, 7, 2, 63218.7, 0.399526, 0.429206, 0.360227
trial 813, 1, 1, 0, 5, 3, 1546.67, 0.112473, 0.59314, 0.417066
trial 814, 1, 0, 7, 7, 4, 37349.3, 0.699152, 0.581509, 0.5
trial 815, 1, 1, 6, 8, 0, 43538.7, 0.682622, 0.510881, 0.274702
trial 816, 1, 1, 3, 2, 2, 45880, 0.705764, 0.499934, 0.340958
trial 817, 1, 1, 7, 0, 3, 6536, 0.777625, 0.570772, 0.450913
trial 818, 1, 0, 4, 7, 7, 11352, 0.782179, 0.677099, 0.77486
trial 819, 1, 1, 3, 7, 7, 63010.7, 0.717323, 0.856492, 0.843957
trial 820, 1, 1, 7, 8, 4, 59229.3, 0.674751, 0.609707, 0.394921
trial 821, 1, 1, 8, 3, 5, 7973.33, 0.751901, 0.618771, 0.445192
trial 822, 1, 1, 8, 0, 1, 74906.7, 0.827564, 0.225961, 0.575692
trial 823, 1, 1, 7, 6, 6, 42197.3, 0.708884, 0.615834, 0.649893
trial 824, 1, 1, 7, 7, 8, 5266.67, 0.829336, 0.812084, 0.814375
trial 825, 1, 1, 8, 7, 7, 36512, 0.777084, 0.77122, 0.76411
trial 826, 1, 0, 5, 3, 3, 55024, 0.565149, 0.471319, 0.323872
trial 827, 1, 0, 4, 4, 8, 17013.3, 0.661536, 0.481082, 0.58779
trial 828, 1, 0, 0, 6, 4, 17162.7, 0.240642, 0.448234, 0.5
trial 829, 1, 1, 7, 2, 3, 68685.3, 0.769018, 0.359873, 0.5
trial 830, 1, 0, 0, 4, 4, 46730.7, 0.0738033, 0.588819, 0.5
trial 831, 1, 0, 0, 3, 3, 54754.7, 0.145188, 0.384835, 0.5
trial 832, 1, 1, 4, 0, 7, 50434.7, 0.173817, 0.239893, 0.833513
trial 833, 1, 0, 7, 3, 8, 16440, 0.615221, 0.365139, 0.806165
trial 834, 1, 1, 4, 8, 8, 4608, 0.615157, 0.801491, 0.783493
trial 835, 1, 1, 7, 3, 7, 51653.3, 0.731178, 0.845882, 0.74843
trial 836, 1, 0, 1, 6, 8, 10624, 0.66617, 0.932825, 0.750279
trial 837, 1, 0, 2, 2, 0, 76106.7, 0.225262, 0.475115, 0.361738
trial 838, 1, 1, 6, 6, 0, 15021.3, 0.704385, 0.407813, 0.178369
trial 839, 1, 1, 2, 4, 5, 35536, 0.786842, 0.691239, 0.532368
trial 840, 1, 0, 8, 3, 8, 10256, 0.896363, 0.768128, 0.93641
trial 841, 1, 1, 4, 1, 2, 42613.3, 0.771179, 0.38937, 0.784419
trial 842, 1, 1, 1, 2, 4, 36952, 0.159068, 0.380897, 0.704505
trial 843, 1, 0, 8, 6, 5, 16989.3, 0.808661, 0.714376, 0.646518
trial 844, 1, 1, 7, 5, 4, 16117.3, 0.810487, 0.694236, 0.443098
trial 845, 1, 1, 4, 1, 0, 12658.7, 0.712945, 0.200565, 0.419952
trial 846, 1, 0, 0, 3, 7, 3330.67, 0.105222, 0.469689, 0.582426
trial 847, 1, 0, 2, 3, 5, 1848, 0.14583, 0.388435, 0.594742
trial 848, 1, 0, 3, 5, 5, 20077.3, 0.239615, 0.79529, 0.514664
trial 849, 1, 0, 5, 5, 0, 7805.33, 0.233866, 0.429008, 0.254776
trial 850, 1, 0, 8, 2, 8, 51696, 0.933341, 0.883492, 0.779212
trial 851, 1, 0, 6, 6, 4, 429.333, 0.544356, 0.645863, 0.408607
trial 852, 1, 1, 2, 2, 6, 19922.7, 0.341524, 0.476813, 0.627894
trial 853, 1, 1, 6, 1, 7, 61328, 0.823447, 0.380228, 0.661576
trial 854, 1, 1, 1, 7, 3, 33925.3, 0.154697, 0.452729, 0.637188
trial 855, 1, 0, 1, 1, 6, 8362.67, 0.101378, 0.456636, 0.805645
trial 856, 1, 1, 5, 4, 4, 47581.3, 0.603199, 0.582046, 0.407303
trial 857, 1, 0, 3, 3, 2, 10205.3, 0.600377, 0.302352, 0.559646
trial 858, 1, 1, 7, 4, 8, 41098.7, 0.786876, 0.740451, 0.766784
trial 859, 1, 1, 8, 1, 8, 55600, 0.843414, 0.710526, 0.833457
trial 860, 1, 0, 1, 7, 0, 11674.7, 0.139395, 0.45429, 0.255693
trial 861, 1, 1, 1, 8, 8, 65149.3, 0.245344, 0.790492, 0.604342
trial 862, 1, 1, 0, 0, 0, 37386.7, 0.0845987, 0.320641, 0.264862
trial 863, 1, 1, 2, 2, 5, 56405.3, 0.317891, 0.426572, 0.271334
trial 864, 1, 1, 1, 7, 2, 49802.7, 0.263485, 0.462644, 0.293342
trial 865, 1, 0, 1, 5, 8, 56776, 0.283217, 0.832738, 0.620156
trial 866, 1, 1, 1, 5, 4, 8949.33, 0.443792, 0.692822, 0.5
trial 867, 1, 1, 3, 6, 7, 72370.7, 0.623701, 0.638155, 0.5
trial 868, 1, 1, 1, 5, 5, 17397.3, 0.260366, 0.647713, 0.5
trial 869, 1, 1, 0, 0, 4, 66506.7, 0.232181, 0.222346, 0.596649
trial 870, 1, 0, 6, 3, 7, 75829.3, 0.813725, 0.600902, 0.731939
trial 871, 1, 0, 1, 8, 7, 8765.33, 0.241077, 0.767765, 0.722636
trial 872, 1, 1, 2, 8, 2, 20280, 0.343902, 0.414751, 0.451533
trial 873, 1, 0, 7, 1, 7, 3949.33, 0.891496, 0.570457, 0.819082
trial 874, 1, 1, 0, 8, 0, 58520, 0.406089, 0.412773, 0.303629
trial 875, 1, 0, 8, 6, 7, 11440, 0.864793, 0.784864, 0.627427
trial 876, 1, 0, 1, 5, 1, 15144, 0.312363, 0.440127, 0.425859
trial 877, 1, 1, 4, 2, 0, 65104, 0.801212, 0.39914, 0.230865
trial 878, 1, 0, 5, 4, 2, 62186.7, 0.643072, 0.71544, 0.387943
trial 879, 1, 0, 0, 3, 5, 1664, 0.136504, 0.787627, 0.5
trial 880, 1, 0, 0, 5, 4, 2832, 0.0743572, 0.618574, 0.422876
trial 881, 1, 0, 3, 3, 0, 27005.3, 0.0582728, 0.461693, 0.26807
trial 882, 1, 1, 3, 4, 2, 45938.7, 0.23742, 0.386624, 0.393196
trial 883, 1, 1, 1, 1, 1, 26808, 0.370875, 0.252461, 0.43742
trial 884, 1, 0, 6, 5, 4, 11544, 0.597962, 0.637188, 0.483826
trial 885, 1, 0, 7, 3, 2, 36162.7, 0.577601, 0.388839, 0.338333
trial 886, 1, 0, 0, 3, 1, 637.333, 0.299098, 0.428456, 0.335203
trial 887, 1, 0, 1, 0, 8, 33304, 0.198767, 0.388554, 0.760664
trial 888, 1, 1, 5, 8, 0, 23234.7, 0.42868, 0.460826, 0.33347
trial 889, 1, 0, 8, 1, 8, 66240, 0.924185, 0.602554, 0.881678
trial 890, 1, 1, 0, 5, 7, 44168, 0.260979, 0.695284, 0.798124
trial 891, 1, 0, 3, 7, 2, 25442.7, 0.382968, 0.603523, 0.391974
trial 892, 1, 1, 6, 1, 6, 61058.7, 0.79355, 0.381562, 0.790966
trial 893, 1, 1, 5, 0, 1, 75728, 0.831355, 0.429232, 0.30474
trial 894, 1, 0, 0, 8, 6, 22618.7, 0.101126, 0.812111, 0.515801
trial 895, 1, 1, 5, 0, 7, 3856, 0.779125, 0.288488, 0.659707
trial 896, 1, 0, 1, 8, 6, 78141.3, 0.130289, 0.847435, 0.5
trial 897, 1, 0, 2, 2, 4, 52504, 0.207953, 0.343924, 0.566347
trial 898, 1, 0, 4, 7, 8, 58186.7, 0.388044, 0.809001, 0.752538
trial 899, 1, 0, 2, 5, 8, 29098.7, 0.195669, 0.807364, 0.738477
trial 900, 1, 0, 6, 2, 7, 28685.3, 0.570163, 0.660116, 0.77536
trial 901, 1, 0, 0, 8, 7, 36650.7, 0.251457, 0.899338, 0.752941
trial 902, 1, 0, 1, 4, 4, 63250.7, 0.2712, 0.431667, 0.639141
trial 903, 1, 0, 2, 8, 4, 14925.3, 0.452706, 0.690535, 0.625992
trial 904, 1, 0, 4, 5, 1, 63624, 0.437802, 0.431559, 0.455353
trial 905, 1, 1, 2, 4, 0, 6160, 0.410966, 0.386419, 0.327783
trial 906, 1, 0, 8, 8, 2, 20610.7, 0.917411, 0.626966, 0.5
trial 907, 1, 0, 7, 5, 3, 32744, 0.952097, 0.646002, 0.5
trial 908, 1, 1, 5, 2, 3, 46898.7, 0.806628, 0.395374, 0.5
trial 909, 1, 0, 2, 1, 8, 3306.67, 0.190274, 0.389593, 0.74084
trial 910, 1, 0, 5, 8, 5, 2280, 0.630853, 0.760784, 0.5
trial 911, 1, 1, 7, 5, 7, 53981.3, 0.872031, 0.788734, 0.778122
trial 912, 1, 1, 4, 8, 7, 272, 0.735397, 0.917948, 0.713316
trial 913, 1, 0, 3, 0, 2, 55352, 0.436263, 0.372585, 0.471511
trial 914, 1, 0, 5, 2, 8, 4290.67, 0.614762, 0.371092, 0.832666
trial 915, 1, 1, 6, 5, 1, 25477.3, 0.59484, 0.488678, 0.40712
trial 916, 1, 0, 0, 4, 2, 317.333, 0.176409, 0.495537, 0.351662
trial 917, 1, 1, 2, 7, 6, 16949.3, 0.66336, 0.766747, 0.725795
trial 918, 1, 1, 3, 1, 8, 67440, 0.439267, 0.44943, 0.854193
trial 919, 1, 0, 7, 5, 1, 72618.7, 0.805795, 0.429972, 0.253916
trial 920, 1, 1, 7, 2, 0, 18546.7, 0.782671, 0.355239, 0.178787
trial 921, 1, 1, 5, 5, 2, 74600, 0.575517, 0.395585, 0.206537
trial 922, 1, 1, 0, 6, 5, 37458.7, 0.28996, 0.431974, 0.576888
trial 923, 1, 1, 7, 6, 2, 17696, 0.543126, 0.419974, 0.554213
trial 924, 1, 0, 4, 0, 4, 25224, 0.674175, 0.379148, 0.766686
trial 925, 1, 0, 2, 2, 5, 36738.7, 0.339442, 0.381764, 0.69313
trial 926, 1, 1, 3, 4, 4, 77701.3, 0.439941, 0.72721, 0.546668
trial 927, 1, 0, 6, 4, 7, 7384, 0.755635, 0.757626, 0.757584
trial 928, 1, 0, 0, 5, 8, 77688, 0.422498, 0.912191, 0.795174
trial 929, 1, 0, 2, 1, 4, 3898.67, 0.354531, 0.418673, 0.808908
trial 930, 1, 0, 7, 2, 8, 57600, 0.774267, 0.854034, 0.778788
trial 931, 1, 0, 7, 7, 2, 67354.7, 0.726039, 0.626793, 0.452158
trial 932, 1, 1, 5, 1, 0, 28986.7, 0.640151, 0.446407, 0.142192
trial 933, 1, 1, 4, 4, 8, 65432, 0.613433, 0.839769, 0.619578
trial 934, 1, 0, 6, 6, 3, 37610.7, 0.639239, 0.416433, 0.33496
trial 935, 1, 0, 8, 4, 3, 34429.3, 0.76521, 0.400554, 0.5
trial 936, 1, 1, 6, 2, 6, 39909.3, 0.654001, 0.390808, 0.615377
trial 937, 1, 0, 2, 8, 2, 74149.3, 0.0995813, 0.391915, 0.378668
trial 938, 1, 1, 3, 7, 4, 33256, 0.411239, 0.577643, 0.425128
trial 939, 1, 1, 7, 7, 5, 41752, 0.753599, 0.721192, 0.435682
trial 940, 1, 1, 0, 4, 1, 42461.3, 0.135106, 0.409685, 0.408148
trial 941, 1, 1, 5, 1, 6, 40181.3, 0.841946, 0.699911, 0.696568
trial 942, 1, 1, 0, 0, 7, 44872, 0.342011, 0.59873, 0.742171
trial 943, 1, 1, 1, 6, 8, 1405.33, 0.199658, 0.792171, 0.866418
trial 944, 1, 1, 0, 5, 8, 4810.67, 0.16901, 0.720783, 0.87925
trial 945, 1, 1, 3, 7, 3, 1645.33, 0.237797, 0.679642, 0.406107
trial 946, 1, 1, 5, 5, 0, 51290.7, 0.597098, 0.355931, 0.318173
trial 947, 1, 1, 0, 2, 3, 34669.3, 0.19486, 0.369576, 0.620341
trial 948, 1, 1, 0, 4, 0, 2842.67, 0.236927, 0.465645, 0.277264
trial 949, 1, 0, 6, 3, 5, 28216, 0.662874, 0.383217, 0.28725
trial 950, 1, 0, 0, 5, 7, 45042.7, 0.104831, 0.961063, 0.597042
trial 951, 1, 0, 3, 1, 4, 42240, 0.617296, 0.383078, 0.655206
trial 952, 1, 0, 3, 8, 5, 40485.3, 0.447276, 0.852961, 0.589079
trial 953, 1, 1, 1, 8, 1, 44768, 0.410701, 0.696871, 0.302791
trial 954, 1, 0, 5, 0, 5, 74082.7, 0.780841, 0.839585, 0.639383
trial 955, 1, 0, 3, 0, 8, 5365.33, 0.189419, 0.781616, 0.901322
trial 956, 1, 0, 1, 4, 3, 19178.7, 0.0638142, 0.441901, 0.5
trial 957, 1, 0, 0, 5, 1, 4714.67, 0.034702, 0.782293, 0.5
trial 958, 1, 1, 3, 4, 0, 75850.7, 0.623871, 0.39312, 0.357858
trial 959, 1, 0, 8, 8, 6, 27752, 0.84286, 0.811903, 0.566995
trial 960, 1, 0, 5, 2, 7, 35720, 0.682252, 0.739369, 0.879885
trial 961, 1, 0, 2, 4, 1, 7093.33, 0.388514, 0.376664, 0.319697
trial 962, 1, 1, 2, 5, 3, 2866.67, 0.348625, 0.424517, 0.5
trial 963, 1, 0, 6, 3, 4, 68386.7, 0.780136, 0.572839, 0.576319
trial 964, 1, 0, 1, 1, 5, 70277.3, 0.422063, 0.365133, 0.573093
trial 965, 1, 1, 7, 4, 6, 69760, 0.759733, 0.762365, 0.615357
trial 966, 1, 1, 4, 6, 5, 58368, 0.816595, 0.81615, 0.555282
trial 967, 1, 1, 8, 2, 2, 16706.7, 0.792718, 0.407229, 0.577928
trial 968, 1, 1, 2, 0, 1, 2594.67, 0.724786, 0.211453, 0.326784
trial 969, 1, 0, 7, 0, 4, 26189.3, 0.816642, 0.255749, 0.658422
trial 970, 1, 1, 2, 2, 0, 59330.7, 0.281081, 0.25007, 0.43935
trial 971, 1, 1, 2, 7, 0, 70997.3, 0.172844, 0.445078, 0.286917
trial 972, 1, 1, 6, 0, 3, 59157.3, 0.76999, 0.225955, 0.43145
trial 973, 1, 1, 6, 2, 0, 27240, 0.765161, 0.440872, 0.245197
trial 974, 1, 0, 7, 4, 4, 24656, 0.79149, 0.385566, 0.593203
trial 975, 1, 0, 8, 4, 8, 24810.7, 0.898751, 0.841065, 0.672456
trial 976, 1, 0, 4, 2, 5, 22125.3, 0.576318, 0.896006, 0.595845
trial 977, 1, 1, 1, 3, 5, 27330.7, 0.188074, 0.765951, 0.5
trial 978, 1, 1, 0, 4, 2, 14424, 0.120252, 0.449845, 0.449641
trial 979, 1, 1, 3, 7, 8, 40933.3, 0.553365, 0.957771, 0.591633
trial 980, 1, 1, 8, 7, 8, 54413.3, 0.808209, 0.911463, 0.675753
trial 981, 1, 0, 5, 5, 6, 14621.3, 0.733579, 0.855333, 0.738847
trial 982, 1, 1, 8, 1, 6, 17608, 0.85812, 0.671612, 0.682714
trial 983, 1, 0, 5, 6, 1, 71298.7, 0.636666, 0.441903, 0.411365
trial 984, 1, 0, 7, 1, 2, 29520, 0.696569, 0.440962, 0.410393
trial 985, 1, 1, 4, 5, 7, 15272, 0.781588, 0.673853, 0.562311
trial 986, 1, 1, 0, 0, 6, 67088, 0.0812416, 0.385493, 0.340587
trial 987, 1, 0, 6, 5, 1, 40664, 0.337147, 0.440354, 0.382637
trial 988, 1, 0, 7, 3, 5, 6685.33, 0.725867, 0.678121, 0.543458
trial 989, 1, 1, 2, 4, 6, 69824, 0.237987, 0.632931, 0.550056
trial 990, 1, 0, 3, 8, 2, 30480, 0.417027, 0.671379, 0.462925
trial 991, 1, 1, 4, 4, 0, 6138.67, 0.323853, 0.223335, 0.374441
trial 992, 1, 0, 6, 7, 1, 71320, 0.605793, 0.419723, 0.352392
trial 993, 1, 1, 0, 6, 7, 17346.7, 0.0803173, 0.909321, 0.632104
trial 994, 1, 0, 0, 1, 8, 78410.7, 0.257981, 0.424422, 0.623674
trial 995, 1, 0, 0, 1, 7, 20208, 0.0778526, 0.368741, 0.629277
trial 996, 1, 1, 3, 2, 0, 22770.7, 0.294954, 0.43701, 0.601065
trial 997, 1, 1, 2, 6, 1, 19576, 0.373729, 0.375768, 0.436562
trial 998, 1, 0, 8, 1, 1, 4378.67, 0.768502, 0.319651, 0.460909
trial 999, 1, 0, 4, 5, 4, 781.333, 0.585783, 0.815457, 0.501378
trial 1000, 1, 0, 5, 1, 0, 24544, 0.401808, 0.441942, 0.325349
trial 1001, 1, 0, 8, 8, 8, 26482.7, 0.928833, 0.940646, 0.762311
trial 1002, 1, 0, 5, 1, 6, 69714.7, 0.774684, 0.39487, 0.704399
trial 1003, 1, 0, 5, 4, 5, 44498.7, 0.867125, 0.416458, 0.60196
trial 1004, 1, 1, 0, 2, 1, 10552, 0.156477, 0.411197, 0.383331
trial 1005, 1, 0, 0, 2, 5, 66058.7, 0.133422, 0.658464, 0.533701
trial 1006, 1, 0, 4, 2, 4, 64277.3, 0.769126, 0.410568, 0.5
trial 1007, 1, 1, 7, 7, 1, 10789.3, 0.844633, 0.4717, 0.243073
trial 1008, 1, 0, 2, 3, 2, 20056, 0.635871, 0.384936, 0.231082
trial 1009, 1, 1, 1, 0, 6, 25773.3, 0.289106, 0.381292, 0.669487
trial 1010, 1, 0, 3, 8, 7, 57562.7, 0.384835, 0.842237, 0.683075
trial 1011, 1, 1, 0, 3, 8, 9706.67, 0.228413, 0.508977, 0.686506
trial 1012, 1, 1, 8, 7, 2, 19000, 0.716558, 0.462291, 0.290172
trial 1013, 1, 0, 0, 2, 8, 76989.3, 0.62215, 0.324998, 0.577417
trial 1014, 1, 1, 2, 0, 5, 40722.7, 0.749251, 0.396287, 0.390705
trial 1015, 1, 1, 4, 3, 3, 6149.33, 0.754362, 0.547823, 0.373147
trial 1016, 1, 0, 3, 0, 7, 381.333, 0.426049, 0.510016, 0.764674
trial 1017, 1, 1, 6, 7, 8, 440, 0.75227, 0.779975, 0.740124
trial 1018, 1, 0, 0, 7, 3, 71106.7, 0.0753283, 0.406191, 0.367173
trial 1019, 1, 1, 4, 8, 5, 39642.7, 0.630211, 0.523768, 0.5073
trial 1020, 1, 1, 3, 6, 4, 55312, 0.573823, 0.462231, 0.43968
trial 1021, 1, 0, 6, 1, 5, 4042.67, 0.401118, 0.364414, 0.476871
trial 1022, 1, 0, 1, 8, 1, 51229.3, 0.115857, 0.388873, 0.293899
trial 1023, 1, 0, 5, 7, 3, 66880, 0.398301, 0.486176, 0.431822
trial 1024, 1, 1, 6, 8, 4, 60608, 0.700069, 0.397125, 0.5
trial 1025, 1, 1, 8, 6, 8, 23861.3, 0.853759, 0.850782, 0.85959
trial 1026, 1, 0, 8, 2, 1, 7416, 0.798568, 0.275144, 0.5
trial 1027, 1, 0, 7, 2, 6, 79512, 0.667885, 0.471198, 0.746064
trial 1028, 1, 0, 0, 2, 0, 65034.7, 0.189478, 0.165098, 0.164001
trial 1029, 1, 1, 5, 6, 7, 23349.3, 0.749815, 0.760532, 0.528915
trial 1030, 1, 1, 3, 3, 7, 30904, 0.709666, 0.706803, 0.658481
trial 1031, 1, 1, 4, 0, 6, 61362.7, 0.6759, 0.334478, 0.638956
trial 1032, 1, 0, 5, 8, 4, 23642.7, 0.203426, 0.669912, 0.5
trial 1033, 1, 1, 7, 2, 7, 65986.7, 0.855938, 0.409318, 0.806419
trial 1034, 1, 0, 0, 4, 5, 68082.7, 0.06062, 0.672906, 0.382769
trial 1035, 1, 0, 3, 1, 2, 46992, 0.304193, 0.143034, 0.394615
trial 1036, 1, 1, 1, 4, 1, 39754.7, 0.257318, 0.373469, 0.316007
trial 1037, 1, 1, 3, 8, 3, 41890.7, 0.373803, 0.589284, 0.406522
trial 1038, 1, 1, 8, 3, 0, 2509.33, 0.748732, 0.297601, 0.424324
trial 1039, 1, 0, 5, 0, 1, 72728, 0.631334, 0.222406, 0.41725
trial 1040, 1, 1, 7, 3, 5, 26130.7, 0.77916, 0.565055, 0.5
trial 1041, 1, 0, 3, 8, 0, 67434.7, 0.679383, 0.588784, 0.247686
trial 1042, 1, 1, 3, 6, 3, 73029.3, 0.442568, 0.565327, 0.5
trial 1043, 1, 0, 2, 6, 7, 8549.33, 0.186914, 0.599299, 0.525678
trial 1044, 1, 0, 2, 4, 0, 44040, 0.433568, 0.464376, 0.42625
trial 1045, 1, 1, 7, 2, 4, 5701.33, 0.780897, 0.33066, 0.559825
trial 1046, 1, 0, 4, 6, 5, 46032, 0.310616, 0.737748, 0.5
trial 1047, 1, 1, 1, 7, 0, 64520, 0.622202, 0.435721, 0.539676
trial 1048, 1, 0, 1, 1, 0, 22866.7, 0.2052, 0.0781222, 0.354929
trial 1049, 1, 0, 7, 4, 2, 40618.7, 0.70871, 0.657985, 0.413911
trial 1050, 1, 0, 3, 8, 4, 1408, 0.426868, 0.526171, 0.5
trial 1051, 1, 0, 7, 4, 0, 44949.3, 0.666657, 0.409525, 0.249009
trial 1052, 1, 1, 1, 6, 4, 35650.7, 0.193763, 0.606941, 0.5
trial 1053, 1, 1, 7, 5, 5, 11341.3, 0.754933, 0.657426, 0.5
trial 1054, 1, 1, 0, 0, 5, 4754.67, 0.141565, 0.341873, 0.884144
trial 1055, 1, 0, 7, 0, 5, 36938.7, 0.693633, 0.300571, 0.665993
trial 1056, 1, 1, 4, 6, 2, 58098.7, 0.734529, 0.482944, 0.330311
trial 1057, 1, 1, 6, 0, 1, 14349.3, 0.795276, 0.33373, 0.616654
trial 1058, 1, 1, 2, 1, 0, 62536, 0.589126, 0.266839, 0.396783
trial 1059, 1, 0, 4, 7, 6, 32042.7, 0.368424, 0.634572, 0.5
trial 1060, 1, 0, 3, 5, 4, 42992, 0.287736, 0.501547, 0.5
trial 1061, 1, 1, 2, 1, 1, 26762.7, 0.412971, 0.421662, 0.747278
trial 1062, 1, 1, 4, 4, 2, 8080, 0.426795, 0.481084, 0.371609
trial 1063, 1, 1, 5, 3, 8, 39976, 0.614363, 0.817383, 0.797716
trial 1064, 1, 1, 3, 7, 5, 73269.3, 0.243612, 0.902874, 0.5
trial 1065, 1, 0, 2, 1, 0, 64957.3, 0.392131, 0.309839, 0.5
trial 1066, 1, 1, 0, 8, 3, 59234.7, 0.215189, 0.626173, 0.5
trial 1067, 1, 1, 6, 4, 3, 66373.3, 0.750895, 0.623106, 0.5
trial 1068, 1, 0, 0, 2, 3, 2938.67, 0.274082, 0.429526, 0.5
trial 1069, 1, 1, 5, 6, 6, 290.667, 0.676173, 0.83222, 0.718662
trial 1070, 1, 1, 2, 0, 8, 5496, 0.609631, 0.378678, 0.909451
trial 1071, 1, 1, 4, 2, 8, 35010.7, 0.697028, 0.652888, 0.947705
trial 1072, 1, 0, 1, 7, 5, 61458.7, 0.0737891, 0.76671, 0.649523
trial 1073, 1, 0, 8, 5, 4, 58394.7, 0.801341, 0.637778, 0.545486
trial 1074, 1, 0, 4, 1, 7, 44050.7, 0.600311, 0.391468, 0.737085
trial 1075, 1, 0, 2, 1, 7, 43768, 0.560861, 0.446695, 0.770668
trial 1076, 1, 1, 6, 2, 4, 23133.3, 0.611634, 0.31992, 0.581737
trial 1077, 1, 0, 5, 2, 4, 12746.7, 0.61658, 0.40786, 0.579723
trial 1078, 1, 0, 7, 8, 1, 47752, 0.652928, 0.649956, 0.407964
trial 1079, 1, 0, 5, 3, 0, 36018.7, 0.608127, 0.446621, 0.540606
trial 1080, 1, 0, 1, 5, 4, 32301.3, 0.125751, 0.521646, 0.351678
trial 1081, 1, 0, 0, 1, 4, 2312, 0.195382, 0.442506, 0.448066
trial 1082, 1, 0, 6, 6, 5, 53978.7, 0.685797, 0.802947, 0.566989
trial 1083, 1, 1, 2, 3, 0, 44005.3, 0.263443, 0.404637, 0.465099
trial 1084, 1, 0, 2, 8, 7, 16592, 0.0916641, 0.944529, 0.53542
trial 1085, 1, 1, 5, 0, 8, 76208, 0.679767, 0.41768, 0.91092
trial 1086, 1, 0, 4, 2, 8, 45912, 0.17889, 0.453071, 0.740354
trial 1087, 1, 0, 2, 6, 8, 19082.7, 0.0753645, 0.7431, 0.77643
trial 1088, 1, 0, 6, 2, 4, 54717.3, 0.614482, 0.380841, 0.582337
trial 1089, 1, 0, 4, 4, 6, 79930.7, 0.643323, 0.670262, 0.697597
trial 1090, 1, 1, 6, 5, 6, 56061.3, 0.782972, 0.80006, 0.636238
trial 1091, 1, 1, 6, 3, 7, 44621.3, 0.790784, 0.462062, 0.726848
trial 1092, 1, 0, 0, 6, 0, 75344, 0.251858, 0.449145, 0.316316
trial 1093, 1, 1, 1, 8, 3, 23485.3, 0.201195, 0.424886, 0.388697
trial 1094, 1, 0, 2, 2, 6, 34592, 0.321376, 0.453009, 0.71686
trial 1095, 1, 1, 0, 4, 3, 11266.7, 0.173056, 0.47066, 0.5357
trial 1096, 1, 1, 6, 4, 8, 55781.3, 0.702873, 0.585307, 0.832656
trial 1097, 1, 1, 8, 5, 5, 31941.3, 0.743309, 0.421082, 0.741861
trial 1098, 1, 0, 7, 8, 4, 10309.3, 0.875521, 0.690286, 0.381767
trial 1099, 1, 1, 5, 8, 8, 27330.7, 0.695707, 0.797334, 0.613799
trial 1100, 1, 0, 7, 6, 3, 38266.7, 0.791146, 0.460438, 0.461517
trial 1101, 1, 1, 1, 6, 3, 56709.3, 0.0770356, 0.452971, 0.5
trial 1102, 1, 1, 4, 6, 4, 76997.3, 0.228381, 0.631411, 0.5
trial 1103, 1, 1, 2, 5, 2, 21874.7, 0.302674, 0.471456, 0.5
trial 1104, 1, 1, 1, 0, 8, 1976, 0.322299, 0.401191, 0.876045
trial 1105, 1, 1, 3, 3, 3, 17090.7, 0.37077, 0.441769, 0.66993
trial 1106, 1, 0, 0, 0, 2, 22306.7, 0.32565, 0.448088, 0.656752
trial 1107, 1, 0, 4, 6, 3, 38176, 0.238692, 0.458003, 0.594005
trial 1108, 1, 0, 3, 4, 5, 60192, 0.239436, 0.4391, 0.5
trial 1109, 1, 1, 0, 8, 6, 3682.67, 0.0933422, 0.838781, 0.652367
trial 1110, 1, 0, 6, 0, 0, 44533.3, 0.611756, 0.238188, 0.396815
trial 1111, 1, 0, 7, 4, 7, 35973.3, 0.892273, 0.855304, 0.848318
trial 1112, 1, 1, 1, 0, 2, 73232, 0.375825, 0.382887, 0.371086
trial 1113, 1, 0, 2, 3, 7, 77768, 0.327106, 0.633351, 0.610958
trial 1114, 1, 1, 1, 5, 3, 43197.3, 0.32539, 0.460213, 0.571003
trial 1115, 1, 1, 7, 4, 4, 77453.3, 0.637951, 0.502761, 0.596313
trial 1116, 1, 1, 1, 8, 5, 71450.7, 0.359429, 0.74626, 0.5
trial 1117, 1, 1, 1, 2, 5, 3978.67, 0.372769, 0.408248, 0.634851
trial 1118, 1, 1, 8, 4, 4, 4040, 0.848843, 0.580994, 0.600388
trial 1119, 1, 1, 7, 3, 3, 25104, 0.640887, 0.392379, 0.45868
trial 1120, 1, 1, 0, 6, 1, 47658.7, 0.302015, 0.387, 0.413145
trial 1121, 1, 0, 4, 4, 0, 77914.7, 0.643607, 0.442826, 0.283499
trial 1122, 1, 1, 2, 5, 7, 39704, 0.22729, 0.79622, 0.590502
trial 1123, 1, 0, 3, 2, 1, 55474.7, 0.300341, 0.393713, 0.584158
trial 1124, 1, 1, 3, 5, 1, 63504, 0.594574, 0.433343, 0.270833
trial 1125, 1, 1, 3, 2, 4, 42562.7, 0.45191, 0.444003, 0.600848
trial 1126, 1, 1, 3, 4, 1, 9888, 0.408467, 0.410943, 0.586429
trial 1127, 1, 0, 0, 0, 6, 7992, 0.0723356, 0.343223, 0.645357
trial 1128, 1, 0, 0, 6, 3, 5749.33, 0.090352, 0.435418, 0.243494
trial 1129, 1, 1, 6, 8, 6, 69693.3, 0.75029, 0.892885, 0.5
trial 1130, 1, 1, 0, 8, 1, 13946.7, 0.332367, 0.422837, 0.24104
trial 1131, 1, 0, 4, 1, 8, 64336, 0.341248, 0.452892, 0.589511
trial 1132, 1, 0, 6, 1, 2, 22240, 0.700217, 0.370034, 0.733819
trial 1133, 1, 1, 1, 1, 8, 53093.3, 0.304451, 0.401937, 0.717543
trial 1134, 1, 1, 2, 4, 7, 25144, 0.45561, 0.835875, 0.5
trial 1135, 1, 0, 4, 0, 1, 4922.67, 0.613085, 0.38463, 0.36075
trial 1136, 1, 0, 2, 0, 4, 2789.33, 0.577556, 0.319432, 0.59416
trial 1137, 1, 1, 4, 6, 6, 63224, 0.630932, 0.85478, 0.5
trial 1138, 1, 1, 1, 5, 0, 32597.3, 0.375958, 0.448648, 0.531948
trial 1139, 1, 0, 4, 3, 8, 35021.3, 0.591684, 0.804868, 0.694207
trial 1140, 1, 0, 6, 7, 0, 28608, 0.564496, 0.442468, 0.290402
trial 1141, 1, 1, 5, 0, 2, 49488, 0.585536, 0.250385, 0.389432
trial 1142, 1, 1, 5, 3, 7, 3018.67, 0.819207, 0.597223, 0.820063
trial 1143, 1, 0, 0, 2, 4, 64898.7, 0.202838, 0.400675, 0.591095
trial 1144, 1, 0, 3, 5, 0, 11837.3, 0.231667, 0.418775, 0.296415
trial 1145, 1, 1, 1, 0, 5, 1818.67, 0.221558, 0.248436, 0.473521
trial 1146, 1, 0, 4, 0, 2, 73160, 0.424994, 0.266021, 0.380715
trial 1147, 1, 1, 7, 1, 3, 21520, 0.676169, 0.272025, 0.357785
trial 1148, 1, 1, 8, 8, 2, 17093.3, 0.783502, 0.534253, 0.278558
trial 1149, 1, 0, 0, 7, 7, 67914.7, 0.160761, 0.732004, 0.587629
trial 1150, 1, 1, 3, 6, 8, 19856, 0.766118, 0.808602, 0.682415
trial 1151, 1, 0, 3, 7, 5, 46040, 0.554756, 0.572857, 0.584222
trial 1152, 1, 0, 8, 7, 3, 66362.7, 0.556349, 0.390948, 0.5
trial 1153, 1, 0, 6, 4, 2, 3936, 0.611203, 0.414509, 0.287382
trial 1154, 1, 0, 1, 4, 0, 60293.3, 0.243503, 0.335367, 0.368241
trial 1155, 1, 1, 4, 7, 0, 3280, 0.76037, 0.434245, 0.201262
trial 1156, 1, 1, 3, 8, 0, 52778.7, 0.626987, 0.440826, 0.253121
trial 1157, 1, 1, 8, 6, 2, 37653.3, 0.694476, 0.452612, 0.410519
trial 1158, 1, 0, 6, 7, 5, 52690.7, 0.384116, 0.615847, 0.5
trial 1159, 1, 0, 4, 6, 2, 44280, 0.312708, 0.402212, 0.5
trial 1160, 1, 1, 4, 1, 7, 57730.7, 0.445651, 0.357821, 0.77164
trial 1161, 1, 0, 5, 8, 8, 9781.33, 0.581482, 0.826919, 0.870116
trial 1162, 1, 0, 6, 0, 3, 30096, 0.419617, 0.283113, 0.651109
trial 1163, 1, 0, 6, 7, 2, 13554.7, 0.38572, 0.455465, 0.314506
trial 1164, 1, 0, 4, 7, 4, 28418.7, 0.406443, 0.417511, 0.465966
trial 1165, 1, 0, 0, 3, 6, 34213.3, 0.0875014, 0.416862, 0.694957
trial 1166, 1, 1, 2, 3, 6, 40834.7, 0.13637, 0.453231, 0.631626
trial 1167, 1, 1, 5, 5, 3, 51402.7, 0.296261, 0.454114, 0.39165
trial 1168, 1, 1, 4, 6, 1, 45936, 0.359618, 0.370825, 0.394302
trial 1169, 1, 0, 6, 4, 8, 12461.3, 0.342913, 0.488468, 0.808967
trial 1170, 1, 0, 8, 6, 6, 27210.7, 0.713644, 0.583199, 0.49347
trial 1171, 1, 1, 0, 7, 4, 4482.67, 0.170069, 0.436325, 0.5
trial 1172, 1, 1, 6, 8, 3, 78938.7, 0.621981, 0.452071, 0.5
trial 1173, 1, 0, 8, 2, 3, 5461.33, 0.670187, 0.401064, 0.656341
trial 1174, 1, 0, 2, 7, 5, 21573.3, 0.268331, 0.448079, 0.5
trial 1175, 1, 1, 5, 2, 5, 14202.7, 0.670377, 0.436866, 0.5
trial 1176, 1, 1, 5, 1, 4, 71368, 0.648991, 0.353436, 0.725417
trial 1177, 1, 0, 6, 7, 6, 79696, 0.324417, 0.689347, 0.498302
trial 1178, 1, 0, 5, 2, 1, 75365.3, 0.350827, 0.327884, 0.445088
trial 1179, 1, 1, 8, 4, 2, 22736, 0.762627, 0.404453, 0.5
trial 1180, 1, 0, 0, 0, 8, 49218.7, 0.0445952, 0.40056, 0.946684
trial 1181, 1, 0, 6, 7, 7, 58794.7, 0.743954, 0.752429, 0.688581
trial 1182, 1, 1, 6, 1, 0, 4069.33, 0.929965, 0.156472, 0.264765
trial 1183, 1, 0, 2, 6, 6, 46962.7, 0.0350113, 0.662443, 0.5
trial 1184, 1, 1, 2, 7, 1, 36802.7, 0.166729, 0.476934, 0.224558
trial 1185, 1, 1, 5, 7, 3, 47360, 0.240747, 0.686241, 0.395924
trial 1186, 1, 0, 7, 4, 6, 42904, 0.406549, 0.554131, 0.5
trial 1187, 1, 1, 4, 3, 1, 77112, 0.677741, 0.403066, 0.5
trial 1188, 1, 1, 2, 7, 2, 6312, 0.405939, 0.394264, 0.5
trial 1189, 1, 1, 2, 0, 0, 33346.7, 0.255979, 0.216511, 0.578842
trial 1190, 1, 0, 3, 2, 2, 16560, 0.244382, 0.355916, 0.498211
trial 1191, 1, 1, 3, 5, 4, 14800, 0.675938, 0.588981, 0.5
trial 1192, 1, 1, 2, 7, 5, 11797.3, 0.530983, 0.645906, 0.5
trial 1193, 1, 0, 1, 6, 4, 51501.3, 0.173127, 0.487595, 0.412119
trial 1194, 1, 1, 4, 7, 6, 37738.7, 0.126877, 0.819653, 0.5
trial 1195, 1, 1, 6, 4, 1, 45218.7, 0.787625, 0.324473, 0.462469
trial 1196, 1, 0, 3, 0, 0, 2658.67, 0.0637987, 0.227386, 0.296748
trial 1197, 1, 0, 8, 4, 0, 39930.7, 0.74948, 0.386254, 0.421241
trial 1198, 1, 0, 3, 5, 1, 5925.33, 0.294273, 0.416243, 0.365899
trial 1199, 1, 1, 2, 3, 8, 24461.3, 0.394876, 0.474563, 0.688171
trial 1200, 1, 0, 4, 3, 4, 39397.3, 0.407758, 0.374703, 0.5
trial 1201, 1, 1, 5, 1, 8, 40024, 0.72275, 0.824668, 0.808812
trial 1202, 1, 1, 4, 0, 2, 2245.33, 0.69547, 0.249649, 0.410479
trial 1203, 1, 0, 6, 3, 8, 76101.3, 0.651649, 0.728109, 0.592977
trial 1204, 1, 0, 2, 6, 0, 73936, 0.346011, 0.38729, 0.158578
trial 1205, 1, 0, 0, 7, 8, 59042.7, 0.399353, 0.775774, 0.580507
trial 1206, 1, 1, 6, 8, 8, 51021.3, 0.765001, 0.836357, 0.612847
trial 1207, 1, 0, 3, 6, 3, 3704, 0.331471, 0.433781, 0.447702
trial 1208, 1, 0, 1, 2, 8, 1936, 0.321506, 0.402714, 0.5
trial 1209, 1, 0, 8, 3, 0, 23978.7, 0.831097, 0.295709, 0.282941
trial 1210, 1, 0, 1, 1, 7, 68381.3, 0.333613, 0.450441, 0.780951
trial 1211, 1, 1, 4, 4, 5, 60973.3, 0.800711, 0.506672, 0.5
trial 1212, 1, 1, 8, 6, 1, 74946.7, 0.728745, 0.473288, 0.183957
trial 1213, 1, 1, 5, 2, 0, 29864, 0.67842, 0.29687, 0.175874
trial 1214, 1, 1, 1, 7, 6, 51213.3, 0.320073, 0.789692, 0.5
trial 1215, 1, 1, 7, 0, 4, 75706.7, 0.839878, 0.279438, 0.5
trial 1216, 1, 1, 4, 5, 6, 32120, 0.575512, 0.813226, 0.5
trial 1217, 1, 1, 2, 3, 1, 12013.3, 0.236702, 0.318872, 0.373991
trial 1218, 1, 0, 4, 4, 5, 42181.3, 0.368077, 0.715121, 0.453176
trial 1219, 1, 0, 6, 1, 8, 66213.3, 0.24843, 0.39955, 0.777509
trial 1220, 1, 0, 7, 5, 0, 37696, 0.690042, 0.417174, 0.0892571
trial 1221, 1, 1, 3, 4, 7, 31696, 0.692254, 0.792058, 0.680911
trial 1222, 1, 1, 3, 1, 2, 3205.33, 0.633243, 0.356181, 0.376801
trial 1223, 1, 0, 4, 0, 3, 25048, 0.25969, 0.166624, 0.362097
trial 1224, 1, 1, 8, 7, 5, 22181.3, 0.93328, 0.81344, 0.5
trial 1225, 1, 1, 6, 8, 5, 11154.7, 0.726186, 0.759006, 0.5
trial 1226, 1, 1, 1, 5, 8, 25648, 0.306959, 0.848197, 0.5
trial 1227, 1, 0, 8, 4, 6, 23248, 0.717563, 0.861176, 0.635827
trial 1228, 1, 0, 1, 6, 6, 34845.3, 0.268522, 0.755229, 0.5
trial 1229, 1, 0, 2, 0, 5, 63258.7, 0.148858, 0.330586, 0.5
trial 1230, 1, 1, 0, 1, 2, 43658.7, 0.0328469, 0.290194, 0.395759
trial 1231, 1, 1, 8, 8, 0, 40696, 0.9081, 0.621508, 0.114144
trial 1232, 1, 0, 0, 7, 6, 4621.33, 0.100568, 0.838534, 0.5
trial 1233, 1, 1, 7, 7, 2, 60789.3, 0.75111, 0.700355, 0.373179
trial 1234, 1, 0, 7, 2, 5, 2584, 0.794336, 0.408846, 0.5
trial 1235, 1, 0, 3, 3, 8, 60757.3, 0.631939, 0.724272, 0.717769
trial 1236, 1, 1, 2, 2, 1, 67013.3, 0.307947, 0.340652, 0.299323
trial 1237, 1, 0, 3, 8, 8, 5968, 0.506294, 0.819364, 0.649062
trial 1238, 1, 0, 7, 1, 4, 4997.33, 0.592525, 0.37542, 0.5
trial 1239, 1, 1, 5, 1, 7, 73480, 0.843965, 0.665649, 0.594294
trial 1240, 1, 1, 3, 8, 6, 79018.7, 0.803158, 0.867529, 0.5
trial 1241, 1, 1, 2, 4, 3, 52106.7, 0.402726, 0.417505, 0.432107
trial 1242, 1, 0, 4, 6, 4, 29045.3, 0.282441, 0.755286, 0.5
trial 1243, 1, 0, 1, 4, 5, 26661.3, 0.248593, 0.623194, 0.5
trial 1244, 1, 0, 7, 3, 4, 43637.3, 0.640948, 0.600822, 0.5
trial 1245, 1, 0, 8, 3, 7, 51018.7, 0.87106, 0.719719, 0.879899
trial 1246, 1, 1, 3, 2, 5, 31736, 0.547634, 0.393657, 0.5
trial 1247, 1, 1, 3, 3, 8, 55997.3, 0.446132, 0.651682, 0.642106
trial 1248, 1, 0, 4, 5, 0, 7432, 0.304599, 0.360922, 0.367507
trial 1249, 1, 1, 8, 1, 4, 1253.33, 0.65298, 0.385677, 0.5
trial 1250, 1, 1, 7, 1, 6, 28845.3, 0.809328, 0.456071, 0.800904
trial 1251, 1, 1, 6, 2, 5, 61008, 0.821042, 0.65582, 0.663983
trial 1252, 1, 0, 5, 0, 8, 61576, 0.66015, 0.284413, 0.737352
trial 1253, 1, 0, 2, 8, 3, 1034.67, 0.0251917, 0.450563, 0.458956
trial 1254, 1, 0, 0, 5, 0, 6738.67, 0.4149, 0.399088, 0.109858
trial 1255, 1, 0, 1, 4, 6, 5962.67, 0.040422, 0.825495, 0.573534
trial 1256, 1, 0, 6, 8, 6, 23005.3, 0.784627, 0.943765, 0.5
trial 1257, 1, 1, 3, 3, 4, 77824, 0.395687, 0.420661, 0.5
trial 1258, 1, 1, 3, 1, 0, 79277.3, 0.64198, 0.315212, 0.165959
trial 1259, 1, 0, 0, 1, 2, 49565.3, 0.0280913, 0.29988, 0.413674
trial 1260, 1, 1, 5, 6, 3, 76162.7, 0.723348, 0.484154, 0.392116
trial 1261, 1, 1, 2, 8, 0, 16965.3, 0.65173, 0.470064, 0.203756
trial 1262, 1, 0, 8, 0, 2, 32434.7, 0.938218, 0.338304, 0.280174
trial 1263, 1, 1, 1, 1, 3, 6760, 0.465449, 0.395096, 0.442217
trial 1264, 1, 0, 5, 5, 1, 53418.7, 0.668012, 0.448089, 0.5
trial 1265, 1, 0, 1, 4, 7, 29874.7, 0.413995, 0.745274, 0.563316
trial 1266, 1, 1, 1, 0, 7, 53797.3, 0.327527, 0.330499, 0.812615
trial 1267, 1, 1, 8, 1, 2, 25080, 0.843223, 0.403346, 0.659275
trial 1268, 1, 0, 0, 0, 4, 3045.33, 0.0278087, 0.395395, 0.5
trial 1269, 1, 1, 8, 3, 7, 14669.3, 0.888364, 0.881384, 0.624835
trial 1270, 1, 0, 7, 1, 6, 66472, 0.879158, 0.392194, 0.653421
trial 1271, 1, 0, 6, 0, 8, 54829.3, 0.811532, 0.428749, 0.662715
trial 1272, 1, 1, 5, 8, 6, 51962.7, 0.684927, 0.752052, 0.490621
trial 1273, 1, 0, 2, 6, 3, 54872, 0.188722, 0.4924, 0.5
trial 1274, 1, 0, 5, 7, 6, 79504, 0.596206, 0.784106, 0.5
trial 1275, 1, 0, 1, 5, 2, 6632, 0.116339, 0.669849, 0.35663
trial 1276, 1, 0, 2, 7, 4, 61360, 0.173336, 0.59952, 0.407585
trial 1277, 1, 1, 0, 7, 7, 74344, 0.191254, 0.990154, 0.604063
trial 1278, 1, 0, 6, 6, 0, 6861.33, 0.770067, 0.47034, 0.11783
trial 1279, 1, 1, 4, 4, 3, 3069.33, 0.459325, 0.444842, 0.418142
trial 1280, 1, 0, 3, 4, 8, 34040, 0.216143, 0.812672, 0.615399
trial 1281, 1, 0, 4, 3, 6, 40160, 0.260604, 0.387903, 0.625155
trial 1282, 1, 1, 8, 7, 6, 74034.7, 0.864296, 0.450408, 0.5
trial 1283, 1, 1, 2, 5, 4, 4413.33, 0.370557, 0.438833, 0.5
trial 1284, 1, 0, 7, 8, 3, 31936, 0.705084, 0.732168, 0.420182
trial 1285, 1, 1, 7, 3, 0, 76130.7, 0.791247, 0.462487, 0.178086
trial 1286, 1, 1, 0, 0, 8, 24181.3, 0.354721, 0.285738, 0.868604
trial 1287, 1, 1, 7, 2, 8, 13312, 0.846641, 0.516801, 0.833863
trial 1288, 1, 0, 0, 8, 5, 64621.3, 0.180596, 0.507039, 0.5
trial 1289, 1, 1, 0, 0, 1, 15714.7, 0.219954, 0.298152, 0.509032
trial 1290, 1, 0, 0, 4, 0, 39792, 0.213196, 0.440517, 0.277258
trial 1291, 1, 1, 7, 4, 2, 74072, 0.720168, 0.427115, 0.40982
trial 1292, 1, 1, 2, 0, 6, 2720, 0.284428, 0.400163, 0.816853
trial 1293, 1, 0, 4, 7, 3, 35488, 0.261553, 0.413214, 0.700668
trial 1294, 1, 1, 6, 5, 4, 74218.7, 0.732831, 0.612088, 0.5
trial 1295, 1, 0, 2, 0, 1, 24410.7, 0.219379, 0.375451, 0.237756
trial 1296, 1, 1, 0, 8, 7, 62869.3, 0.19933, 0.806611, 0.5
trial 1297, 1, 1, 4, 4, 6, 7224, 0.645856, 0.833151, 0.5
trial 1298, 1, 1, 5, 4, 8, 27680, 0.685275, 0.466127, 0.5
trial 1299, 1, 0, 8, 2, 0, 26802.7, 0.894542, 0.365574, 0.360698
trial 1300, 1, 0, 6, 4, 3, 936, 0.643398, 0.379287, 0.431268
trial 1301, 1, 0, 4, 6, 8, 29808, 0.716318, 0.669916, 0.609915
trial 1302, 1, 1, 6, 4, 7, 76578.7, 0.863052, 0.439946, 0.691652
trial 1303, 1, 0, 3, 6, 5, 3309.33, 0.096473, 0.803223, 0.5
trial 1304, 1, 1, 1, 4, 5, 46301.3, 0.0929155, 0.399313, 0.5
trial 1305, 1, 0, 6, 4, 6, 22994.7, 0.644051, 0.776166, 0.5
trial 1306, 1, 0, 4, 7, 5, 5077.33, 0.630775, 0.817416, 0.5
trial 1307, 1, 1, 6, 1, 4, 77549.3, 0.64735, 0.381934, 0.461148
trial 1308, 1, 0, 2, 4, 6, 68725.3, 0.213732, 0.813283, 0.5
trial 1309, 1, 1, 4, 1, 4, 13514.7, 0.465498, 0.446219, 0.451895
trial 1310, 1, 1, 7, 7, 0, 1698.67, 0.78398, 0.382109, 0.340797
trial 1311, 1, 0, 5, 6, 7, 70992, 0.794849, 0.920952, 0.670593
trial 1312, 1, 1, 0, 7, 6, 75762.7, 0.200817, 0.940279, 0.5
trial 1313, 1, 0, 2, 5, 2, 60634.7, 0.252064, 0.505539, 0.424052
trial 1314, 1, 1, 7, 0, 2, 77805.3, 0.760636, 0.345156, 0.5
trial 1315, 1, 1, 8, 0, 0, 3120, 0.801251, 0.366229, 0.373877
trial 1316, 1, 1, 4, 5, 5, 61149.3, 0.677141, 0.66319, 0.5
trial 1317, 1, 1, 3, 8, 8, 42138.7, 0.664637, 0.788432, 0.564615
trial 1318, 1, 0, 4, 0, 8, 17477.3, 0.596183, 0.487644, 0.62496
trial 1319, 1, 1, 8, 5, 7, 15912, 0.882657, 0.760566, 0.5458
trial 1320, 1, 1, 6, 3, 6, 2650.67, 0.860462, 0.768326, 0.555234
trial 1321, 1, 0, 4, 2, 3, 1237.33, 0.388911, 0.429332, 0.5
trial 1322, 1, 1, 0, 0, 3, 75992, 0.202619, 0.374377, 0.585356
trial 1323, 1, 0, 5, 4, 8, 3794.67, 0.410431, 0.668696, 0.758778
trial 1324, 1, 1, 2, 5, 8, 2125.33, 0.412967, 0.736792, 0.548225
trial 1325, 1, 0, 5, 6, 8, 55194.7, 0.616574, 0.759206, 0.572437
trial 1326, 1, 1, 4, 0, 5, 968, 0.653839, 0.424566, 0.5
trial 1327, 1, 0, 8, 5, 3, 29986.7, 0.651831, 0.458299, 0.5
trial 1328, 1, 0, 7, 8, 6, 3149.33, 0.93664, 0.680208, 0.5
trial 1329, 1, 1, 8, 0, 2, 39416, 0.71879, 0.153217, 0.464656
trial 1330, 1, 1, 6, 0, 6, 15608, 0.72254, 0.421577, 0.5
trial 1331, 1, 0, 6, 5, 8, 4269.33, 0.818853, 0.592283, 0.5
trial 1332, 1, 1, 1, 3, 3, 78954.7, 0.385841, 0.410195, 0.456454
trial 1333, 1, 0, 4, 1, 0, 56197.3, 0.129774, 0.197578, 0.38157
trial 1334, 1, 0, 5, 3, 8, 25240, 0.69172, 0.589768, 0.675782
trial 1335, 1, 1, 7, 4, 1, 650.667, 0.678566, 0.476837, 0.338608
trial 1336, 1, 0, 0, 5, 6, 3154.67, 0.230225, 0.600559, 0.5
trial 1337, 1, 0, 3, 2, 6, 67573.3, 0.218866, 0.815599, 0.560836
trial 1338, 1, 1, 1, 3, 8, 31914.7, 0.31213, 0.419583, 0.566356
trial 1339, 1, 0, 7, 2, 0, 65421.3, 0.469377, 0.36289, 0.371053
trial 1340, 1, 0, 8, 0, 6, 59944, 0.613619, 0.599676, 0.49212
trial 1341, 1, 1, 8, 3, 4, 4256, 0.846389, 0.447659, 0.394326
trial 1342, 1, 1, 1, 3, 7, 19405.3, 0.421779, 0.571881, 0.461435
trial 1343, 1, 1, 6, 7, 5, 49786.7, 0.804037, 0.687303, 0.5
trial 1344, 1, 1, 4, 1, 3, 68928, 0.727516, 0.38338, 0.352714
trial 1345, 1, 0, 1, 3, 8, 3802.67, 0.145793, 0.666958, 0.731177
trial 1346, 1, 1, 8, 2, 8, 76501.3, 0.775987, 0.478669, 0.70186
trial 1347, 1, 0, 1, 6, 0, 14954.7, 0.0838771, 0.42708, 0.145849
trial 1348, 1, 1, 4, 8, 1, 8240, 0.793745, 0.450016, 0.130927
trial 1349, 1, 1, 2, 8, 8, 53749.3, 0.704234, 0.805753, 0.589623
trial 1350, 1, 0, 6, 7, 8, 34410.7, 0.930504, 0.812321, 0.710942
trial 1351, 1, 0, 8, 8, 3, 61042.7, 0.707561, 0.51448, 0.381661
trial 1352, 1, 0, 5, 3, 1, 1344, 0.711269, 0.446245, 0.336683
trial 1353, 1, 0, 7, 1, 8, 50080, 0.809514, 0.395507, 0.680713
trial 1354, 1, 1, 3, 7, 0, 78568, 0.686953, 0.488245, 0.140319
trial 1355, 1, 0, 8, 6, 1, 1056, 0.722428, 0.464872, 0.285077
trial 1356, 1, 0, 0, 7, 0, 15805.3, 0.346607, 0.455095, 0.201306
trial 1357, 1, 0, 5, 0, 3, 44080, 0.67822, 0.198939, 0.424126
trial 1358, 1, 1, 4, 8, 0, 71050.7, 0.655049, 0.529498, 0.229863
trial 1359, 1, 1, 7, 8, 2, 14648, 0.765136, 0.524386, 0.28776
trial 1360, 1, 1, 8, 1, 1, 13912, 0.777711, 0.215219, 0.456129
trial 1361, 1, 0, 3, 8, 6, 66805.3, 0.100093, 0.866651, 0.581874
trial 1362, 1, 1, 6, 7, 1, 7568, 0.778863, 0.524744, 0.222824
trial 1363, 1, 1, 3, 1, 7, 44586.7, 0.790358, 0.365949, 0.733653
trial 1364, 1, 0, 7, 3, 0, 56573.3, 0.685803, 0.421823, 0.414825
trial 1365, 1, 0, 8, 4, 5, 41696, 0.692574, 0.509635, 0.5
trial 1366, 1, 1, 7, 2, 5, 42506.7, 0.929454, 0.562129, 0.5
trial 1367, 1, 1, 5, 0, 0, 69984, 0.91763, 0.149048, 0.447055
trial 1368, 1, 1, 3, 5, 0, 36408, 0.784326, 0.45445, 0.21959
trial 1369, 1, 1, 3, 2, 1, 57354.7, 0.664575, 0.463879, 0.310645
trial 1370, 1, 1, 8, 6, 3, 53989.3, 0.804858, 0.433497, 0.447906
trial 1371, 1, 0, 5, 6, 5, 6525.33, 0.61626, 0.842733, 0.5
trial 1372, 1, 1, 0, 7, 0, 41544, 0.287567, 0.486585, 0.272726
trial 1373, 1, 0, 7, 5, 5, 31736, 0.829949, 0.747422, 0.5
trial 1374, 1, 0, 4, 1, 1, 11914.7, 0.562628, 0.366459, 0.5
trial 1375, 1, 1, 1, 0, 1, 26970.7, 0.12556, 0.210732, 0.5
trial 1376, 1, 1, 4, 5, 4, 31744, 0.566528, 0.723942, 0.5
trial 1377, 1, 0, 8, 3, 1, 57357.3, 0.93494, 0.449302, 0.246545
trial 1378, 1, 1, 5, 3, 0, 36005.3, 0.871849, 0.445772, 0.194515
trial 1379, 1, 0, 8, 6, 2, 12989.3, 0.662701, 0.424925, 0.263658
trial 1380, 1, 0, 6, 8, 2, 41354.7, 0.607884, 0.453262, 0.251964
trial 1381, 1, 1, 5, 5, 7, 44848, 0.927979, 0.795966, 0.815656
trial 1382, 1, 1, 1, 1, 2, 23538.7, 0.615636, 0.394482, 0.5
trial 1383, 1, 1, 5, 3, 4, 13384, 0.667618, 0.46474, 0.448021
trial 1384, 1, 0, 7, 1, 3, 7314.67, 0.797278, 0.328841, 0.5
trial 1385, 1, 1, 1, 8, 7, 77277.3, 0.608103, 0.885752, 0.581759
trial 1386, 1, 1, 5, 6, 0, 714.667, 0.706425, 0.487761, 0.301638
trial 1387, 1, 0, 6, 8, 1, 2669.33, 0.700386, 0.496575, 0.365616
trial 1388, 1, 0, 6, 4, 0, 42864, 0.746055, 0.53027, 0.223972
trial 1389, 1, 1, 6, 5, 8, 2525.33, 0.861794, 0.869405, 0.826521
trial 1390, 1, 1, 8, 8, 3, 78733.3, 0.779857, 0.497463, 0.5
trial 1391, 1, 0, 7, 3, 6, 38461.3, 0.862717, 0.658643, 0.546512
trial 1392, 1, 0, 5, 4, 0, 70112, 0.655178, 0.5086, 0.330542
trial 1393, 1, 0, 6, 2, 3, 6816, 0.70994, 0.466914, 0.415139
trial 1394, 1, 1, 6, 3, 4, 37936, 0.837727, 0.510737, 0.5
trial 1395, 1, 1, 6, 6, 8, 8680, 0.889223, 0.849593, 0.704933
trial 1396, 1, 0, 7, 3, 1, 36245.3, 0.806698, 0.449732, 0.376427
trial 1397, 1, 1, 6, 7, 6, 10472, 0.875711, 0.750968, 0.5
trial 1398, 1, 1, 5, 6, 8, 79242.7, 0.808579, 0.849831, 0.5
trial 1399, 1, 0, 1, 7, 8, 5117.33, 0.0937877, 0.882902, 0.5
trial 1400, 1, 1, 3, 5, 8, 4653.33, 0.569525, 0.82619, 0.5
trial 1401, 1, 1, 1, 1, 6, 40408, 0.264824, 0.656424, 0.5
trial 1402, 1, 0, 4, 8, 1, 15448, 0.320546, 0.46991, 0.394693
trial 1403, 1, 1, 1, 2, 1, 42021.3, 0.289112, 0.454666, 0.457963
trial 1404, 1, 1, 0, 1, 4, 37808, 0.301105, 0.456336, 0.443701
trial 1405, 1, 0, 4, 8, 2, 18754.7, 0.645417, 0.493127, 0.381818
trial 1406, 1, 1, 4, 3, 6, 22306.7, 0.798938, 0.557123, 0.5
trial 1407, 1, 0, 6, 1, 3, 63445.3, 0.743696, 0.438386, 0.489611
trial 1408, 1, 0, 3, 0, 1, 29672, 0.659163, 0.405395, 0.400426
trial 1409, 1, 1, 2, 3, 2, 36450.7, 0.355665, 0.442399, 0.431033
trial 1410, 1, 0, 6, 1, 4, 68085.3, 0.658551, 0.424993, 0.5
trial 1411, 1, 0, 2, 4, 4, 69346.7, 0.398548, 0.60019, 0.5
trial 1412, 1, 1, 2, 6, 7, 55821.3, 0.606848, 0.827497, 0.5
trial 1413, 1, 0, 5, 8, 2, 3488, 0.663787, 0.610427, 0.454997
trial 1414, 1, 1, 6, 0, 7, 29613.3, 0.895332, 0.33684, 0.625911
trial 1415, 1, 1, 6, 7, 3, 10416, 0.744204, 0.57914, 0.428401
trial 1416, 1, 1, 4, 2, 4, 65682.7, 0.724584, 0.414182, 0.5
trial 1417, 1, 1, 3, 0, 6, 9664, 0.705706, 0.436926, 0.603794
trial 1418, 1, 0, 8, 6, 4, 44880, 0.859852, 0.520375, 0.5
trial 1419, 1, 1, 4, 4, 4, 1200, 0.655404, 0.417428, 0.503576
trial 1420, 1, 0, 3, 7, 6, 1418.67, 0.195719, 0.920125, 0.607681
trial 1421, 1, 0, 7, 6, 6, 21458.7, 0.83536, 0.74433, 0.569514
trial 1422, 1, 0, 3, 8, 3, 22082.7, 0.327582, 0.762516, 0.5
trial 1423, 1, 1, 1, 3, 6, 34168, 0.580428, 0.781813, 0.628585
trial 1424, 1, 1, 2, 6, 4, 62565.3, 0.413649, 0.455257, 0.623608
trial 1425, 1, 0, 8, 4, 7, 6485.33, 0.909449, 0.657607, 0.829708
trial 1426, 1, 0, 1, 0, 3, 45888, 0.232835, 0.350957, 0.661743
trial 1427, 1, 0, 8, 5, 7, 949.333, 0.927276, 0.780279, 0.626303
trial 1428, 1, 0, 8, 7, 5, 51784, 0.856647, 0.841547, 0.63378
trial 1429, 1, 1, 2, 4, 8, 35309.3, 0.784358, 0.744614, 0.680817
trial 1430, 1, 1, 5, 4, 1, 32645.3, 0.842548, 0.500556, 0.307105
trial 1431, 1, 1, 0, 2, 0, 48546.7, 0.443926, 0.432053, 0.381987
trial 1432, 1, 1, 0, 3, 7, 68224, 0.423153, 0.737341, 0.698747
trial 1433, 1, 0, 2, 1, 6, 43218.7, 0.426613, 0.471655, 0.673281
trial 1434, 1, 0, 7, 6, 7, 66122.7, 0.887754, 0.767118, 0.758887
trial 1435, 1, 1, 6, 4, 6, 41360, 0.860003, 0.749252, 0.654969
trial 1436, 1, 1, 1, 7, 5, 15034.7, 0.559237, 0.685195, 0.564626
trial 1437, 1, 1, 1, 4, 3, 3384, 0.458989, 0.464943, 0.557148
trial 1438, 1, 1, 3, 1, 1, 23384, 0.635532, 0.3516, 0.460581
trial 1439, 1, 1, 0, 3, 4, 6778.67, 0.41468, 0.446862, 0.468909
trial 1440, 1, 0, 0, 6, 8, 66176, 0.226171, 0.622481, 0.713724
trial 1441, 1, 0, 2, 3, 6, 6101.33, 0.0981022, 0.579513, 0.656726
trial 1442, 1, 0, 8, 4, 4, 2085.33, 0.895047, 0.46045, 0.463999
trial 1443, 1, 1, 5, 7, 0, 24178.7, 0.946701, 0.467823, 0.0986645
trial 1444, 1, 0, 6, 6, 2, 19826.7, 0.647688, 0.462699, 0.395464
trial 1445, 1, 1, 7, 3, 2, 48605.3, 0.70851, 0.461493, 0.37106
trial 1446, 1, 1, 2, 6, 0, 22285.3, 0.595639, 0.47375, 0.365715
trial 1447, 1, 0, 2, 8, 6, 72789.3, 0.0927102, 0.828776, 0.596045
trial 1448, 1, 0, 5, 2, 2, 450.667, 0.394355, 0.450437, 0.397474
trial 1449, 1, 1, 2, 3, 4, 73229.3, 0.281727, 0.46867, 0.5
trial 1450, 1, 0, 0, 3, 4, 30864, 0.284078, 0.465961, 0.5
trial 1451, 1, 1, 5, 6, 2, 24837.3, 0.821213, 0.464536, 0.401641
trial 1452, 1, 0, 1, 3, 2, 46858.7, 0.240669, 0.437043, 0.5
trial 1453, 1, 1, 0, 2, 8, 41448, 0.154997, 0.654223, 0.711146
trial 1454, 1, 0, 5, 6, 3, 35066.7, 0.567363, 0.450932, 0.351012
trial 1455, 1, 0, 0, 5, 2, 37389.3, 0.28349, 0.420696, 0.5
trial 1456, 1, 1, 3, 3, 6, 56053.3, 0.597429, 0.605963, 0.615492
trial 1457, 1, 1, 1, 3, 4, 43256, 0.332952, 0.451711, 0.43335
trial 1458, 1, 1, 3, 1, 6, 55586.7, 0.653596, 0.368638, 0.612847
trial 1459, 1, 0, 6, 8, 0, 15570.7, 0.74215, 0.448771, 0.204762
