OctaneSinglePotato Data File OctaneSinglePotatoRes_1973.txt
Participant Number: 1973
Date: 03/09/15, Time: 11:25:09
=============================


trial 1, 1, -1, -1, -1, -1, 0, 0, 0, 0
trial 2, 1, 0, 1, 8, 0, 39626.7, 0.101582, 0.701067, 0.0516498
trial 3, 1, 1, 5, 7, 1, 7010.67, 0.766125, 0.8069, 0.3869
trial 4, 1, 0, 6, 0, 2, 68032, 0.714481, 0.49065, 0.414087
trial 5, 1, 1, 0, 1, 3, 68930.7, 0.20256, 0.350685, 0.613395
trial 6, 1, 0, 0, 4, 6, 70746.7, 0.120957, 0.512301, 0.879369
trial 7, 1, 0, 2, 6, 4, 59554.7, 0.163735, 0.631097, 0.572904
trial 8, 1, 1, 4, 7, 8, 59640, 0.820088, 0.827231, 0.817646
trial 9, 1, 1, 5, 5, 6, 79824, 0.830522, 0.74448, 0.748149
trial 10, 1, 1, 2, 6, 3, 5792, 0.208434, 0.663114, 0.268175
trial 11, 1, 1, 3, 2, 3, 20253.3, 0.613419, 0.342071, 0.527465
trial 12, 1, 0, 5, 8, 1, 60050.7, 0.761913, 0.339992, 0.223629
trial 13, 1, 0, 6, 6, 6, 68410.7, 0.934724, 0.666177, 0.903622
trial 14, 1, 0, 1, 2, 6, 78712, 0.124809, 0.536745, 0.873876
trial 15, 1, 0, 3, 4, 6, 66197.3, 0.191709, 0.901985, 0.920409
trial 16, 1, 1, 8, 4, 1, 269.333, 0.886155, 0.393629, 0.24722
trial 17, 1, 1, 2, 4, 4, 12152, 0.621886, 0.715231, 0.647713
trial 18, 1, 0, 4, 5, 5, 2328, 0.693982, 0.663256, 0.374073
trial 19, 1, 0, 8, 8, 5, 20186.7, 0.870179, 0.825976, 0.683889
trial 20, 1, 0, 5, 6, 0, 47957.3, 0.633474, 0.782938, 0.0777232
trial 21, 1, 1, 4, 2, 7, 59696, 0.900109, 0.771997, 0.939942
trial 22, 1, 1, 6, 2, 8, 8560, 0.90812, 0.783009, 0.926101
trial 23, 1, 1, 8, 3, 3, 56106.7, 0.893583, 0.780311, 0.826712
trial 24, 1, 1, 4, 1, 1, 24154.7, 0.373313, 0.328286, 0.203619
trial 25, 1, 0, 7, 6, 0, 57168, 0.830094, 0.871036, 0.0667445
trial 26, 1, 0, 8, 0, 1, 2776, 0.930326, 0.762962, 0.430801
trial 27, 1, 0, 0, 8, 4, 29800, 0.105647, 0.869913, 0.643769
trial 28, 1, 1, 5, 4, 0, 37829.3, 0.778759, 0.785802, 0.087573
trial 29, 1, 0, 6, 8, 5, 42162.7, 0.846034, 0.745021, 0.809985
trial 30, 1, 1, 4, 6, 8, 34269.3, 0.784323, 0.98695, 0.98007
trial 31, 1, 1, 2, 4, 2, 35562.7, 0.174874, 0.676215, 0.394536
trial 32, 1, 0, 4, 8, 7, 5256, 0.719829, 0.962322, 0.835386
trial 33, 1, 1, 0, 6, 6, 68717.3, 0.0458721, 0.847252, 0.774855
trial 34, 1, 0, 8, 4, 2, 17949.3, 0.967227, 0.312435, 0.252807
trial 35, 1, 0, 2, 6, 1, 77008, 0.183926, 0.743888, 0.20857
trial 36, 1, 0, 2, 5, 5, 66888, 0.110722, 0.766722, 0.672156
trial 37, 1, 1, 7, 5, 2, 61050.7, 0.906323, 0.787639, 0.29014
trial 38, 1, 1, 7, 1, 5, 17688, 0.979825, 0.563943, 0.895846
trial 39, 1, 1, 0, 8, 2, 1056, 0.0203576, 0.876015, 0.207401
trial 40, 1, 0, 3, 4, 2, 29909.3, 0.629919, 0.733716, 0.356029
trial 41, 1, 1, 6, 4, 2, 38829.3, 0.774175, 0.828219, 0.275805
trial 42, 1, 1, 8, 0, 7, 66594.7, 0.869519, 0.21163, 0.860772
trial 43, 1, 1, 4, 7, 5, 21392, 0.829462, 0.67058, 0.832811
trial 44, 1, 1, 7, 7, 4, 23392, 0.764409, 0.910784, 0.675137
trial 45, 1, 0, 0, 2, 6, 12488, 0.0670674, 0.448119, 0.816737
trial 46, 1, 0, 4, 5, 8, 1056, 0.681509, 0.826003, 0.971684
trial 47, 1, 1, 8, 8, 6, 19354.7, 0.986739, 0.925471, 0.886107
trial 48, 1, 1, 6, 3, 1, 165.333, 0.916542, 0.722151, 0.13077
trial 49, 1, 0, 1, 4, 1, 77165.3, 0.100375, 0.52655, 0.193925
trial 50, 1, 0, 0, 1, 5, 75261.3, 0.113616, 0.273058, 0.360975
trial 51, 1, 1, 6, 8, 7, 71661.3, 0.980675, 0.996516, 1
trial 52, 1, 1, 5, 7, 4, 63258.7, 0.879118, 0.869926, 0.836304
trial 53, 1, 1, 7, 4, 7, 5512, 0.95295, 0.756056, 0.896987
trial 54, 1, 0, 4, 3, 0, 21328, 0.532576, 0.68078, 0.0723574
trial 55, 1, 0, 5, 0, 2, 71146.7, 0.716372, 0.231435, 0.36153
trial 56, 1, 0, 2, 5, 3, 4349.33, 0.200399, 0.469339, 0.475833
trial 57, 1, 0, 1, 3, 7, 42413.3, 0.222111, 0.704642, 0.758109
trial 58, 1, 0, 2, 6, 5, 30578.7, 0.14095, 0.833541, 0.637921
trial 59, 1, 0, 3, 2, 3, 53688, 0.556724, 0.491598, 0.515286
trial 60, 1, 1, 8, 2, 4, 63717.3, 0.913539, 0.616948, 0.691573
trial 61, 1, 0, 0, 4, 8, 71504, 0.0381647, 0.72566, 0.918607
trial 62, 1, 1, 8, 3, 1, 66386.7, 0.920852, 0.319094, 0.222875
trial 63, 1, 1, 8, 5, 1, 31293.3, 1, 0.820895, 0.164166
trial 64, 1, 0, 5, 3, 4, 44608, 0.618215, 0.691569, 0.41641
trial 65, 1, 1, 0, 1, 5, 64565.3, 0.102053, 0.268215, 0.82115
trial 66, 1, 0, 8, 5, 2, 56421.3, 0.789293, 0.803818, 0.140635
trial 67, 1, 1, 2, 8, 7, 79480, 0.119921, 0.879441, 0.931535
trial 68, 1, 1, 4, 0, 3, 43954.7, 0.863782, 0.36363, 0.839988
trial 69, 1, 0, 6, 2, 2, 76165.3, 0.760603, 0.386483, 0.398146
trial 70, 1, 1, 4, 6, 3, 10322.7, 0.820066, 0.819059, 0.184055
trial 71, 1, 1, 5, 8, 2, 4440, 0.754598, 0.762073, 0.370918
trial 72, 1, 0, 3, 7, 1, 40978.7, 0.333085, 0.524107, 0.084727
trial 73, 1, 0, 1, 8, 4, 32709.3, 0.505789, 0.657949, 0.379877
trial 74, 1, 1, 5, 7, 2, 52882.7, 0.840862, 0.85546, 0.208913
trial 75, 1, 1, 7, 8, 7, 64314.7, 0.967131, 0.940758, 0.965793
trial 76, 1, 1, 7, 7, 7, 32082.7, 0.954687, 0.952558, 0.915039
trial 77, 1, 1, 1, 2, 8, 63101.3, 0.145278, 0.395616, 0.709185
trial 78, 1, 0, 8, 0, 5, 70941.3, 0.901044, 0.437938, 0.853263
trial 79, 1, 1, 5, 5, 5, 67973.3, 0.75942, 0.75334, 0.750105
trial 80, 1, 1, 6, 5, 2, 32610.7, 0.885251, 0.874456, 0.188934
trial 81, 1, 1, 0, 5, 5, 5616, 0.0669048, 0.598976, 0.375627
trial 82, 1, 1, 7, 0, 8, 76698.7, 0.943361, 0.36954, 0.916636
trial 83, 1, 0, 6, 0, 7, 72909.3, 0.936698, 0.372812, 0.950839
trial 84, 1, 0, 4, 4, 2, 3994.67, 0.712135, 0.70892, 0.45974
trial 85, 1, 0, 5, 0, 6, 13293.3, 0.764377, 0.0869657, 0.731726
trial 86, 1, 1, 8, 7, 4, 7205.33, 0.930105, 0.229304, 0.633867
trial 87, 1, 0, 6, 8, 4, 73834.7, 0.901566, 0.853014, 0.132707
trial 88, 1, 1, 4, 5, 2, 11808, 0.188342, 0.7943, 0.297318
trial 89, 1, 1, 4, 7, 1, 72525.3, 0.3274, 0.70909, 0.151462
trial 90, 1, 1, 5, 5, 8, 65402.7, 0.898008, 0.871147, 0.84402
trial 91, 1, 1, 7, 7, 6, 76778.7, 0.862393, 0.862115, 0.862047
trial 92, 1, 1, 6, 6, 7, 54794.7, 0.88331, 0.881768, 0.905104
trial 93, 1, 0, 7, 6, 8, 64970.7, 0.913576, 0.836851, 0.928134
trial 94, 1, 0, 1, 2, 3, 18760, 0.143675, 0.187992, 0.414075
trial 95, 1, 1, 2, 5, 5, 3165.33, 0.203297, 0.669466, 0.666604
trial 96, 1, 1, 3, 0, 0, 6634.67, 0.202058, 0.146533, 0.143098
trial 97, 1, 1, 3, 8, 1, 44042.7, 0.673103, 0.814973, 0.168842
trial 98, 1, 0, 2, 1, 3, 18005.3, 0.500408, 0.370814, 0.698902
trial 99, 1, 1, 6, 7, 7, 40061.3, 0.876368, 0.816351, 0.932973
trial 100, 1, 0, 6, 3, 3, 11736, 0.920819, 0.372203, 0.659405
trial 101, 1, 0, 7, 7, 8, 39066.7, 0.912406, 0.854774, 0.941708
trial 102, 1, 0, 4, 8, 5, 72298.7, 0.782678, 0.854216, 0.583962
trial 103, 1, 0, 0, 8, 0, 15314.7, 0.150442, 0.724947, 0
trial 104, 1, 0, 5, 5, 2, 19674.7, 0.592731, 0.539524, 0.343078
trial 105, 1, 1, 7, 3, 6, 34709.3, 0.880696, 0.674828, 0.904986
trial 106, 1, 0, 7, 7, 5, 17053.3, 0.894767, 0.663733, 0.725755
trial 107, 1, 1, 6, 4, 5, 25408, 0.800225, 0.801991, 0.647717
trial 108, 1, 1, 7, 5, 3, 29021.3, 0.936675, 0.440228, 0.326125
trial 109, 1, 0, 8, 2, 4, 11866.7, 0.71204, 0.608397, 0.775049
trial 110, 1, 1, 8, 8, 5, 79381.3, 0.909894, 0.94966, 0.875278
trial 111, 1, 0, 7, 4, 5, 61194.7, 0.674188, 0.764046, 0.901512
trial 112, 1, 0, 3, 0, 4, 5386.67, 0.169497, 0.168236, 0.677025
trial 113, 1, 0, 3, 2, 0, 52621.3, 0.146207, 0.276717, 0.0551565
trial 114, 1, 0, 3, 6, 1, 26128, 0.151768, 0.433503, 0.212946
trial 115, 1, 0, 5, 4, 1, 9000, 0.743991, 0.474085, 0.285909
trial 116, 1, 1, 3, 2, 7, 9437.33, 0.765526, 0.613433, 0.920057
trial 117, 1, 1, 5, 3, 6, 45760, 0.80006, 0.65317, 0.862821
trial 118, 1, 0, 5, 6, 6, 1176, 0.651832, 0.891405, 0.868804
trial 119, 1, 1, 1, 8, 6, 45253.3, 0.0709346, 0.903177, 0.639751
trial 120, 1, 1, 4, 3, 8, 2688, 0.743363, 0.629963, 0.901611
trial 121, 1, 1, 3, 5, 2, 47592, 0.443261, 0.318287, 0.197726
trial 122, 1, 1, 0, 6, 2, 4418.67, 0.0687302, 0.388173, 0.181888
trial 123, 1, 0, 7, 0, 0, 42536, 0.895969, 0.33751, 0.0603761
trial 124, 1, 1, 8, 5, 2, 45882.7, 0.917303, 0.480691, 0.267706
trial 125, 1, 0, 3, 6, 2, 23762.7, 0.318698, 0.654236, 0.165701
trial 126, 1, 0, 7, 7, 3, 2192, 0.752445, 0.735312, 0.196577
trial 127, 1, 0, 2, 1, 2, 42672, 0.496796, 0.220098, 0.204663
trial 128, 1, 1, 3, 3, 5, 52797.3, 0.209694, 0.662386, 0.669905
trial 129, 1, 0, 3, 4, 7, 38309.3, 0.0804147, 0.720078, 0.88613
trial 130, 1, 0, 7, 1, 5, 40864, 0.871662, 0.231721, 0.863741
trial 131, 1, 0, 8, 7, 4, 73098.7, 0.967582, 0.826719, 0.339238
trial 132, 1, 1, 5, 3, 5, 29034.7, 0.810902, 0.616198, 0.614448
trial 133, 1, 0, 1, 2, 4, 68752, 0.144585, 0.28685, 0.343348
trial 134, 1, 1, 3, 8, 5, 57445.3, 0.705751, 0.88956, 0.309332
trial 135, 1, 1, 4, 8, 4, 3746.67, 0.810502, 0.79252, 0.284598
trial 136, 1, 0, 5, 0, 7, 4629.33, 0.794931, 0.202454, 0.903298
trial 137, 1, 0, 1, 3, 0, 70608, 0, 0.242016, 0
trial 138, 1, 1, 5, 2, 7, 19978.7, 0.917193, 0.538115, 0.944957
trial 139, 1, 0, 6, 4, 5, 3690.67, 0.90932, 0.79825, 0.805892
trial 140, 1, 0, 3, 3, 1, 13733.3, 0.128049, 0.649757, 0.123326
trial 141, 1, 1, 4, 3, 5, 32810.7, 0.825595, 0.290226, 0.610178
trial 142, 1, 0, 6, 5, 7, 54432, 0.833874, 0.818407, 0.840214
trial 143, 1, 1, 0, 0, 2, 21330.7, 0.0889071, 0.0926022, 0.285101
trial 144, 1, 1, 2, 1, 5, 44045.3, 0.249584, 0.197689, 0.714327
trial 145, 1, 1, 7, 0, 0, 1525.33, 0.865959, 0, 0
trial 146, 1, 1, 3, 2, 8, 77856, 0.861858, 0.159342, 0.819908
trial 147, 1, 1, 5, 2, 6, 58381.3, 0.758829, 0.67625, 0.818812
trial 148, 1, 0, 2, 3, 8, 4285.33, 0.521381, 0.358409, 0.680514
trial 149, 1, 1, 8, 1, 3, 2602.67, 0.893148, 0.230884, 0.263097
trial 150, 1, 0, 0, 6, 1, 63930.7, 0.0740581, 0.811945, 0.0473833
trial 151, 1, 1, 6, 2, 3, 27533.3, 0.781793, 0.80096, 0.188429
trial 152, 1, 0, 0, 7, 5, 229.333, 0.115401, 0.877114, 0.23896
trial 153, 1, 1, 5, 5, 4, 44850.7, 0.788969, 0.77591, 0.5
trial 154, 1, 1, 8, 2, 0, 60656, 0.979088, 0.375865, 0.00204622
trial 155, 1, 0, 6, 3, 0, 2632, 0.84152, 0.280264, 0.0779516
trial 156, 1, 1, 6, 3, 8, 45336, 0.870138, 0.51735, 0.858968
trial 157, 1, 1, 0, 2, 7, 73885.3, 0.150543, 0.0833753, 0.851876
trial 158, 1, 0, 7, 8, 7, 65066.7, 0.916307, 0.869171, 0.901832
trial 159, 1, 1, 2, 2, 4, 52717.3, 0.176213, 0.446757, 0.568474
trial 160, 1, 1, 6, 1, 3, 22677.3, 0.833519, 0.304609, 0.643372
trial 161, 1, 0, 1, 5, 7, 21578.7, 0.141265, 0.801425, 0.866872
trial 162, 1, 1, 8, 6, 4, 79194.7, 1, 0.836806, 0.723463
trial 163, 1, 1, 8, 6, 0, 59586.7, 0.938738, 0.818205, 0.126585
trial 164, 1, 0, 2, 0, 2, 3533.33, 0.222932, 0.175561, 0.335068
trial 165, 1, 1, 5, 2, 4, 266.667, 0.69224, 0.365369, 0.630394
trial 166, 1, 0, 0, 0, 0, 101.333, 0.0937328, 0.179932, 0.0666689
trial 167, 1, 1, 5, 7, 7, 64010.7, 0.922508, 0.953601, 0.769936
trial 168, 1, 1, 3, 7, 1, 5624, 0.757768, 0.867628, 0.132402
trial 169, 1, 0, 0, 6, 6, 23610.7, 0.0469961, 0.923017, 0.504927
trial 170, 1, 0, 5, 3, 5, 41498.7, 0.609923, 0.305362, 0.586447
trial 171, 1, 0, 3, 0, 6, 43592, 0.212311, 0.624989, 0.698139
trial 172, 1, 1, 0, 1, 8, 64282.7, 0.0952061, 0.228721, 0.931161
trial 173, 1, 1, 2, 1, 3, 5544, 0.785442, 0.284208, 0.506943
trial 174, 1, 0, 1, 8, 8, 23424, 0.175373, 0.865827, 0.774013
trial 175, 1, 1, 8, 0, 6, 18045.3, 0.973401, 0.0810983, 0.943053
trial 176, 1, 1, 1, 7, 4, 33720, 0.291524, 0.816619, 0.753394
trial 177, 1, 0, 5, 5, 7, 22818.7, 0.768657, 0.486637, 0.876929
trial 178, 1, 1, 2, 6, 6, 70408, 0.298542, 0.842381, 0.782828
trial 179, 1, 0, 0, 0, 1, 6498.67, 0.0804817, 0.0983992, 0.686298
trial 180, 1, 1, 7, 3, 8, 66173.3, 0.93938, 0.265032, 0.848003
trial 181, 1, 0, 3, 7, 7, 77493.3, 0.82578, 0.90654, 0.745635
trial 182, 1, 1, 3, 0, 8, 32792, 0.870608, 0.215278, 0.901748
trial 183, 1, 1, 8, 7, 1, 24040, 0.914369, 0.771125, 0.135089
trial 184, 1, 1, 1, 4, 0, 71090.7, 0.122964, 0.672073, 0
trial 185, 1, 1, 6, 6, 6, 65074.7, 0.935836, 0.854963, 0.66475
trial 186, 1, 1, 2, 8, 1, 2074.67, 0.627733, 0.755497, 0.191058
trial 187, 1, 1, 5, 1, 1, 36045.3, 0.745907, 0.209566, 0.277903
trial 188, 1, 0, 6, 0, 1, 60672, 0.832753, 0.0993408, 0.119907
trial 189, 1, 1, 1, 1, 7, 6536, 0.107936, 0.164642, 0.922986
trial 190, 1, 1, 2, 1, 7, 22736, 0.59097, 0.124792, 0.778154
trial 191, 1, 0, 1, 8, 5, 73410.7, 0.218877, 0.878895, 0.421554
trial 192, 1, 0, 3, 3, 6, 73322.7, 0.780691, 0.206494, 0.339721
trial 193, 1, 1, 4, 3, 7, 43021.3, 0.818858, 0.441919, 0.829304
trial 194, 1, 0, 0, 1, 3, 62962.7, 0.149209, 0.150628, 0.403935
trial 195, 1, 0, 3, 5, 8, 10314.7, 0.699477, 0.834821, 0.791411
trial 196, 1, 1, 1, 3, 2, 6370.67, 0.323077, 0.749967, 0.348534
trial 197, 1, 1, 7, 1, 0, 22866.7, 0.900794, 0.149182, 0
trial 198, 1, 0, 8, 6, 0, 29437.3, 0.899914, 0.814515, 0.0403317
trial 199, 1, 0, 4, 5, 6, 2128, 0.689519, 0.869392, 0.806512
trial 200, 1, 0, 2, 8, 0, 5480, 0.642003, 0.90072, 0.125119
trial 201, 1, 0, 1, 1, 8, 58141.3, 0.19171, 0.762277, 0.778266
trial 202, 1, 1, 5, 3, 1, 24626.7, 0.830968, 0.511316, 0.377885
trial 203, 1, 0, 3, 8, 1, 76477.3, 0.230788, 0.796805, 0.144181
trial 204, 1, 0, 2, 2, 8, 39066.7, 0.740561, 0.775333, 0.832089
trial 205, 1, 0, 6, 6, 1, 77554.7, 0.831711, 0.811101, 0.123715
trial 206, 1, 0, 3, 7, 0, 49962.7, 0.0406676, 0.827102, 0
trial 207, 1, 0, 7, 4, 1, 25125.3, 0.856798, 0.747168, 0.634279
trial 208, 1, 0, 0, 0, 7, 5042.67, 0.160213, 0.780167, 0.762875
trial 209, 1, 0, 6, 6, 8, 53112, 0.780148, 0.842433, 0.902143
trial 210, 1, 0, 1, 7, 1, 13605.3, 0.131368, 0.759508, 0.150742
trial 211, 1, 1, 8, 0, 4, 15178.7, 1, 0.654232, 0.789832
trial 212, 1, 1, 5, 4, 2, 63976, 0.814351, 0.719109, 0.575692
trial 213, 1, 1, 0, 7, 5, 56624, 0.0577358, 0.900728, 0.615321
trial 214, 1, 0, 6, 1, 7, 57970.7, 0.936235, 0.193217, 0.897409
trial 215, 1, 0, 4, 4, 7, 12240, 0.780176, 0.48728, 0.880506
trial 216, 1, 1, 4, 2, 5, 25928, 0.821371, 0.483329, 0.740829
trial 217, 1, 1, 5, 8, 4, 49362.7, 0.799928, 0.885795, 0.799478
trial 218, 1, 1, 2, 1, 4, 52754.7, 0.639189, 0.198646, 0.711376
trial 219, 1, 0, 2, 7, 7, 25656, 0.684202, 0.844679, 0.917834
trial 220, 1, 0, 5, 7, 5, 17618.7, 0.782159, 0.824771, 0.733674
trial 221, 1, 1, 2, 8, 6, 52213.3, 0.68864, 0.886734, 0.769979
trial 222, 1, 1, 0, 5, 1, 35402.7, 0.0641716, 0.693688, 0.19451
trial 223, 1, 1, 8, 1, 0, 6378.67, 0.865757, 0.285483, 0.0595866
trial 224, 1, 1, 7, 6, 8, 48389.3, 0.920204, 0.850174, 0.916987
trial 225, 1, 0, 1, 6, 7, 41744, 0.154816, 0.809807, 0.674696
trial 226, 1, 1, 3, 6, 0, 47200, 0.610228, 0.86341, 0.0777723
trial 227, 1, 0, 8, 5, 6, 7229.33, 0.932169, 0.84096, 0.923715
trial 228, 1, 0, 2, 1, 1, 48792, 0.306426, 0.193899, 0.247626
trial 229, 1, 1, 3, 5, 7, 3688, 0.786846, 0.771047, 0.897175
trial 230, 1, 1, 5, 7, 6, 67096, 0.763357, 0.806163, 0.83983
trial 231, 1, 1, 2, 8, 4, 57714.7, 0.543579, 0.919849, 0.637777
trial 232, 1, 1, 2, 7, 4, 27354.7, 0.471615, 0.883955, 0.604578
trial 233, 1, 0, 1, 6, 3, 46429.3, 0.300095, 0.856866, 0.16973
trial 234, 1, 0, 4, 2, 1, 53869.3, 0.345995, 0.20337, 0.20069
trial 235, 1, 0, 3, 7, 4, 3661.33, 0.615468, 0.509367, 0.65719
trial 236, 1, 0, 4, 3, 2, 60608, 0.585699, 0.51465, 0.39374
trial 237, 1, 1, 5, 0, 4, 5152, 0.816791, 0.0777394, 0.484282
trial 238, 1, 1, 6, 1, 5, 32456, 0.877942, 0.0755493, 0.859912
trial 239, 1, 0, 1, 0, 1, 64173.3, 0.227635, 0.0954738, 0.39694
trial 240, 1, 0, 5, 5, 8, 30216, 0.793636, 0.709089, 0.862155
trial 241, 1, 1, 8, 3, 6, 44186.7, 0.950794, 0.766992, 0.856112
trial 242, 1, 1, 0, 4, 5, 25858.7, 0.0883464, 0.67706, 0.663517
trial 243, 1, 0, 7, 6, 5, 34552, 0.914301, 0.722483, 0.393155
trial 244, 1, 0, 5, 2, 6, 1488, 0.835749, 0.365516, 0.825589
trial 245, 1, 0, 6, 4, 4, 4704, 0.827206, 0.710422, 0.301169
trial 246, 1, 0, 5, 5, 4, 11914.7, 0.713769, 0.668694, 0.418817
trial 247, 1, 1, 2, 6, 2, 57840, 0.244961, 0.724292, 0.170025
trial 248, 1, 0, 5, 3, 7, 18597.3, 0.753368, 0.60072, 0.848501
trial 249, 1, 1, 5, 5, 1, 28874.7, 0.818696, 0.797612, 0.12103
trial 250, 1, 0, 1, 2, 1, 76208, 0.182105, 0.317836, 0.220417
trial 251, 1, 0, 0, 8, 1, 24325.3, 0.132449, 0.694301, 0.113685
trial 252, 1, 0, 8, 8, 0, 76474.7, 0.902653, 0.778015, 0
trial 253, 1, 1, 4, 1, 6, 28717.3, 0.851588, 0.474244, 0.762754
trial 254, 1, 1, 8, 5, 8, 19421.3, 0.955094, 0.79179, 0.886715
trial 255, 1, 0, 3, 6, 7, 23752, 0.586035, 0.400937, 0.702571
trial 256, 1, 0, 1, 1, 2, 65106.7, 0.216648, 0.112399, 0.302518
trial 257, 1, 1, 2, 8, 3, 15624, 0.162468, 0.796993, 0.194956
trial 258, 1, 0, 7, 8, 8, 11898.7, 0.786006, 0.733177, 0.805963
trial 259, 1, 1, 7, 2, 1, 28368, 0.854907, 0.710003, 0.112857
trial 260, 1, 1, 2, 2, 7, 65330.7, 0.657892, 0.46915, 0.712108
trial 261, 1, 0, 0, 0, 5, 42456, 0.419186, 0.148633, 0.810915
trial 262, 1, 0, 8, 1, 3, 79754.7, 0.774173, 0.697625, 0.21248
trial 263, 1, 0, 4, 5, 7, 25896, 0.77962, 0.657024, 0.811938
trial 264, 1, 0, 5, 1, 4, 54536, 0.807665, 0.244382, 0.625381
trial 265, 1, 1, 0, 1, 1, 74056, 0.190861, 0.608921, 0.177542
trial 266, 1, 1, 0, 7, 8, 43904, 0.068789, 0.886466, 0.789053
trial 267, 1, 0, 0, 6, 5, 56680, 0.51412, 0.893636, 0.761784
trial 268, 1, 0, 4, 6, 7, 3056, 0.694844, 0.781244, 0.744667
trial 269, 1, 1, 1, 5, 2, 27120, 0.184488, 0.782255, 0.260099
trial 270, 1, 0, 5, 8, 7, 40973.3, 0.835642, 0.835488, 0.816948
trial 271, 1, 0, 8, 2, 6, 70602.7, 1, 0.80429, 0.85869
trial 272, 1, 1, 4, 6, 7, 46240, 0.897232, 1, 0.872007
trial 273, 1, 0, 2, 0, 8, 66162.7, 0.601018, 0.0911556, 0.956172
trial 274, 1, 0, 8, 5, 1, 29320, 0.865623, 0.790926, 0.0565313
trial 275, 1, 0, 2, 5, 0, 51058.7, 0.12808, 0.784903, 0.0127217
trial 276, 1, 1, 1, 7, 1, 43053.3, 0.0907665, 0.827947, 0.167613
trial 277, 1, 0, 3, 4, 1, 74357.3, 0.684653, 0.673134, 0.151158
trial 278, 1, 0, 8, 5, 8, 32642.7, 0.977466, 0.88674, 0.999304
trial 279, 1, 0, 4, 1, 2, 60272, 0.825491, 0.123872, 0.313114
trial 280, 1, 0, 4, 2, 2, 60821.3, 0.6845, 0.196794, 0.351922
trial 281, 1, 0, 5, 4, 3, 68941.3, 0.715765, 0.861142, 0.310459
trial 282, 1, 1, 1, 5, 1, 41282.7, 0.209572, 0.804234, 0.160825
trial 283, 1, 1, 2, 3, 3, 33077.3, 0.387359, 0.705463, 0.352879
trial 284, 1, 1, 6, 5, 3, 5274.67, 0.893298, 0.81117, 0.371968
trial 285, 1, 0, 5, 7, 2, 5037.33, 0.771525, 0.786587, 0.206525
trial 286, 1, 1, 8, 5, 0, 22472, 1, 0.841907, 0.0488876
trial 287, 1, 0, 1, 7, 7, 36962.7, 0.410984, 0.906209, 0.726191
trial 288, 1, 1, 6, 5, 5, 57421.3, 0.951355, 0.671605, 0.813948
trial 289, 1, 0, 2, 3, 1, 3466.67, 0.32176, 0.250857, 0.272005
trial 290, 1, 0, 3, 1, 6, 2488, 0.868379, 0.101061, 0.883748
trial 291, 1, 1, 2, 0, 3, 6648, 0.193125, 0.10365, 0.851383
trial 292, 1, 1, 8, 3, 2, 76024, 0.919809, 0.681569, 0.546024
trial 293, 1, 0, 0, 7, 4, 71872, 0.310423, 0.860835, 0.389331
trial 294, 1, 0, 6, 3, 2, 18114.7, 0.816824, 0.504834, 0.316641
trial 295, 1, 1, 8, 4, 3, 69282.7, 0.929573, 0.697312, 0.258131
trial 296, 1, 0, 8, 7, 7, 76944, 0.951432, 0.811712, 0.947968
trial 297, 1, 0, 4, 1, 5, 54309.3, 0.730697, 0.12865, 0.771831
trial 298, 1, 0, 0, 1, 6, 54890.7, 0.350062, 0.0761495, 0.825551
trial 299, 1, 0, 5, 7, 7, 32016, 0.892444, 0.797571, 0.891233
trial 300, 1, 0, 6, 2, 0, 75733.3, 0.768721, 0.389228, 0.0803352
trial 301, 1, 0, 6, 0, 5, 22568, 0.855123, 0.153481, 0.884827
trial 302, 1, 1, 4, 2, 2, 27714.7, 0.724764, 0.509217, 0.350468
trial 303, 1, 1, 3, 6, 5, 13501.3, 0.692169, 0.772279, 0.405981
trial 304, 1, 0, 0, 2, 2, 58970.7, 0.109546, 0.26205, 0.368228
trial 305, 1, 1, 0, 1, 7, 1797.33, 0.102921, 0.236904, 0.765649
trial 306, 1, 1, 6, 3, 5, 7056, 1, 0.6493, 0.901611
trial 307, 1, 1, 1, 2, 7, 21301.3, 0.138022, 0.606683, 0.896012
trial 308, 1, 1, 3, 7, 2, 370.667, 0.725369, 0.76853, 0.19895
trial 309, 1, 0, 7, 3, 3, 4645.33, 0.833053, 0.213566, 0.416991
trial 310, 1, 0, 8, 3, 4, 55949.3, 0.927475, 0.625676, 0.836185
trial 311, 1, 1, 7, 1, 8, 46005.3, 0.964994, 0.315057, 0.918428
trial 312, 1, 0, 5, 1, 2, 53202.7, 0.730932, 0.211382, 0.697989
trial 313, 1, 0, 6, 2, 5, 5272, 0.775644, 0.368724, 0.738123
trial 314, 1, 0, 5, 5, 5, 73605.3, 0.840542, 0.763062, 0.798969
trial 315, 1, 0, 8, 6, 3, 66589.3, 0.791934, 0.846194, 0.176638
trial 316, 1, 1, 0, 2, 4, 79125.3, 0.0390675, 0.240816, 0.536212
trial 317, 1, 1, 5, 4, 7, 70880, 0.919095, 0.427733, 0.891837
trial 318, 1, 1, 7, 8, 3, 66298.7, 0.922486, 0.831591, 0.312263
trial 319, 1, 0, 1, 0, 6, 54005.3, 0.332365, 0.153576, 0.602728
trial 320, 1, 0, 1, 3, 1, 43378.7, 0.197604, 0.319525, 0.201935
trial 321, 1, 1, 2, 2, 2, 31264, 0.656174, 0.493859, 0.513504
trial 322, 1, 1, 5, 7, 5, 34856, 0.889536, 0.864293, 0.712557
trial 323, 1, 1, 5, 4, 5, 71613.3, 0.827889, 0.764947, 0.744606
trial 324, 1, 1, 0, 2, 6, 9082.67, 0.0796661, 0.325128, 0.882138
trial 325, 1, 1, 5, 6, 4, 59762.7, 0.894466, 0.899551, 0.671438
trial 326, 1, 1, 6, 7, 4, 2165.33, 0.862327, 0.82086, 0.612169
trial 327, 1, 1, 4, 0, 8, 63834.7, 0.809283, 0.149902, 0.837404
trial 328, 1, 0, 2, 5, 4, 33189.3, 0.271193, 0.810996, 0.5
trial 329, 1, 0, 4, 4, 1, 47389.3, 0.635441, 0.542966, 0.283778
trial 330, 1, 1, 1, 6, 2, 50248, 0.442732, 0.781884, 0.268604
trial 331, 1, 0, 4, 1, 6, 26416, 0.768598, 0.209192, 0.830802
trial 332, 1, 1, 3, 0, 5, 31712, 0.844531, 0.202913, 0.712801
trial 333, 1, 1, 1, 4, 2, 40744, 0.153627, 0.887066, 0.245571
trial 334, 1, 0, 3, 1, 0, 42824, 0.655901, 0.217881, 0.0585784
trial 335, 1, 0, 6, 2, 6, 1373.33, 0.845148, 0.162136, 0.893545
trial 336, 1, 1, 7, 8, 5, 35949.3, 0.950172, 0.936209, 0.843928
trial 337, 1, 1, 3, 4, 5, 33429.3, 0.752705, 0.866367, 0.789832
trial 338, 1, 0, 7, 2, 3, 75906.7, 0.770868, 0.657564, 0.424491
trial 339, 1, 0, 4, 8, 3, 46464, 0.670105, 0.716965, 0.383932
trial 340, 1, 1, 4, 5, 1, 4861.33, 0.821907, 0.694349, 0.247806
trial 341, 1, 1, 4, 7, 7, 3237.33, 0.848489, 0.856204, 0.878861
trial 342, 1, 0, 5, 4, 4, 41890.7, 0.750055, 0.467254, 0.390494
trial 343, 1, 1, 6, 4, 4, 4805.33, 0.822801, 0.722115, 0.822227
trial 344, 1, 1, 7, 8, 6, 76501.3, 0.921523, 0.993449, 0.848473
trial 345, 1, 1, 6, 5, 0, 71586.7, 0.919673, 0.910595, 0.0361359
trial 346, 1, 0, 2, 4, 5, 32938.7, 0.769062, 0.519242, 0.492605
trial 347, 1, 0, 1, 0, 5, 48320, 0.275238, 0.143039, 0.703364
trial 348, 1, 0, 1, 0, 7, 31909.3, 0.0945985, 0.152193, 0.904267
trial 349, 1, 1, 3, 0, 1, 13600, 0.6265, 0.227982, 0.740204
trial 350, 1, 1, 8, 8, 1, 40586.7, 0.940225, 0.792448, 0.12397
trial 351, 1, 1, 1, 4, 7, 71645.3, 0.114857, 0.38532, 0.86605
trial 352, 1, 0, 4, 1, 4, 79912, 0.575873, 0.113249, 0.685307
trial 353, 1, 0, 2, 0, 0, 71554.7, 0.268803, 0.33046, 0.136181
trial 354, 1, 1, 8, 4, 7, 5850.67, 0.939931, 0.80135, 0.929692
trial 355, 1, 0, 5, 3, 6, 15482.7, 0.883775, 0.424961, 0.901975
trial 356, 1, 1, 8, 3, 8, 17285.3, 0.942617, 0.827804, 0.896141
trial 357, 1, 1, 6, 0, 4, 6117.33, 0.92534, 0.169565, 0.926249
trial 358, 1, 1, 2, 6, 8, 34360, 0.139537, 0.86061, 0.884981
trial 359, 1, 0, 6, 8, 7, 71714.7, 0.867398, 0.936054, 0.930485
trial 360, 1, 0, 4, 6, 1, 77101.3, 0.743781, 0.871556, 0.128843
trial 361, 1, 1, 2, 7, 7, 44360, 0.32207, 0.827175, 0.866605
trial 362, 1, 0, 2, 0, 7, 77346.7, 0.637848, 0.121242, 0.916055
trial 363, 1, 1, 3, 7, 6, 8589.33, 0.455208, 0.867038, 0.70439
trial 364, 1, 1, 5, 3, 3, 20368, 0.929879, 0.350886, 0.182952
trial 365, 1, 1, 6, 8, 1, 51696, 0.944467, 0.897794, 0.211845
trial 366, 1, 1, 0, 7, 2, 44448, 0.0519748, 0.718701, 0.156203
trial 367, 1, 0, 5, 2, 0, 17936, 0.747777, 0.202359, 0.0948212
trial 368, 1, 1, 5, 0, 3, 42149.3, 0.850512, 0.266076, 0.741037
trial 369, 1, 0, 7, 6, 2, 70098.7, 0.905288, 0.841328, 0.35672
trial 370, 1, 0, 7, 1, 0, 77498.7, 0.816955, 0.218858, 0.0987118
trial 371, 1, 1, 1, 6, 6, 69050.7, 0.102474, 0.872134, 0.737193
trial 372, 1, 1, 1, 5, 7, 70741.3, 0.0707996, 0.623653, 0.907884
trial 373, 1, 1, 3, 4, 8, 28797.3, 0.679653, 0.328752, 0.908225
trial 374, 1, 1, 8, 8, 4, 14954.7, 0.960675, 0.878972, 0.412817
trial 375, 1, 0, 5, 2, 3, 3888, 0.794933, 0.438357, 0.302726
trial 376, 1, 1, 8, 4, 8, 53250.7, 0.905862, 0.359938, 0.845642
trial 377, 1, 0, 8, 1, 2, 48381.3, 0.790817, 0.173873, 0.394728
trial 378, 1, 1, 0, 6, 4, 52896, 0.0683587, 0.885621, 0.5
trial 379, 1, 1, 7, 0, 7, 39738.7, 0.880855, 0, 0.858845
trial 380, 1, 1, 5, 8, 5, 8917.33, 0.824114, 0.889153, 0.80944
trial 381, 1, 1, 0, 5, 4, 33317.3, 0.0644447, 0.717781, 0.447275
trial 382, 1, 1, 1, 7, 8, 54842.7, 0.222808, 0.879072, 0.907302
trial 383, 1, 0, 8, 1, 7, 29040, 0.89376, 0.220889, 0.885808
trial 384, 1, 0, 5, 1, 7, 3333.33, 0.899922, 0.254902, 0.877105
trial 385, 1, 1, 1, 6, 1, 48034.7, 0.0446497, 0.856517, 0.15346
trial 386, 1, 1, 7, 1, 4, 48973.3, 0.895109, 0.257523, 0.799659
trial 387, 1, 0, 1, 1, 3, 7093.33, 0.296659, 0.176964, 0.775971
trial 388, 1, 1, 5, 6, 5, 304, 0.847345, 0.759516, 0.651333
trial 389, 1, 1, 6, 3, 0, 40917.3, 0.874367, 0.78862, 0.0576403
trial 390, 1, 0, 2, 3, 4, 5352, 0.565397, 0.774136, 0.393587
trial 391, 1, 0, 7, 2, 7, 47589.3, 0.720669, 0.529941, 0.853303
trial 392, 1, 0, 1, 3, 3, 19629.3, 0.354637, 0.708733, 0.575024
trial 393, 1, 0, 5, 4, 6, 7352, 0.6867, 0.786146, 0.879515
trial 394, 1, 0, 7, 2, 1, 55946.7, 0.807948, 0.788418, 0.405997
trial 395, 1, 0, 8, 6, 8, 6085.33, 0.897731, 0.944751, 0.912622
trial 396, 1, 1, 1, 4, 8, 68786.7, 0.271232, 0.843384, 0.925119
trial 397, 1, 1, 6, 3, 2, 1333.33, 0.945644, 0.836401, 0.521642
trial 398, 1, 0, 1, 0, 0, 30168, 0.110906, 0.254591, 0.153162
trial 399, 1, 1, 3, 0, 4, 70106.7, 0.680258, 0.199298, 0.618816
trial 400, 1, 1, 7, 5, 1, 30138.7, 0.797596, 0.851077, 0.288435
trial 401, 1, 0, 1, 2, 2, 58357.3, 0.208656, 0.757852, 0.514646
trial 402, 1, 0, 3, 1, 8, 36016, 0.811049, 0.653106, 0.879366
trial 403, 1, 0, 5, 0, 4, 50218.7, 0.802186, 0.347982, 0.787538
trial 404, 1, 1, 6, 0, 5, 20725.3, 0.923702, 0.282336, 0.721038
trial 405, 1, 1, 7, 0, 5, 21557.3, 0.928714, 0.353877, 0.863201
trial 406, 1, 0, 5, 3, 2, 56800, 0.689041, 0.810182, 0.32884
trial 407, 1, 1, 4, 7, 3, 57072, 0.538339, 0.884907, 0.113888
trial 408, 1, 0, 3, 7, 3, 71560, 0.363549, 0.869666, 0.318978
trial 409, 1, 1, 2, 7, 3, 22506.7, 0.613042, 0.930139, 0.337741
trial 410, 1, 0, 2, 4, 2, 3256, 0.323527, 0.787589, 0.429471
trial 411, 1, 0, 4, 0, 7, 63074.7, 0.70441, 0.237639, 0.913644
trial 412, 1, 0, 5, 0, 0, 76376, 0.695697, 0.337643, 0.154461
trial 413, 1, 0, 4, 6, 0, 50005.3, 0.320032, 0.82849, 0.0193326
trial 414, 1, 0, 4, 3, 1, 3242.67, 0.405617, 0.813145, 0.126443
trial 415, 1, 1, 6, 7, 2, 74200, 0.909293, 0.803103, 0.223721
trial 416, 1, 0, 1, 6, 5, 45429.3, 0.136397, 0.852408, 0.530746
trial 417, 1, 0, 4, 2, 0, 33173.3, 0.692316, 0.497186, 0.14402
trial 418, 1, 0, 2, 7, 1, 59229.3, 0.432476, 0.84046, 0.224702
trial 419, 1, 0, 6, 3, 1, 36440, 0.621502, 0.662418, 0.163222
trial 420, 1, 1, 6, 3, 3, 71584, 0.901971, 0.647493, 0.357397
trial 421, 1, 0, 1, 1, 4, 75496, 0.392731, 0.367981, 0.593658
trial 422, 1, 0, 5, 1, 3, 40130.7, 0.6911, 0.251058, 0.575603
trial 423, 1, 0, 8, 0, 4, 49773.3, 0.941454, 0.097182, 0.801802
trial 424, 1, 0, 6, 6, 7, 76824, 0.835474, 0.928509, 0.817302
trial 425, 1, 0, 0, 7, 2, 66256, 0.109935, 0.900163, 0.29412
trial 426, 1, 1, 6, 0, 2, 57256, 0.686787, 0.167752, 0.256397
trial 427, 1, 1, 2, 5, 1, 60232, 0.383328, 0.782637, 0.165092
trial 428, 1, 0, 5, 1, 5, 68114.7, 0.773173, 0.105478, 0.845196
trial 429, 1, 0, 4, 7, 1, 31714.7, 0.278355, 0.867721, 0.116786
trial 430, 1, 0, 8, 0, 7, 42421.3, 0.876715, 0.0660271, 0.876735
trial 431, 1, 0, 3, 1, 3, 6474.67, 0.568902, 0.357935, 0.555751
trial 432, 1, 0, 7, 0, 2, 51458.7, 0.804084, 0.176978, 0.353837
trial 433, 1, 1, 4, 0, 0, 36176, 0.746082, 0.14032, 0.226788
trial 434, 1, 0, 1, 7, 4, 16728, 0.218856, 0.863606, 0.453307
trial 435, 1, 1, 1, 2, 3, 18557.3, 0.190352, 0.798983, 0.5
trial 436, 1, 0, 0, 4, 1, 32165.3, 0.296661, 0.696726, 0.221016
trial 437, 1, 0, 2, 1, 5, 49610.7, 0.268776, 0.291567, 0.716547
trial 438, 1, 1, 2, 1, 6, 11373.3, 0.630586, 0.351414, 0.871431
trial 439, 1, 0, 7, 5, 8, 49584, 0.881017, 0.897993, 0.825577
trial 440, 1, 1, 8, 0, 3, 11365.3, 0.974817, 0.267738, 0.702132
trial 441, 1, 1, 1, 3, 1, 36922.7, 0.189688, 0.574618, 0.220745
trial 442, 1, 0, 7, 2, 2, 35368, 0.938707, 0.483055, 0.394907
trial 443, 1, 1, 3, 5, 6, 3845.33, 0.578463, 0.877955, 0.588478
trial 444, 1, 0, 0, 3, 0, 8405.33, 0, 0.525391, 0
trial 445, 1, 1, 0, 5, 0, 2677.33, 0, 0.549427, 0
trial 446, 1, 1, 0, 8, 4, 3144, 0.125221, 0.867863, 0.314995
trial 447, 1, 0, 1, 0, 2, 71421.3, 0.399267, 0.0781576, 0.488583
trial 448, 1, 1, 7, 6, 5, 67597.3, 0.942962, 0.798076, 0.800061
trial 449, 1, 0, 1, 4, 8, 41197.3, 0.644765, 0.820337, 0.929838
trial 450, 1, 1, 3, 1, 3, 1493.33, 0.819211, 0.105456, 0.680756
trial 451, 1, 0, 8, 3, 2, 23538.7, 0.927548, 0.670099, 0.217174
trial 452, 1, 0, 5, 6, 4, 46546.7, 0.834227, 0.890187, 0.775797
trial 453, 1, 0, 5, 5, 3, 43698.7, 0.844226, 0.795249, 0.324104
trial 454, 1, 0, 4, 8, 0, 79128, 0.760621, 0.836442, 0
trial 455, 1, 0, 1, 5, 6, 47848, 0.379366, 0.899885, 0.737375
trial 456, 1, 1, 0, 2, 5, 25184, 0.130436, 0.281323, 0.844761
trial 457, 1, 1, 5, 1, 3, 35106.7, 0.868223, 0.425105, 0.697441
trial 458, 1, 0, 3, 2, 4, 1117.33, 0.61731, 0.190935, 0.695425
trial 459, 1, 1, 1, 3, 0, 57826.7, 0.117477, 0.37806, 0.0784787
trial 460, 1, 0, 8, 0, 8, 34525.3, 0.918372, 0.0605968, 1
trial 461, 1, 0, 4, 5, 3, 5901.33, 0.624393, 0.821479, 0.5
trial 462, 1, 0, 8, 8, 4, 4693.33, 0.891473, 0.912773, 0.517466
trial 463, 1, 0, 4, 1, 3, 63573.3, 0.765415, 0.513769, 0.451331
trial 464, 1, 0, 2, 6, 2, 4893.33, 0.180003, 0.828092, 0.209693
trial 465, 1, 1, 0, 5, 6, 4498.67, 0.109053, 0.880313, 0.765502
trial 466, 1, 1, 6, 2, 2, 67946.7, 0.892592, 0.381277, 0.570011
trial 467, 1, 0, 4, 5, 2, 2469.33, 0.579867, 0.706414, 0.244322
trial 468, 1, 1, 0, 3, 6, 74181.3, 0.0732366, 0.603965, 0.818458
trial 469, 1, 0, 1, 7, 6, 39488, 0.178229, 0.920373, 0.894328
trial 470, 1, 0, 7, 7, 0, 71885.3, 0.77408, 0.923931, 0
trial 471, 1, 1, 0, 4, 4, 5600, 0.265348, 0.762798, 0.508751
trial 472, 1, 0, 4, 8, 6, 45290.7, 0.702997, 0.902191, 0.830427
trial 473, 1, 1, 8, 2, 6, 27760, 0.884398, 0.23545, 0.838519
trial 474, 1, 1, 1, 2, 6, 63442.7, 0.171756, 0.277186, 0.775503
trial 475, 1, 1, 1, 6, 5, 13738.7, 0.14236, 0.861457, 0.706212
trial 476, 1, 0, 8, 5, 0, 2469.33, 0.921179, 0.805805, 0
trial 477, 1, 1, 1, 8, 2, 6162.67, 0.0897533, 0.914105, 0.340879
trial 478, 1, 1, 3, 4, 6, 2546.67, 0.709774, 0.748367, 0.770785
trial 479, 1, 1, 4, 5, 0, 13914.7, 0.627857, 0.834311, 0.120073
trial 480, 1, 0, 0, 2, 7, 42512, 0.402721, 0.260496, 0.905617
trial 481, 1, 0, 4, 4, 3, 77032, 0.659725, 0.744801, 0.339588
trial 482, 1, 1, 4, 4, 7, 13546.7, 0.848348, 0.434013, 0.861266
trial 483, 1, 1, 0, 8, 8, 24733.3, 0.110651, 0.875799, 0.832846
trial 484, 1, 1, 2, 4, 1, 50040, 0.626987, 0.860791, 0.175135
trial 485, 1, 0, 8, 8, 7, 73992, 0.896795, 0.933935, 0.796709
trial 486, 1, 0, 7, 4, 8, 79685.3, 0.841947, 0.380384, 0.914795
trial 487, 1, 0, 0, 2, 1, 19136, 0.136188, 0.227066, 0.223154
trial 488, 1, 1, 4, 8, 3, 7285.33, 0.622256, 0.849951, 0.407986
trial 489, 1, 1, 7, 8, 1, 41952, 0.906497, 0.832135, 0.249363
trial 490, 1, 0, 5, 4, 7, 13392, 0.816848, 0.360573, 0.863847
trial 491, 1, 0, 3, 6, 4, 23810.7, 0.5, 0.728175, 0.5
trial 492, 1, 1, 5, 2, 1, 4573.33, 0.830019, 0.155177, 0.273884
trial 493, 1, 1, 0, 4, 7, 6666.67, 0.181898, 0.65665, 0.800373
trial 494, 1, 1, 5, 0, 5, 17784, 0.817461, 0.159562, 0.788725
trial 495, 1, 0, 3, 6, 0, 13386.7, 0.322959, 0.629932, 0.0604529
trial 496, 1, 1, 8, 4, 0, 78240, 0.932643, 0.313006, 0.110831
trial 497, 1, 1, 2, 5, 6, 41146.7, 0.396244, 0.49871, 0.753614
trial 498, 1, 1, 4, 4, 1, 61024, 0.733981, 0.324144, 0.189272
trial 499, 1, 1, 6, 6, 5, 33210.7, 0.825768, 0.743927, 0.390953
trial 500, 1, 1, 1, 6, 0, 3912, 0.0632782, 0.677002, 0
trial 501, 1, 1, 2, 1, 8, 33826.7, 0.387188, 0.169803, 0.781133
trial 502, 1, 1, 8, 1, 7, 48880, 0.93433, 0.0993778, 0.905456
trial 503, 1, 1, 6, 5, 7, 3053.33, 0.85296, 0.813583, 0.932997
trial 504, 1, 1, 3, 0, 7, 3498.67, 0.857709, 0.168105, 0.853432
trial 505, 1, 0, 0, 3, 8, 68605.3, 0.182072, 0.345409, 0.889499
trial 506, 1, 0, 7, 5, 2, 40101.3, 0.819468, 0.681656, 0.376233
trial 507, 1, 1, 6, 2, 1, 27229.3, 0.844642, 0.166811, 0.230515
trial 508, 1, 0, 3, 1, 7, 16650.7, 0.8255, 0.137118, 0.899211
trial 509, 1, 1, 7, 7, 3, 26906.7, 0.877391, 0.838514, 0.41352
trial 510, 1, 0, 4, 0, 6, 23306.7, 0.801523, 0.148001, 0.89211
trial 511, 1, 1, 8, 6, 6, 18005.3, 0.899088, 0.937507, 0.837614
trial 512, 1, 1, 8, 5, 4, 17728, 0.923704, 0.889851, 0.560918
trial 513, 1, 1, 0, 3, 1, 39005.3, 0.0706779, 0.776475, 0.249579
trial 514, 1, 1, 1, 8, 0, 16242.7, 0, 0.8346, 0
trial 515, 1, 0, 3, 5, 7, 43149.3, 0.624522, 0.92167, 0.942724
trial 516, 1, 0, 1, 6, 1, 70408, 0.338674, 0.723373, 0.117915
trial 517, 1, 1, 2, 5, 0, 43192, 0.180668, 0.747729, 0.0759358
trial 518, 1, 1, 8, 2, 7, 23677.3, 0.921453, 0.238513, 0.905426
trial 519, 1, 0, 1, 3, 6, 27002.7, 0.152141, 0.402101, 0.89449
trial 520, 1, 1, 4, 3, 4, 73861.3, 0.782298, 0.668062, 0.5906
trial 521, 1, 1, 7, 2, 6, 5896, 0.936419, 0.283411, 0.810814
trial 522, 1, 1, 2, 2, 3, 17336, 0.744262, 0.189448, 0.617051
trial 523, 1, 0, 4, 0, 5, 11781.3, 0.72548, 0.0371154, 0.767178
trial 524, 1, 0, 2, 8, 8, 25536, 0.63346, 0.798269, 0.900306
trial 525, 1, 1, 7, 6, 4, 4776, 0.831833, 0.836439, 0.600506
trial 526, 1, 1, 3, 0, 3, 18914.7, 0.601492, 0.199516, 0.714076
trial 527, 1, 1, 4, 3, 2, 38397.3, 0.749888, 0.472525, 0.20592
trial 528, 1, 1, 1, 5, 6, 5002.67, 0.262957, 0.767891, 0.78198
trial 529, 1, 0, 1, 1, 1, 2469.33, 0.596416, 0.0878329, 0.367987
trial 530, 1, 1, 0, 6, 3, 8461.33, 0.226495, 0.780383, 0.195898
trial 531, 1, 0, 5, 7, 0, 41546.7, 0.800866, 0.698736, 0.0665118
trial 532, 1, 0, 4, 0, 0, 7066.67, 0.781624, 0.08166, 0.18319
trial 533, 1, 0, 7, 8, 0, 24064, 0.822019, 0.753687, 0
trial 534, 1, 1, 3, 6, 2, 9885.33, 0.586682, 0.828041, 0.204808
trial 535, 1, 1, 0, 6, 8, 43416, 0.129523, 0.769249, 0.94471
trial 536, 1, 0, 7, 0, 3, 72474.7, 0.856616, 0.0383749, 0.654745
trial 537, 1, 0, 2, 3, 0, 17485.3, 0.674786, 0.216369, 0.114403
trial 538, 1, 0, 1, 6, 2, 33842.7, 0.347224, 0.654606, 0.194603
trial 539, 1, 0, 8, 7, 1, 42850.7, 0.908357, 0.811942, 0.140434
trial 540, 1, 1, 4, 7, 2, 15930.7, 0.792107, 0.745716, 0.5
trial 541, 1, 0, 3, 2, 5, 59418.7, 0.72673, 0.135824, 0.5
trial 542, 1, 0, 4, 6, 6, 61874.7, 0.881353, 0.875091, 0.865922
trial 543, 1, 0, 6, 0, 6, 43154.7, 0.915489, 0.0865734, 0.894523
trial 544, 1, 1, 0, 1, 6, 31144, 0.120992, 0.283491, 0.864907
trial 545, 1, 0, 2, 4, 7, 62312, 0.170897, 0.755716, 0.887959
trial 546, 1, 1, 0, 8, 5, 30890.7, 0.14907, 0.788201, 0.811142
trial 547, 1, 1, 8, 6, 5, 40560, 0.927354, 0.845731, 0.709381
trial 548, 1, 1, 3, 1, 4, 1698.67, 0.752491, 0.164741, 0.628413
trial 549, 1, 0, 7, 1, 1, 64250.7, 0.815243, 0.195569, 0.303888
trial 550, 1, 1, 5, 1, 5, 4658.67, 0.859402, 0.147214, 0.746699
trial 551, 1, 1, 7, 5, 0, 28173.3, 0.856118, 0.648598, 0
trial 552, 1, 1, 1, 4, 6, 11306.7, 0.349858, 0.386546, 0.869208
trial 553, 1, 0, 3, 1, 1, 11466.7, 0.632502, 0.139552, 0.330179
trial 554, 1, 0, 7, 6, 4, 54192, 0.754677, 0.780652, 0.565175
trial 555, 1, 0, 4, 3, 3, 5834.67, 0.643233, 0.510222, 0.525354
trial 556, 1, 1, 7, 6, 7, 12282.7, 0.913851, 0.851303, 0.879431
trial 557, 1, 1, 7, 5, 6, 413.333, 0.919539, 0.686826, 0.815484
trial 558, 1, 1, 6, 6, 1, 3010.67, 0.85805, 0.697952, 0.184076
trial 559, 1, 0, 8, 1, 4, 55250.7, 0.826083, 0.166069, 0.733664
trial 560, 1, 0, 3, 3, 3, 72098.7, 0.568929, 0.341468, 0.5
trial 561, 1, 0, 6, 8, 3, 192, 0.716521, 0.839101, 0.343756
trial 562, 1, 0, 2, 0, 6, 58570.7, 0.701353, 0.183548, 0.783983
trial 563, 1, 0, 5, 6, 2, 17605.3, 0.78993, 0.75397, 0.333636
trial 564, 1, 0, 7, 5, 7, 26269.3, 0.792309, 0.371713, 0.811995
trial 565, 1, 1, 1, 0, 3, 63920, 0.106914, 0.151496, 0.519255
trial 566, 1, 0, 2, 7, 3, 709.333, 0.405884, 0.815131, 0.5
trial 567, 1, 0, 5, 2, 5, 21957.3, 0.756275, 0.64801, 0.790696
trial 568, 1, 0, 2, 7, 0, 73245.3, 0.181034, 0.809257, 0.0872568
trial 569, 1, 0, 7, 0, 1, 35216, 0.84561, 0.0805733, 0.439373
trial 570, 1, 1, 3, 8, 4, 12397.3, 0.581802, 0.880903, 0.453347
trial 571, 1, 1, 4, 3, 0, 4154.67, 0.805112, 0.465081, 0.189747
trial 572, 1, 0, 6, 8, 8, 13568, 0.809991, 0.629506, 0.905971
trial 573, 1, 1, 1, 6, 7, 7312, 0.29895, 0.581007, 0.91516
trial 574, 1, 0, 3, 4, 4, 8848, 0.610018, 0.340641, 0.493509
trial 575, 1, 1, 3, 5, 3, 71626.7, 0.633054, 0.649578, 0.370698
trial 576, 1, 1, 8, 0, 8, 56949.3, 0.93429, 0.0921815, 0.912825
trial 577, 1, 1, 2, 3, 5, 38285.3, 0.751872, 0.417187, 0.757777
trial 578, 1, 1, 1, 2, 0, 68834.7, 0.220106, 0.291468, 0.0875439
trial 579, 1, 0, 5, 1, 8, 43197.3, 0.75515, 0.299676, 0.857102
trial 580, 1, 1, 4, 7, 4, 60477.3, 0.811278, 0.907344, 0.557614
trial 581, 1, 1, 4, 6, 0, 1965.33, 0.802827, 0.857049, 0
trial 582, 1, 1, 7, 8, 8, 67346.7, 0.925167, 0.894051, 0.883129
trial 583, 1, 0, 0, 5, 3, 71269.3, 0.138724, 0.6915, 0.256229
trial 584, 1, 0, 3, 4, 0, 885.333, 0.146503, 0.615076, 0.0597637
trial 585, 1, 1, 8, 2, 1, 49389.3, 0.941397, 0.517241, 0.214097
trial 586, 1, 0, 6, 4, 1, 71128, 0.858732, 0.406954, 0.290312
trial 587, 1, 0, 3, 5, 6, 57488, 0.799877, 0.860834, 0.885524
trial 588, 1, 1, 0, 5, 2, 17341.3, 0.0758391, 0.810726, 0.170886
trial 589, 1, 0, 3, 3, 4, 5930.67, 0.776306, 0.773702, 0.722063
trial 590, 1, 1, 8, 2, 3, 76506.7, 0.895102, 0.196489, 0.758861
trial 591, 1, 0, 0, 6, 2, 5093.33, 0.111124, 0.792938, 0.239713
trial 592, 1, 0, 3, 1, 5, 42981.3, 0.798852, 0.302824, 0.842922
trial 593, 1, 0, 3, 7, 8, 72376, 0.860195, 0.863485, 0.892316
trial 594, 1, 0, 7, 7, 6, 7240, 0.928779, 0.907844, 0.826799
trial 595, 1, 0, 0, 8, 8, 12242.7, 0.136733, 0.894442, 0.862249
trial 596, 1, 1, 5, 0, 6, 55098.7, 0.911794, 0.138901, 0.847861
trial 597, 1, 0, 2, 7, 8, 46754.7, 0.639478, 0.500924, 0.803662
trial 598, 1, 0, 1, 5, 3, 41853.3, 0.2215, 0.447871, 0.32823
trial 599, 1, 1, 4, 5, 8, 53794.7, 0.851208, 0.887945, 0.919747
trial 600, 1, 0, 7, 6, 1, 14709.3, 0.947663, 0.568236, 0.29352
trial 601, 1, 1, 7, 0, 6, 7301.33, 0.959211, 0.289069, 0.925437
trial 602, 1, 1, 0, 3, 2, 75480, 0.143247, 0.433444, 0.202055
trial 603, 1, 0, 4, 2, 7, 1365.33, 0.793869, 0.327743, 0.836788
trial 604, 1, 0, 8, 3, 5, 15624, 0.938273, 0.255476, 0.762702
trial 605, 1, 0, 4, 2, 6, 37389.3, 0.796712, 0.300406, 0.81102
trial 606, 1, 0, 1, 2, 7, 70752, 0.194344, 0.108087, 0.869623
trial 607, 1, 1, 3, 1, 5, 64749.3, 0.75238, 0.110746, 0.697933
trial 608, 1, 0, 8, 1, 6, 22778.7, 0.97382, 0.102162, 0.914288
trial 609, 1, 0, 3, 3, 5, 31074.7, 0.6022, 0.694127, 0.584836
trial 610, 1, 1, 0, 4, 8, 35141.3, 0.124746, 0.211247, 0.968113
trial 611, 1, 0, 4, 8, 4, 58122.7, 0.632657, 0.944645, 0.317601
trial 612, 1, 1, 8, 1, 5, 1650.67, 0.977275, 0.102621, 0.881246
trial 613, 1, 1, 7, 3, 1, 1706.67, 0.951126, 0.71332, 0.289468
trial 614, 1, 1, 1, 1, 5, 8181.33, 0.122521, 0.249856, 0.570721
trial 615, 1, 0, 1, 7, 3, 10400, 0.148556, 0.703524, 0.186482
trial 616, 1, 0, 8, 1, 0, 45288, 0.834296, 0.0767811, 0.0956497
trial 617, 1, 0, 3, 3, 7, 933.333, 0.576523, 0.353867, 0.860236
trial 618, 1, 0, 7, 0, 7, 51045.3, 0.701868, 0.0839734, 0.630167
trial 619, 1, 1, 7, 4, 3, 9141.33, 0.847035, 0.73452, 0.248243
trial 620, 1, 0, 2, 7, 2, 72672, 0.237436, 0.802893, 0.198119
trial 621, 1, 1, 5, 1, 2, 19085.3, 0.889257, 0.877984, 0.138297
trial 622, 1, 0, 1, 0, 4, 65325.3, 0.206358, 0.141594, 0.465324
trial 623, 1, 0, 4, 3, 5, 76701.3, 0.668274, 0.421259, 0.554836
trial 624, 1, 0, 0, 4, 3, 52320, 0.209924, 0.685602, 0.324791
trial 625, 1, 1, 4, 8, 6, 5632, 0.794426, 0.926263, 0.895825
trial 626, 1, 1, 5, 2, 8, 71296, 0.893886, 0.129728, 0.90773
trial 627, 1, 1, 1, 4, 4, 60042.7, 0.151693, 0.885188, 0.378047
trial 628, 1, 1, 7, 4, 5, 19578.7, 0.912756, 0.920723, 0.7383
trial 629, 1, 0, 3, 2, 7, 14864, 0.79412, 0.221958, 0.8904
trial 630, 1, 1, 3, 0, 2, 60120, 0.67856, 0.109744, 0.281048
trial 631, 1, 1, 0, 4, 6, 31405.3, 0.0430101, 0.382361, 0.772376
trial 632, 1, 0, 2, 5, 6, 36909.3, 0.147159, 0.879142, 0.674897
trial 633, 1, 0, 1, 4, 2, 72189.3, 0.0696854, 0.45378, 0.176759
trial 634, 1, 0, 2, 0, 3, 63821.3, 0.575041, 0.0517595, 0.571863
trial 635, 1, 0, 8, 7, 8, 54037.3, 0.972027, 0.90581, 0.94017
trial 636, 1, 1, 4, 2, 3, 5602.67, 0.8535, 0.43928, 0.661212
trial 637, 1, 0, 5, 8, 3, 3170.67, 0.870659, 0.853213, 0.568937
trial 638, 1, 1, 1, 0, 4, 30570.7, 0.0690101, 0.0488194, 0.628044
trial 639, 1, 0, 6, 5, 6, 50042.7, 0.868971, 0.391983, 0.87038
trial 640, 1, 1, 6, 1, 2, 58645.3, 0.88211, 0.262755, 0.566254
trial 641, 1, 0, 2, 2, 7, 1528, 0.659623, 0.235506, 0.813854
trial 642, 1, 1, 5, 4, 3, 35941.3, 0.832006, 0.825801, 0.405317
trial 643, 1, 1, 7, 6, 0, 40322.7, 0.911942, 0.754006, 0.0587595
trial 644, 1, 1, 7, 0, 1, 52666.7, 0.94784, 0, 0.133238
trial 645, 1, 1, 7, 1, 2, 39485.3, 0.951574, 0.117309, 0.268447
trial 646, 1, 1, 6, 2, 7, 57922.7, 0.959283, 0.609211, 0.813291
trial 647, 1, 0, 2, 2, 3, 11544, 0.5, 0.371727, 0.396325
trial 648, 1, 0, 4, 7, 0, 50720, 0.384994, 0.638943, 0
trial 649, 1, 1, 8, 0, 5, 21509.3, 0.98281, 0.155098, 0.88989
trial 650, 1, 1, 1, 1, 0, 39474.7, 0.10568, 0.201596, 0.0902694
trial 651, 1, 0, 0, 8, 3, 4520, 0.228665, 0.838845, 0.214308
trial 652, 1, 0, 5, 7, 8, 19085.3, 0.875321, 0.950698, 0.938529
trial 653, 1, 1, 3, 6, 6, 42066.7, 0.893064, 0.958301, 0.861738
trial 654, 1, 1, 6, 8, 2, 59194.7, 0.971913, 0.854879, 0.219643
trial 655, 1, 0, 7, 5, 4, 2024, 0.877382, 0.750948, 0.555062
trial 656, 1, 1, 6, 1, 1, 32389.3, 0.868478, 0.12821, 0.245516
trial 657, 1, 0, 8, 0, 0, 24578.7, 0.876108, 0.161401, 0.101012
trial 658, 1, 0, 0, 8, 2, 27709.3, 0.115071, 0.799991, 0.106263
trial 659, 1, 1, 7, 3, 4, 72677.3, 0.881303, 0.400168, 0.537108
trial 660, 1, 0, 6, 1, 6, 6362.67, 0.918553, 0.112061, 0.920015
trial 661, 1, 1, 4, 1, 5, 73112, 0.8638, 0.23026, 0.840544
trial 662, 1, 0, 3, 0, 5, 6589.33, 0.369996, 0.0949477, 0.677733
trial 663, 1, 0, 2, 5, 7, 31402.7, 0.368496, 0.776552, 0.922666
trial 664, 1, 0, 1, 7, 2, 37445.3, 0.173704, 0.669146, 0.137045
trial 665, 1, 0, 6, 5, 0, 2280, 0.837451, 0.37166, 0
trial 666, 1, 0, 5, 1, 1, 55573.3, 0.655398, 0.0748303, 0.197252
trial 667, 1, 1, 3, 5, 5, 71954.7, 0.686947, 0.882358, 0.694578
trial 668, 1, 0, 3, 5, 2, 517.333, 0.662923, 0.629151, 0.265202
trial 669, 1, 0, 2, 8, 1, 54496, 0.323762, 0.696443, 0.162244
trial 670, 1, 1, 7, 2, 2, 15786.7, 0.866385, 0.225592, 0.372635
trial 671, 1, 1, 3, 6, 1, 1912, 0.656673, 0.767305, 0.127841
trial 672, 1, 1, 4, 8, 2, 78872, 0.61105, 0.836611, 0.171748
trial 673, 1, 0, 8, 2, 2, 7365.33, 0.886445, 0.20996, 0.415152
trial 674, 1, 1, 3, 4, 3, 35514.7, 0.492576, 0.453634, 0.228852
trial 675, 1, 0, 7, 0, 8, 42277.3, 0.923443, 0.104069, 0.932138
trial 676, 1, 0, 2, 2, 2, 34082.7, 0.354522, 0.535197, 0.513417
trial 677, 1, 1, 5, 3, 2, 46136, 0.901954, 0.392418, 0.614887
trial 678, 1, 0, 3, 2, 8, 77906.7, 0.730392, 0.333821, 0.948205
trial 679, 1, 1, 7, 4, 0, 9442.67, 0.962999, 0.398121, 0.142976
trial 680, 1, 0, 7, 4, 3, 77093.3, 0.898402, 0.38316, 0.263305
trial 681, 1, 1, 3, 2, 6, 77840, 0.878313, 0.339589, 0.83924
trial 682, 1, 0, 0, 3, 2, 77165.3, 0.0917722, 0.274713, 0.395735
trial 683, 1, 0, 7, 7, 1, 70960, 0.948842, 0.761688, 0.252109
trial 684, 1, 0, 8, 3, 3, 5877.33, 0.930529, 0.700631, 0.485289
trial 685, 1, 1, 7, 1, 7, 77037.3, 0.940799, 0.22593, 0.843809
trial 686, 1, 0, 0, 7, 1, 24221.3, 0.093313, 0.891555, 0.161347
trial 687, 1, 1, 6, 1, 8, 56493.3, 0.90386, 0.26406, 0.906272
trial 688, 1, 1, 8, 4, 5, 61272, 0.941594, 0.670721, 0.846485
trial 689, 1, 0, 3, 5, 3, 1136, 0.102479, 0.737642, 0.283256
trial 690, 1, 1, 2, 1, 2, 47210.7, 0.0561215, 0.173451, 0.481089
trial 691, 1, 1, 7, 6, 3, 77333.3, 0.856858, 0.679387, 0.395242
trial 692, 1, 0, 7, 7, 7, 58845.3, 0.892408, 0.786528, 0.925512
trial 693, 1, 1, 8, 8, 7, 32104, 0.937948, 0.940532, 0.940229
trial 694, 1, 1, 5, 8, 3, 30770.7, 0.807199, 0.938982, 0.453018
trial 695, 1, 1, 0, 2, 2, 53661.3, 0.0527744, 0.26052, 0.239742
trial 696, 1, 0, 2, 5, 1, 23794.7, 0.252059, 0.765837, 0.17121
trial 697, 1, 1, 3, 3, 1, 78829.3, 0.5, 0.369792, 0.164793
trial 698, 1, 1, 2, 7, 8, 7384, 0.191967, 0.881861, 0.89288
trial 699, 1, 1, 0, 3, 0, 16312, 0.0509863, 0.296909, 0.0481519
trial 700, 1, 0, 8, 1, 5, 19618.7, 0.863124, 0.392617, 0.810913
trial 701, 1, 1, 6, 4, 0, 62685.3, 0.906316, 0.694125, 0.0937124
trial 702, 1, 1, 4, 2, 1, 53466.7, 0.628947, 0.507902, 0.36729
trial 703, 1, 1, 8, 4, 6, 2389.33, 0.934827, 0.673561, 0.697893
trial 704, 1, 0, 4, 8, 8, 30784, 0.835461, 0.932588, 0.894789
trial 705, 1, 1, 8, 2, 5, 28810.7, 0.951504, 0.425281, 0.854437
trial 706, 1, 1, 6, 6, 3, 65632, 0.86281, 0.799554, 0.376179
trial 707, 1, 0, 0, 1, 1, 6522.67, 0.0617216, 0.137697, 0.351316
trial 708, 1, 0, 1, 2, 0, 77840, 0.154103, 0.253694, 0.0450653
trial 709, 1, 1, 2, 0, 4, 69394.7, 0.604721, 0.0832208, 0.385442
trial 710, 1, 0, 8, 0, 3, 66802.7, 0.779781, 0.0574895, 0.45676
trial 711, 1, 0, 8, 7, 6, 77826.7, 0.870324, 0.936454, 0.733819
trial 712, 1, 0, 3, 6, 6, 57037.3, 0.595138, 0.860477, 0.326918
trial 713, 1, 0, 2, 8, 5, 6285.33, 0.692739, 0.816645, 0.811777
trial 714, 1, 0, 5, 8, 6, 69498.7, 0.816287, 0.848941, 0.942335
trial 715, 1, 1, 2, 6, 5, 64672, 0.499391, 0.799502, 0.736999
trial 716, 1, 1, 2, 0, 7, 27760, 0.425576, 0.117076, 0.814222
trial 717, 1, 0, 6, 3, 6, 76472, 0.867808, 0.312847, 0.881335
trial 718, 1, 1, 8, 6, 7, 1768, 0.944902, 0.748892, 0.893882
trial 719, 1, 0, 8, 2, 5, 49784, 0.911614, 0.565179, 0.791164
trial 720, 1, 0, 7, 5, 6, 27528, 0.887898, 0.446758, 0.85706
trial 721, 1, 1, 7, 8, 0, 78789.3, 0.880424, 0.783365, 0
trial 722, 1, 0, 7, 0, 6, 23040, 0.804528, 0.0559895, 0.922201
trial 723, 1, 0, 8, 7, 2, 1693.33, 0.770263, 0.818787, 0.181253
trial 724, 1, 0, 5, 8, 0, 36013.3, 0.801574, 0.844587, 0.118756
trial 725, 1, 1, 0, 7, 3, 5288, 0.0455838, 0.799619, 0.389236
trial 726, 1, 0, 6, 1, 1, 20522.7, 0.657141, 0.163625, 0.552362
trial 727, 1, 0, 0, 1, 0, 5973.33, 0.186467, 0.0731625, 0.136148
trial 728, 1, 0, 6, 5, 2, 62808, 0.732484, 0.587628, 0.325241
trial 729, 1, 0, 2, 7, 6, 17234.7, 0.369522, 0.880288, 0.743314
trial 730, 1, 1, 4, 0, 4, 44941.3, 0.820818, 0.0946195, 0.834309
trial 731, 1, 0, 2, 2, 1, 59504, 0.27236, 0.345058, 0.453895
trial 732, 1, 1, 1, 0, 0, 52125.3, 0.170933, 0.261388, 0.168075
trial 733, 1, 0, 1, 8, 3, 65688, 0.532773, 0.807737, 0.328176
trial 734, 1, 1, 7, 1, 1, 59840, 0.906188, 0.213464, 0.222679
trial 735, 1, 0, 1, 5, 0, 67504, 0.420738, 0.771749, 0.0830675
trial 736, 1, 1, 0, 3, 3, 34933.3, 0.0608396, 0.278664, 0.383981
trial 737, 1, 0, 0, 0, 3, 1632, 0.155077, 0.095705, 0.501388
trial 738, 1, 1, 3, 3, 2, 2010.67, 0.737453, 0.200072, 0.221929
trial 739, 1, 1, 5, 7, 8, 79792, 0.857695, 0.756752, 0.935574
trial 740, 1, 1, 1, 8, 4, 12773.3, 0.695229, 0.837488, 0.609285
trial 741, 1, 0, 8, 4, 1, 6525.33, 0.778832, 0.403011, 0.167428
trial 742, 1, 0, 8, 2, 7, 33256, 0.894251, 0.431937, 0.932434
trial 743, 1, 0, 6, 7, 4, 75397.3, 0.759978, 0.82468, 0.448156
trial 744, 1, 1, 7, 6, 1, 9752, 0.851934, 0.667938, 0.370929
trial 745, 1, 1, 0, 3, 5, 17445.3, 0.0820836, 0.231347, 0.602445
trial 746, 1, 0, 1, 3, 4, 58149.3, 0.158704, 0.277356, 0.546408
trial 747, 1, 1, 8, 7, 3, 41733.3, 0.951269, 0.728858, 0.251678
trial 748, 1, 0, 5, 7, 1, 75240, 0.851203, 0.745473, 0.12102
trial 749, 1, 1, 2, 0, 2, 48589.3, 0.28567, 0.0553963, 0.392861
trial 750, 1, 1, 6, 7, 0, 78933.3, 0.949059, 0.620791, 0
trial 751, 1, 0, 2, 4, 8, 32797.3, 0.464195, 0.873351, 0.862754
trial 752, 1, 1, 2, 3, 7, 49752, 0.320595, 0.388698, 0.908047
trial 753, 1, 1, 5, 2, 2, 6357.33, 0.839784, 0.346007, 0.348041
trial 754, 1, 0, 6, 2, 1, 59890.7, 0.77536, 0.442178, 0.191867
trial 755, 1, 1, 8, 7, 0, 26096, 0.895742, 0.83748, 0
trial 756, 1, 1, 5, 8, 1, 5941.33, 0.881672, 0.804683, 0.156168
trial 757, 1, 1, 5, 8, 7, 44256, 0.854845, 0.861914, 0.85375
trial 758, 1, 1, 0, 1, 0, 51237.3, 0.0545367, 0.149136, 0.302088
trial 759, 1, 0, 6, 7, 3, 77589.3, 0.827905, 0.807037, 0.250716
trial 760, 1, 1, 2, 8, 5, 69642.7, 0.639492, 0.859117, 0.32386
trial 761, 1, 0, 2, 3, 3, 29077.3, 0.590025, 0.270392, 0.416084
trial 762, 1, 0, 3, 0, 3, 48322.7, 0.560384, 0.15001, 0.40776
trial 763, 1, 1, 8, 8, 8, 22621.3, 0.927791, 0.909548, 0.814791
trial 764, 1, 1, 4, 1, 8, 37389.3, 0.876847, 0.279262, 0.885223
trial 765, 1, 1, 3, 8, 7, 66818.7, 0.744013, 0.9367, 0.915301
trial 766, 1, 0, 5, 7, 4, 78578.7, 0.848858, 0.876132, 0.380618
trial 767, 1, 0, 0, 4, 7, 1160, 0.60482, 0.844603, 0.836033
trial 768, 1, 0, 4, 4, 4, 58170.7, 0.738756, 0.66579, 0.628858
trial 769, 1, 1, 6, 6, 4, 62168, 0.872551, 0.853764, 0.670816
trial 770, 1, 0, 4, 3, 7, 19696, 0.64711, 0.375967, 0.880748
trial 771, 1, 1, 8, 5, 6, 64762.7, 0.917868, 0.856699, 0.881828
trial 772, 1, 1, 7, 5, 8, 78517.3, 0.960286, 0.854153, 0.931167
trial 773, 1, 1, 1, 2, 2, 54762.7, 0, 0.221065, 0.24185
trial 774, 1, 1, 6, 6, 2, 1888, 0.914456, 0.932623, 0.382352
trial 775, 1, 1, 8, 5, 3, 39832, 0.951334, 0.817443, 0.336726
trial 776, 1, 0, 0, 5, 5, 28658.7, 0.15342, 0.574855, 0.369624
trial 777, 1, 0, 1, 8, 2, 23149.3, 0.0926045, 0.868118, 0.28369
trial 778, 1, 0, 1, 5, 5, 6576, 0.781254, 0.858129, 0.7301
trial 779, 1, 1, 5, 6, 1, 194.667, 0.87854, 0.82388, 0.262323
trial 780, 1, 0, 0, 6, 7, 31576, 0.193778, 0.927907, 0.886648
trial 781, 1, 1, 6, 0, 8, 33464, 0.789859, 0.0883828, 0.92585
trial 782, 1, 1, 1, 1, 4, 6192, 0.139727, 0.136704, 0.691894
trial 783, 1, 0, 7, 3, 7, 75634.7, 0.899667, 0.479903, 0.922714
trial 784, 1, 1, 3, 8, 2, 43616, 0.747101, 0.84752, 0.207622
trial 785, 1, 0, 8, 5, 5, 53904, 0.861948, 0.3264, 0.650659
trial 786, 1, 0, 6, 5, 5, 304, 0.89012, 0.766489, 0.847846
trial 787, 1, 0, 7, 8, 2, 34882.7, 0.881213, 0.903152, 0.356747
trial 788, 1, 0, 8, 3, 6, 12949.3, 0.875851, 0.428907, 0.929249
trial 789, 1, 0, 1, 3, 5, 56552, 0.173719, 0.344284, 0.778269
trial 790, 1, 1, 4, 2, 6, 47184, 0.81722, 0.238532, 0.885077
trial 791, 1, 0, 1, 2, 5, 2.66667, 0.375481, 0.372697, 0.749854
trial 792, 1, 1, 4, 5, 3, 1592, 0.740657, 0.808314, 0.441
trial 793, 1, 0, 7, 2, 4, 5245.33, 0.78223, 0.375876, 0.786873
trial 794, 1, 1, 2, 2, 8, 30848, 0.587069, 0.215863, 0.878278
trial 795, 1, 0, 7, 8, 5, 40250.7, 0.79099, 0.86043, 0.74882
trial 796, 1, 0, 6, 1, 0, 41888, 0.844952, 0.114508, 0.103039
trial 797, 1, 0, 3, 6, 8, 74125.3, 0.795715, 0.873813, 0.968855
trial 798, 1, 0, 8, 7, 0, 2018.67, 0.84128, 0.852175, 0
trial 799, 1, 0, 3, 4, 3, 32509.3, 0.481221, 0.723096, 0.421117
trial 800, 1, 0, 6, 2, 8, 20474.7, 0.895198, 0.24644, 0.886054
trial 801, 1, 0, 6, 5, 3, 19418.7, 0.754412, 0.748674, 0.5
trial 802, 1, 1, 4, 0, 1, 20437.3, 0.675404, 0.140099, 0.436193
trial 803, 1, 0, 6, 0, 4, 54309.3, 0.860086, 0.13738, 0.684886
trial 804, 1, 1, 6, 0, 0, 7101.33, 0.81175, 0.188168, 0.113795
trial 805, 1, 1, 1, 7, 7, 23605.3, 0.0863903, 0.893953, 0.8942
trial 806, 1, 1, 0, 7, 1, 48298.7, 0.108936, 0.918287, 0.086201
trial 807, 1, 1, 3, 3, 0, 61688, 0.170459, 0.244374, 0
trial 808, 1, 0, 2, 4, 3, 2824, 0.547187, 0.628413, 0.422757
trial 809, 1, 0, 8, 8, 1, 2357.33, 0.835144, 0.875219, 0.123917
trial 810, 1, 1, 5, 4, 6, 55394.7, 0.881647, 0.794445, 0.926369
trial 811, 1, 1, 0, 6, 0, 57528, 0.0335223, 0.636256, 0
trial 812, 1, 0, 4, 7, 2, 63218.7, 0.764164, 0.79522, 0.316701
trial 813, 1, 1, 0, 5, 3, 1546.67, 0.123933, 0.630989, 0.35665
trial 814, 1, 0, 7, 7, 4, 37349.3, 0.831431, 0.795161, 0.301288
trial 815, 1, 1, 6, 8, 0, 43538.7, 0.905209, 0.814989, 0
trial 816, 1, 1, 3, 2, 2, 45880, 0.637143, 0.340878, 0.22603
trial 817, 1, 1, 7, 0, 3, 6536, 0.952511, 0.204497, 0.266649
trial 818, 1, 0, 4, 7, 7, 11352, 0.864424, 0.794985, 0.884607
trial 819, 1, 1, 3, 7, 7, 63010.7, 0.866891, 0.795597, 0.933429
trial 820, 1, 1, 7, 8, 4, 59229.3, 0.903761, 0.870763, 0.256813
trial 821, 1, 1, 8, 3, 5, 7973.33, 0.903105, 0.243014, 0.503975
trial 822, 1, 1, 8, 0, 1, 74906.7, 0.889189, 0.126559, 0.214654
trial 823, 1, 1, 7, 6, 6, 42197.3, 0.939905, 0.930551, 0.810374
trial 824, 1, 1, 7, 7, 8, 5266.67, 0.961695, 0.93026, 0.922878
trial 825, 1, 1, 8, 7, 7, 36512, 0.951219, 0.953476, 0.964423
trial 826, 1, 0, 5, 3, 3, 55024, 0.683028, 0.670169, 0.681313
trial 827, 1, 0, 4, 4, 8, 17013.3, 0.592959, 0.756311, 0.870101
trial 828, 1, 0, 0, 6, 4, 17162.7, 0.132907, 0.891085, 0.686647
trial 829, 1, 1, 7, 2, 3, 68685.3, 0.851104, 0.445223, 0.422355
trial 830, 1, 0, 0, 4, 4, 46730.7, 0.12864, 0.408377, 0.432529
trial 831, 1, 0, 0, 3, 3, 54754.7, 0.0854463, 0.431618, 0.557216
trial 832, 1, 1, 4, 0, 7, 50434.7, 0.861652, 0.117508, 0.902074
trial 833, 1, 0, 7, 3, 8, 16440, 0.907007, 0.372586, 0.929998
trial 834, 1, 1, 4, 8, 8, 4608, 0.785095, 0.831758, 0.947785
trial 835, 1, 1, 7, 3, 7, 51653.3, 0.904036, 0.44162, 0.783913
trial 836, 1, 0, 1, 6, 8, 10624, 0.389851, 0.836268, 0.9231
trial 837, 1, 0, 2, 2, 0, 76106.7, 0.321562, 0.152726, 0.281816
trial 838, 1, 1, 6, 6, 0, 15021.3, 0.790791, 0.349709, 0
trial 839, 1, 1, 2, 4, 5, 35536, 0.452982, 0.451195, 0.690018
trial 840, 1, 0, 8, 3, 8, 10256, 0.860369, 0.482062, 0.845841
trial 841, 1, 1, 4, 1, 2, 42613.3, 0.726088, 0.0875079, 0.558409
trial 842, 1, 1, 1, 2, 4, 36952, 0.38881, 0.189155, 0.403064
trial 843, 1, 0, 8, 6, 5, 16989.3, 0.857904, 0.782081, 0.472499
trial 844, 1, 1, 7, 5, 4, 16117.3, 0.902556, 0.855028, 0.3668
trial 845, 1, 1, 4, 1, 0, 12658.7, 0.686682, 0.159663, 0.303149
trial 846, 1, 0, 0, 3, 7, 3330.67, 0.26642, 0.345383, 0.858786
trial 847, 1, 0, 2, 3, 5, 1848, 0.153586, 0.741411, 0.549749
trial 848, 1, 0, 3, 5, 5, 20077.3, 0.42306, 0.850682, 0.794945
trial 849, 1, 0, 5, 5, 0, 7805.33, 0.745137, 0.389128, 0.109697
trial 850, 1, 0, 8, 2, 8, 51696, 0.884469, 0.18995, 0.930884
trial 851, 1, 0, 6, 6, 4, 429.333, 0.795082, 0.647702, 0.389699
trial 852, 1, 1, 2, 2, 6, 19922.7, 0.170248, 0.318305, 0.933408
trial 853, 1, 1, 6, 1, 7, 61328, 0.91969, 0.183725, 0.888156
trial 854, 1, 1, 1, 7, 3, 33925.3, 0.0647634, 0.835285, 0.547343
trial 855, 1, 0, 1, 1, 6, 8362.67, 0.0800487, 0.09478, 0.848809
trial 856, 1, 1, 5, 4, 4, 47581.3, 0.726481, 0.376172, 0.678782
trial 857, 1, 0, 3, 3, 2, 10205.3, 0.592567, 0.385807, 0.237716
trial 858, 1, 1, 7, 4, 8, 41098.7, 0.881851, 0.495445, 0.890469
trial 859, 1, 1, 8, 1, 8, 55600, 0.934639, 0.18141, 0.945791
trial 860, 1, 0, 1, 7, 0, 11674.7, 0.0424317, 0.776449, 0
trial 861, 1, 1, 1, 8, 8, 65149.3, 0.126165, 0.892302, 0.85275
trial 862, 1, 1, 0, 0, 0, 37386.7, 0.392499, 0.206873, 0.207794
trial 863, 1, 1, 2, 2, 5, 56405.3, 0.123375, 0.356555, 0.797906
trial 864, 1, 1, 1, 7, 2, 49802.7, 0.210601, 0.85239, 0.262574
trial 865, 1, 0, 1, 5, 8, 56776, 0.607089, 0.249254, 0.898003
trial 866, 1, 1, 1, 5, 4, 8949.33, 0.183934, 0.277834, 0.410766
trial 867, 1, 1, 3, 6, 7, 72370.7, 0.686596, 0.664972, 0.799952
trial 868, 1, 1, 1, 5, 5, 17397.3, 0.339489, 0.351235, 0.646295
trial 869, 1, 1, 0, 0, 4, 66506.7, 0.346259, 0.172639, 0.5
trial 870, 1, 0, 6, 3, 7, 75829.3, 0.787765, 0.491019, 0.844705
trial 871, 1, 0, 1, 8, 7, 8765.33, 0.658928, 0.901734, 0.902537
trial 872, 1, 1, 2, 8, 2, 20280, 0.230035, 0.74429, 0.117592
trial 873, 1, 0, 7, 1, 7, 3949.33, 0.87722, 0.233306, 0.883351
trial 874, 1, 1, 0, 8, 0, 58520, 0.0436878, 0.824751, 0.0788374
trial 875, 1, 0, 8, 6, 7, 11440, 0.918569, 0.776615, 0.930979
trial 876, 1, 0, 1, 5, 1, 15144, 0.240077, 0.618254, 0.17611
trial 877, 1, 1, 4, 2, 0, 65104, 0.675523, 0.115047, 0.128096
trial 878, 1, 0, 5, 4, 2, 62186.7, 0.654649, 0.307362, 0.235252
trial 879, 1, 0, 0, 3, 5, 1664, 0.124434, 0.37326, 0.564572
trial 880, 1, 0, 0, 5, 4, 2832, 0.593749, 0.711869, 0.309005
trial 881, 1, 0, 3, 3, 0, 27005.3, 0.573916, 0.222988, 0.177432
trial 882, 1, 1, 3, 4, 2, 45938.7, 0.749924, 0.457634, 0.341885
trial 883, 1, 1, 1, 1, 1, 26808, 0.170316, 0.266636, 0.22213
trial 884, 1, 0, 6, 5, 4, 11544, 0.869615, 0.522474, 0.224347
trial 885, 1, 0, 7, 3, 2, 36162.7, 0.886328, 0.375117, 0.145702
trial 886, 1, 0, 0, 3, 1, 637.333, 0.201905, 0.331944, 0.208598
trial 887, 1, 0, 1, 0, 8, 33304, 0.458633, 0.172965, 0.850142
trial 888, 1, 1, 5, 8, 0, 23234.7, 0.802079, 0.832294, 0.055194
trial 889, 1, 0, 8, 1, 8, 66240, 0.908246, 0.16464, 0.938786
trial 890, 1, 1, 0, 5, 7, 44168, 0.170935, 0.733884, 0.811925
trial 891, 1, 0, 3, 7, 2, 25442.7, 0.504097, 0.764144, 0.296578
trial 892, 1, 1, 6, 1, 6, 61058.7, 0.885503, 0.432806, 0.798697
trial 893, 1, 1, 5, 0, 1, 75728, 0.765467, 0.118435, 0.739715
trial 894, 1, 0, 0, 8, 6, 22618.7, 0.141312, 0.893043, 0.791231
trial 895, 1, 1, 5, 0, 7, 3856, 0.844971, 0.0834782, 0.905568
trial 896, 1, 0, 1, 8, 6, 78141.3, 0.350259, 0.943011, 0.878694
trial 897, 1, 0, 2, 2, 4, 52504, 0.625033, 0.253958, 0.574295
trial 898, 1, 0, 4, 7, 8, 58186.7, 0.761672, 0.860764, 0.861072
trial 899, 1, 0, 2, 5, 8, 29098.7, 0.603326, 0.752819, 0.935895
trial 900, 1, 0, 6, 2, 7, 28685.3, 0.893446, 0.468184, 0.948965
trial 901, 1, 0, 0, 8, 7, 36650.7, 0.632671, 0.886699, 0.854568
trial 902, 1, 0, 1, 4, 4, 63250.7, 0.20537, 0.351394, 0.421176
trial 903, 1, 0, 2, 8, 4, 14925.3, 0.325859, 0.772937, 0.330108
trial 904, 1, 0, 4, 5, 1, 63624, 0.419095, 0.414646, 0.180369
trial 905, 1, 1, 2, 4, 0, 6160, 0.569227, 0.287364, 0.0369
trial 906, 1, 0, 8, 8, 2, 20610.7, 0.897342, 0.691276, 0.357639
trial 907, 1, 0, 7, 5, 3, 32744, 0.863202, 0.732501, 0.368343
trial 908, 1, 1, 5, 2, 3, 46898.7, 0.85388, 0.355038, 0.584916
trial 909, 1, 0, 2, 1, 8, 3306.67, 0.746808, 0.129295, 0.887616
trial 910, 1, 0, 5, 8, 5, 2280, 0.821721, 0.819839, 0.699143
trial 911, 1, 1, 7, 5, 7, 53981.3, 0.927605, 0.876279, 0.85886
trial 912, 1, 1, 4, 8, 7, 272, 0.9141, 0.911464, 0.850417
trial 913, 1, 0, 3, 0, 2, 55352, 0.460586, 0.0654742, 0.334734
trial 914, 1, 0, 5, 2, 8, 4290.67, 0.719657, 0.440936, 0.897333
trial 915, 1, 1, 6, 5, 1, 25477.3, 0.824363, 0.519749, 0.258691
trial 916, 1, 0, 0, 4, 2, 317.333, 0.170855, 0.529269, 0.300667
trial 917, 1, 1, 2, 7, 6, 16949.3, 0.580603, 0.790078, 0.667817
trial 918, 1, 1, 3, 1, 8, 67440, 0.664454, 0.251572, 0.707347
trial 919, 1, 0, 7, 5, 1, 72618.7, 0.925884, 0.721377, 0.22087
trial 920, 1, 1, 7, 2, 0, 18546.7, 0.951655, 0.301862, 0.107458
trial 921, 1, 1, 5, 5, 2, 74600, 0.814779, 0.714136, 0.423448
trial 922, 1, 1, 0, 6, 5, 37458.7, 0.0729032, 0.648312, 0.618678
trial 923, 1, 1, 7, 6, 2, 17696, 0.784793, 0.819556, 0.21984
trial 924, 1, 0, 4, 0, 4, 25224, 0.727748, 0.254573, 0.427651
trial 925, 1, 0, 2, 2, 5, 36738.7, 0.304612, 0.352834, 0.5
trial 926, 1, 1, 3, 4, 4, 77701.3, 0.416966, 0.449514, 0.434434
trial 927, 1, 0, 6, 4, 7, 7384, 0.866792, 0.834584, 0.739084
trial 928, 1, 0, 0, 5, 8, 77688, 0.253046, 0.810127, 0.892046
trial 929, 1, 0, 2, 1, 4, 3898.67, 0.5, 0.385868, 0.740054
trial 930, 1, 0, 7, 2, 8, 57600, 0.94438, 0.274202, 0.920839
trial 931, 1, 0, 7, 7, 2, 67354.7, 0.897982, 0.661261, 0.222589
trial 932, 1, 1, 5, 1, 0, 28986.7, 0.789848, 0.16809, 0.287162
trial 933, 1, 1, 4, 4, 8, 65432, 0.853592, 0.825868, 0.773441
trial 934, 1, 0, 6, 6, 3, 37610.7, 0.787798, 0.863441, 0.356783
trial 935, 1, 0, 8, 4, 3, 34429.3, 0.890178, 0.659303, 0.418848
trial 936, 1, 1, 6, 2, 6, 39909.3, 0.880712, 0.220151, 0.897677
trial 937, 1, 0, 2, 8, 2, 74149.3, 0.455984, 0.854146, 0.17423
trial 938, 1, 1, 3, 7, 4, 33256, 0.140923, 0.869058, 0.219518
trial 939, 1, 1, 7, 7, 5, 41752, 0.849885, 0.83618, 0.51405
trial 940, 1, 1, 0, 4, 1, 42461.3, 0.0918587, 0.351955, 0.208428
trial 941, 1, 1, 5, 1, 6, 40181.3, 0.845589, 0.308893, 0.855383
trial 942, 1, 1, 0, 0, 7, 44872, 0.0804938, 0.126116, 0.886345
trial 943, 1, 1, 1, 6, 8, 1405.33, 0.240677, 0.660912, 0.905056
trial 944, 1, 1, 0, 5, 8, 4810.67, 0.243123, 0.387207, 0.940956
trial 945, 1, 1, 3, 7, 3, 1645.33, 0.145414, 0.896394, 0.21663
trial 946, 1, 1, 5, 5, 0, 51290.7, 0.813722, 0.551204, 0.084396
trial 947, 1, 1, 0, 2, 3, 34669.3, 0.101624, 0.13022, 0.296628
trial 948, 1, 1, 0, 4, 0, 2842.67, 0, 0.261087, 0
trial 949, 1, 0, 6, 3, 5, 28216, 0.724841, 0.263794, 0.907386
trial 950, 1, 0, 0, 5, 7, 45042.7, 0.582202, 0.689973, 0.752754
trial 951, 1, 0, 3, 1, 4, 42240, 0.697376, 0.106087, 0.373965
trial 952, 1, 0, 3, 8, 5, 40485.3, 0.823712, 0.866035, 0.6534
trial 953, 1, 1, 1, 8, 1, 44768, 0.0887695, 0.730566, 0.158159
trial 954, 1, 0, 5, 0, 5, 74082.7, 0.778567, 0.17612, 0.609774
trial 955, 1, 0, 3, 0, 8, 5365.33, 0.701819, 0.0801732, 0.920805
trial 956, 1, 0, 1, 4, 3, 19178.7, 0.633707, 0.344663, 0.166251
trial 957, 1, 0, 0, 5, 1, 4714.67, 0.218487, 0.710363, 0.296598
trial 958, 1, 1, 3, 4, 0, 75850.7, 0.593902, 0.487112, 0.10986
trial 959, 1, 0, 8, 8, 6, 27752, 0.836266, 0.849869, 0.783938
trial 960, 1, 0, 5, 2, 7, 35720, 0.900252, 0.313114, 0.873345
trial 961, 1, 0, 2, 4, 1, 7093.33, 0.51618, 0.396185, 0.264661
trial 962, 1, 1, 2, 5, 3, 2866.67, 0.432381, 0.749376, 0.511436
trial 963, 1, 0, 6, 3, 4, 68386.7, 0.707779, 0.432303, 0.410481
trial 964, 1, 0, 1, 1, 5, 70277.3, 0.640065, 0.229827, 0.662077
trial 965, 1, 1, 7, 4, 6, 69760, 0.967626, 0.761528, 0.907545
trial 966, 1, 1, 4, 6, 5, 58368, 0.848795, 0.830081, 0.618416
trial 967, 1, 1, 8, 2, 2, 16706.7, 0.930181, 0.665043, 0.473235
trial 968, 1, 1, 2, 0, 1, 2594.67, 0.329582, 0.0687243, 0.209139
trial 969, 1, 0, 7, 0, 4, 26189.3, 0.928137, 0.186008, 0.875245
trial 970, 1, 1, 2, 2, 0, 59330.7, 0.5, 0.283078, 0.0653237
trial 971, 1, 1, 2, 7, 0, 70997.3, 0.24189, 0.792436, 0
trial 972, 1, 1, 6, 0, 3, 59157.3, 0.847175, 0.133697, 0.746637
trial 973, 1, 1, 6, 2, 0, 27240, 0.900551, 0.308771, 0.156576
trial 974, 1, 0, 7, 4, 4, 24656, 0.874965, 0.753948, 0.643655
trial 975, 1, 0, 8, 4, 8, 24810.7, 0.912481, 0.831505, 0.886441
trial 976, 1, 0, 4, 2, 5, 22125.3, 0.798379, 0.815845, 0.771866
trial 977, 1, 1, 1, 3, 5, 27330.7, 0.332508, 0.376083, 0.885814
trial 978, 1, 1, 0, 4, 2, 14424, 0.121867, 0.787906, 0.219159
trial 979, 1, 1, 3, 7, 8, 40933.3, 0.763134, 0.824482, 0.874928
trial 980, 1, 1, 8, 7, 8, 54413.3, 0.969334, 0.862105, 0.947806
trial 981, 1, 0, 5, 5, 6, 14621.3, 0.914725, 0.819536, 0.79714
trial 982, 1, 1, 8, 1, 6, 17608, 0.932133, 0.243795, 0.855679
trial 983, 1, 0, 5, 6, 1, 71298.7, 0.77375, 0.719864, 0.155541
trial 984, 1, 0, 7, 1, 2, 29520, 0.801759, 0.14224, 0.417772
trial 985, 1, 1, 4, 5, 7, 15272, 0.759013, 0.852583, 0.843884
trial 986, 1, 1, 0, 0, 6, 67088, 0.287557, 0.184123, 0.867292
trial 987, 1, 0, 6, 5, 1, 40664, 0.867182, 0.795427, 0.17724
trial 988, 1, 0, 7, 3, 5, 6685.33, 0.904243, 0.372815, 0.693541
trial 989, 1, 1, 2, 4, 6, 69824, 0.677626, 0.648822, 0.885736
trial 990, 1, 0, 3, 8, 2, 30480, 0.48083, 0.701732, 0.153116
trial 991, 1, 1, 4, 4, 0, 6138.67, 0.657046, 0.723719, 0
trial 992, 1, 0, 6, 7, 1, 71320, 0.852759, 0.620598, 0.255992
trial 993, 1, 1, 0, 6, 7, 17346.7, 0.129538, 0.846895, 0.783072
trial 994, 1, 0, 0, 1, 8, 78410.7, 0.571922, 0.09293, 0.855522
trial 995, 1, 0, 0, 1, 7, 20208, 0.426571, 0.216563, 0.873197
trial 996, 1, 1, 3, 2, 0, 22770.7, 0.592883, 0.229451, 0.0936516
trial 997, 1, 1, 2, 6, 1, 19576, 0.563729, 0.718157, 0.189776
trial 998, 1, 0, 8, 1, 1, 4378.67, 0.88677, 0.237969, 0.386695
trial 999, 1, 0, 4, 5, 4, 781.333, 0.68184, 0.560818, 0.640309
trial 1000, 1, 0, 5, 1, 0, 24544, 0.647254, 0.278103, 0.256243
trial 1001, 1, 0, 8, 8, 8, 26482.7, 0.920634, 0.853617, 0.831233
trial 1002, 1, 0, 5, 1, 6, 69714.7, 0.808326, 0.21627, 0.843865
trial 1003, 1, 0, 5, 4, 5, 44498.7, 0.757485, 0.724971, 0.796812
trial 1004, 1, 1, 0, 2, 1, 10552, 0.0469625, 0.187447, 0.313568
trial 1005, 1, 0, 0, 2, 5, 66058.7, 0.148504, 0.504367, 0.672525
trial 1006, 1, 0, 4, 2, 4, 64277.3, 0.714304, 0.300693, 0.64768
trial 1007, 1, 1, 7, 7, 1, 10789.3, 0.887811, 0.808945, 0.185079
trial 1008, 1, 0, 2, 3, 2, 20056, 0.552869, 0.624421, 0.411193
trial 1009, 1, 1, 1, 0, 6, 25773.3, 0.459643, 0.122407, 0.725821
trial 1010, 1, 0, 3, 8, 7, 57562.7, 0.725109, 0.833709, 0.934046
trial 1011, 1, 1, 0, 3, 8, 9706.67, 0.571047, 0.335574, 0.871576
trial 1012, 1, 1, 8, 7, 2, 19000, 0.903401, 0.767167, 0.244468
trial 1013, 1, 0, 0, 2, 8, 76989.3, 0.616424, 0.430108, 0.929379
trial 1014, 1, 1, 2, 0, 5, 40722.7, 0.603318, 0.100355, 0.673155
trial 1015, 1, 1, 4, 3, 3, 6149.33, 0.792933, 0.760946, 0.377503
trial 1016, 1, 0, 3, 0, 7, 381.333, 0.824021, 0.156582, 0.932592
trial 1017, 1, 1, 6, 7, 8, 440, 0.964361, 0.896889, 0.912038
trial 1018, 1, 0, 0, 7, 3, 71106.7, 0.241037, 0.882885, 0.345472
trial 1019, 1, 1, 4, 8, 5, 39642.7, 0.710848, 0.907236, 0.309497
trial 1020, 1, 1, 3, 6, 4, 55312, 0.740587, 0.852482, 0.340583
trial 1021, 1, 0, 6, 1, 5, 4042.67, 0.885052, 0.166655, 0.847068
trial 1022, 1, 0, 1, 8, 1, 51229.3, 0.0819705, 0.847445, 0.124675
trial 1023, 1, 0, 5, 7, 3, 66880, 0.837839, 0.856252, 0.209325
trial 1024, 1, 1, 6, 8, 4, 60608, 0.871494, 0.890643, 0.388163
trial 1025, 1, 1, 8, 6, 8, 23861.3, 0.953026, 0.824969, 0.838619
trial 1026, 1, 0, 8, 2, 1, 7416, 0.888646, 0.300858, 0.376565
trial 1027, 1, 0, 7, 2, 6, 79512, 0.837317, 0.170444, 0.827902
trial 1028, 1, 0, 0, 2, 0, 65034.7, 0.113621, 0.34415, 0.077289
trial 1029, 1, 1, 5, 6, 7, 23349.3, 0.873114, 0.709817, 0.922328
trial 1030, 1, 1, 3, 3, 7, 30904, 0.689929, 0.180797, 0.846045
trial 1031, 1, 1, 4, 0, 6, 61362.7, 0.864026, 0.0966181, 0.894159
trial 1032, 1, 0, 5, 8, 4, 23642.7, 0.829294, 0.855903, 0.481654
trial 1033, 1, 1, 7, 2, 7, 65986.7, 0.929698, 0.165245, 0.962441
trial 1034, 1, 0, 0, 4, 5, 68082.7, 0.127761, 0.431431, 0.660345
trial 1035, 1, 0, 3, 1, 2, 46992, 0.664898, 0.116424, 0.328552
trial 1036, 1, 1, 1, 4, 1, 39754.7, 0.130922, 0.426837, 0.0581267
trial 1037, 1, 1, 3, 8, 3, 41890.7, 0.772282, 0.914033, 0.575424
trial 1038, 1, 1, 8, 3, 0, 2509.33, 0.922912, 0.495826, 0.0688069
trial 1039, 1, 0, 5, 0, 1, 72728, 0.82926, 0.0818254, 0.402878
trial 1040, 1, 1, 7, 3, 5, 26130.7, 0.919959, 0.386377, 0.80971
trial 1041, 1, 0, 3, 8, 0, 67434.7, 0.788262, 0.896402, 0
trial 1042, 1, 1, 3, 6, 3, 73029.3, 0.561095, 0.843244, 0.245075
trial 1043, 1, 0, 2, 6, 7, 8549.33, 0.458915, 0.835194, 0.879858
trial 1044, 1, 0, 2, 4, 0, 44040, 0.586344, 0.469293, 0.0446042
trial 1045, 1, 1, 7, 2, 4, 5701.33, 0.926466, 0.180057, 0.784587
trial 1046, 1, 0, 4, 6, 5, 46032, 0.745667, 0.869337, 0.647542
trial 1047, 1, 1, 1, 7, 0, 64520, 0.132092, 0.820386, 0.0686799
trial 1048, 1, 0, 1, 1, 0, 22866.7, 0.332646, 0.323337, 0.219398
trial 1049, 1, 0, 7, 4, 2, 40618.7, 0.846465, 0.594499, 0.200687
trial 1050, 1, 0, 3, 8, 4, 1408, 0.74273, 0.827506, 0.355574
trial 1051, 1, 0, 7, 4, 0, 44949.3, 0.845737, 0.428958, 0.0495067
trial 1052, 1, 1, 1, 6, 4, 35650.7, 0.0789598, 0.405033, 0.280265
trial 1053, 1, 1, 7, 5, 5, 11341.3, 0.91537, 0.743312, 0.834493
trial 1054, 1, 1, 0, 0, 5, 4754.67, 0.0864257, 0.0979042, 0.831709
trial 1055, 1, 0, 7, 0, 5, 36938.7, 0.904329, 0.0928777, 0.857376
trial 1056, 1, 1, 4, 6, 2, 58098.7, 0.847753, 0.88986, 0.101619
trial 1057, 1, 1, 6, 0, 1, 14349.3, 0.906542, 0.180794, 0.388468
trial 1058, 1, 1, 2, 1, 0, 62536, 0.685148, 0.165668, 0.0510951
trial 1059, 1, 0, 4, 7, 6, 32042.7, 0.670031, 0.874366, 0.52547
trial 1060, 1, 0, 3, 5, 4, 42992, 0.697885, 0.414491, 0.388388
trial 1061, 1, 1, 2, 1, 1, 26762.7, 0.646206, 0.211351, 0.290469
trial 1062, 1, 1, 4, 4, 2, 8080, 0.708157, 0.439252, 0.0938726
trial 1063, 1, 1, 5, 3, 8, 39976, 0.914894, 0.409544, 0.890225
trial 1064, 1, 1, 3, 7, 5, 73269.3, 0.615416, 0.672612, 0.821172
trial 1065, 1, 0, 2, 1, 0, 64957.3, 0.184325, 0.178644, 0.0792686
trial 1066, 1, 1, 0, 8, 3, 59234.7, 0.13107, 0.858588, 0.270184
trial 1067, 1, 1, 6, 4, 3, 66373.3, 0.890644, 0.737662, 0.423083
trial 1068, 1, 0, 0, 2, 3, 2938.67, 0.440563, 0.202394, 0.361848
trial 1069, 1, 1, 5, 6, 6, 290.667, 0.902633, 0.441241, 0.89197
trial 1070, 1, 1, 2, 0, 8, 5496, 0.644942, 0.112721, 0.86219
trial 1071, 1, 1, 4, 2, 8, 35010.7, 0.827001, 0.193228, 0.868811
trial 1072, 1, 0, 1, 7, 5, 61458.7, 0.551503, 0.880007, 0.49948
trial 1073, 1, 0, 8, 5, 4, 58394.7, 0.944255, 0.855961, 0.283921
trial 1074, 1, 0, 4, 1, 7, 44050.7, 0.876767, 0.166143, 0.851812
trial 1075, 1, 0, 2, 1, 7, 43768, 0.580812, 0.120688, 0.885637
trial 1076, 1, 1, 6, 2, 4, 23133.3, 0.942367, 0.255387, 0.699198
trial 1077, 1, 0, 5, 2, 4, 12746.7, 0.776604, 0.623931, 0.459479
trial 1078, 1, 0, 7, 8, 1, 47752, 0.828824, 0.901084, 0.224996
trial 1079, 1, 0, 5, 3, 0, 36018.7, 0.683349, 0.283855, 0.0683498
trial 1080, 1, 0, 1, 5, 4, 32301.3, 0.0828681, 0.301341, 0.421345
trial 1081, 1, 0, 0, 1, 4, 2312, 0.161532, 0.165764, 0.387533
trial 1082, 1, 0, 6, 6, 5, 53978.7, 0.808286, 0.884427, 0.622909
trial 1083, 1, 1, 2, 3, 0, 44005.3, 0.260999, 0.342469, 0.0803465
trial 1084, 1, 0, 2, 8, 7, 16592, 0.756309, 0.929562, 0.83079
trial 1085, 1, 1, 5, 0, 8, 76208, 0.931769, 0.341496, 0.9292
trial 1086, 1, 0, 4, 2, 8, 45912, 0.948304, 0.234316, 0.950231
trial 1087, 1, 0, 2, 6, 8, 19082.7, 0.806276, 0.877814, 1
trial 1088, 1, 0, 6, 2, 4, 54717.3, 0.897149, 0.331916, 0.602543
trial 1089, 1, 0, 4, 4, 6, 79930.7, 0.906822, 0.34414, 0.876196
trial 1090, 1, 1, 6, 5, 6, 56061.3, 0.951683, 0.431692, 0.95645
trial 1091, 1, 1, 6, 3, 7, 44621.3, 0.949526, 0.24782, 0.943848
trial 1092, 1, 0, 0, 6, 0, 75344, 0.114811, 0.531289, 0
trial 1093, 1, 1, 1, 8, 3, 23485.3, 0.195553, 0.832287, 0.236369
trial 1094, 1, 0, 2, 2, 6, 34592, 0.579896, 0.265416, 0.916455
trial 1095, 1, 1, 0, 4, 3, 11266.7, 0.0859483, 0.235729, 0.372625
trial 1096, 1, 1, 6, 4, 8, 55781.3, 0.914875, 0.394402, 1
trial 1097, 1, 1, 8, 5, 5, 31941.3, 1, 0.495682, 0.870573
trial 1098, 1, 0, 7, 8, 4, 10309.3, 0.866727, 0.900828, 0.360661
trial 1099, 1, 1, 5, 8, 8, 27330.7, 0.840699, 0.899814, 1
trial 1100, 1, 0, 7, 6, 3, 38266.7, 0.816663, 0.88649, 0.197561
trial 1101, 1, 1, 1, 6, 3, 56709.3, 0.166233, 0.81444, 0.206342
trial 1102, 1, 1, 4, 6, 4, 76997.3, 0.694778, 0.780685, 0.283084
trial 1103, 1, 1, 2, 5, 2, 21874.7, 0.720589, 0.414496, 0.0795201
trial 1104, 1, 1, 1, 0, 8, 1976, 0.680259, 0.426811, 0.941727
trial 1105, 1, 1, 3, 3, 3, 17090.7, 0.648183, 0.16878, 0.348843
trial 1106, 1, 0, 0, 0, 2, 22306.7, 0.268586, 0.149889, 0.428753
trial 1107, 1, 0, 4, 6, 3, 38176, 0.714643, 0.813749, 0.217241
trial 1108, 1, 0, 3, 4, 5, 60192, 0.755127, 0.385231, 0.818134
trial 1109, 1, 1, 0, 8, 6, 3682.67, 0.077779, 0.948074, 0.796449
trial 1110, 1, 0, 6, 0, 0, 44533.3, 0.715505, 0.186194, 0.185639
trial 1111, 1, 0, 7, 4, 7, 35973.3, 0.852789, 0.619733, 0.838987
trial 1112, 1, 1, 1, 0, 2, 73232, 0.157596, 0.0748617, 0.440541
trial 1113, 1, 0, 2, 3, 7, 77768, 0.583284, 0.271578, 0.945207
trial 1114, 1, 1, 1, 5, 3, 43197.3, 0.0750962, 0.836507, 0.370353
trial 1115, 1, 1, 7, 4, 4, 77453.3, 0.947136, 0.655547, 0.39453
trial 1116, 1, 1, 1, 8, 5, 71450.7, 0.146265, 0.913279, 0.460245
trial 1117, 1, 1, 1, 2, 5, 3978.67, 0.576476, 0.175904, 0.418161
trial 1118, 1, 1, 8, 4, 4, 4040, 0.966827, 0.389045, 0.264667
trial 1119, 1, 1, 7, 3, 3, 25104, 0.891064, 0.449954, 0.322265
trial 1120, 1, 1, 0, 6, 1, 47658.7, 0.0885855, 0.671032, 0.142069
trial 1121, 1, 0, 4, 4, 0, 77914.7, 0.653156, 0.435582, 0.0628006
trial 1122, 1, 1, 2, 5, 7, 39704, 0.746021, 0.535213, 0.947137
trial 1123, 1, 0, 3, 2, 1, 55474.7, 0.668468, 0.370568, 0.0830386
trial 1124, 1, 1, 3, 5, 1, 63504, 0.678566, 0.322556, 0.120264
trial 1125, 1, 1, 3, 2, 4, 42562.7, 0.720596, 0.177538, 0.678181
trial 1126, 1, 1, 3, 4, 1, 9888, 0.801092, 0.487409, 0.301793
trial 1127, 1, 0, 0, 0, 6, 7992, 0.561831, 0, 0.832534
trial 1128, 1, 0, 0, 6, 3, 5749.33, 0.159762, 0.793741, 0.261251
trial 1129, 1, 1, 6, 8, 6, 69693.3, 0.969985, 0.941954, 0.861816
trial 1130, 1, 1, 0, 8, 1, 13946.7, 0.0571499, 0.438356, 0.0831689
trial 1131, 1, 0, 4, 1, 8, 64336, 0.815006, 0.159295, 0.945861
trial 1132, 1, 0, 6, 1, 2, 22240, 0.877189, 0.1229, 0.458574
trial 1133, 1, 1, 1, 1, 8, 53093.3, 0.0724326, 0.0587942, 0.935689
trial 1134, 1, 1, 2, 4, 7, 25144, 0.38765, 0.765183, 0.941493
trial 1135, 1, 0, 4, 0, 1, 4922.67, 0.677787, 0.0970114, 0.319669
trial 1136, 1, 0, 2, 0, 4, 2789.33, 0.209103, 0.060885, 0.652106
trial 1137, 1, 1, 4, 6, 6, 63224, 0.793573, 0.949303, 0.88802
trial 1138, 1, 1, 1, 5, 0, 32597.3, 0.199224, 0.870829, 0
trial 1139, 1, 0, 4, 3, 8, 35021.3, 0.880775, 0.508394, 0.975001
trial 1140, 1, 0, 6, 7, 0, 28608, 0.858307, 0.488861, 0
trial 1141, 1, 1, 5, 0, 2, 49488, 0.878951, 0.0393416, 0.434537
trial 1142, 1, 1, 5, 3, 7, 3018.67, 0.915074, 0.347939, 0.902969
trial 1143, 1, 0, 0, 2, 4, 64898.7, 0.399931, 0.156398, 0.402387
trial 1144, 1, 0, 3, 5, 0, 11837.3, 0.602674, 0.532276, 0.0690556
trial 1145, 1, 1, 1, 0, 5, 1818.67, 0.101953, 0.0721133, 0.85115
trial 1146, 1, 0, 4, 0, 2, 73160, 0.803838, 0.0895654, 0.219385
trial 1147, 1, 1, 7, 1, 3, 21520, 0.948117, 0.0538646, 0.203004
trial 1148, 1, 1, 8, 8, 2, 17093.3, 0.965892, 0.692193, 0.155883
trial 1149, 1, 0, 0, 7, 7, 67914.7, 0.315059, 0.814767, 0.951592
trial 1150, 1, 1, 3, 6, 8, 19856, 0.719255, 0.775218, 0.959767
trial 1151, 1, 0, 3, 7, 5, 46040, 0.693277, 0.671546, 0.345969
trial 1152, 1, 0, 8, 7, 3, 66362.7, 0.907532, 0.89821, 0.200139
trial 1153, 1, 0, 6, 4, 2, 3936, 0.891575, 0.399839, 0.114452
trial 1154, 1, 0, 1, 4, 0, 60293.3, 0.5, 0.381908, 0
trial 1155, 1, 1, 4, 7, 0, 3280, 0.878523, 0.504287, 0
trial 1156, 1, 1, 3, 8, 0, 52778.7, 0.876517, 0.877334, 0
trial 1157, 1, 1, 8, 6, 2, 37653.3, 0.942568, 0.886176, 0.191137
trial 1158, 1, 0, 6, 7, 5, 52690.7, 0.838253, 0.82006, 0.790583
trial 1159, 1, 0, 4, 6, 2, 44280, 0.849032, 0.796775, 0.363422
trial 1160, 1, 1, 4, 1, 7, 57730.7, 0.782201, 0.101332, 0.73294
trial 1161, 1, 0, 5, 8, 8, 9781.33, 0.844247, 0.869641, 1
trial 1162, 1, 0, 6, 0, 3, 30096, 0.853871, 0.120638, 0.619197
trial 1163, 1, 0, 6, 7, 2, 13554.7, 0.85775, 0.424975, 0.139835
trial 1164, 1, 0, 4, 7, 4, 28418.7, 0.693791, 0.888157, 0.307357
trial 1165, 1, 0, 0, 3, 6, 34213.3, 0.186429, 0.354024, 0.594675
trial 1166, 1, 1, 2, 3, 6, 40834.7, 0.579312, 0.388403, 0.835389
trial 1167, 1, 1, 5, 5, 3, 51402.7, 0.84175, 0.710071, 0.413706
trial 1168, 1, 1, 4, 6, 1, 45936, 0.711587, 0.774044, 0.135924
trial 1169, 1, 0, 6, 4, 8, 12461.3, 0.853836, 0.798256, 0.941253
trial 1170, 1, 0, 8, 6, 6, 27210.7, 0.954448, 0.852744, 0.906284
trial 1171, 1, 1, 0, 7, 4, 4482.67, 0.0569205, 0.831533, 0.44614
trial 1172, 1, 1, 6, 8, 3, 78938.7, 0.829826, 0.865368, 0.455613
trial 1173, 1, 0, 8, 2, 3, 5461.33, 0.744382, 0.166207, 0.55978
trial 1174, 1, 0, 2, 7, 5, 21573.3, 0.458422, 0.828876, 0.482311
trial 1175, 1, 1, 5, 2, 5, 14202.7, 0.852328, 0.338774, 0.795893
trial 1176, 1, 1, 5, 1, 4, 71368, 0.888317, 0.102638, 0.543159
trial 1177, 1, 0, 6, 7, 6, 79696, 0.859642, 0.865488, 0.906436
trial 1178, 1, 0, 5, 2, 1, 75365.3, 0.761547, 0.310026, 0.167257
trial 1179, 1, 1, 8, 4, 2, 22736, 0.958833, 0.769618, 0.126907
trial 1180, 1, 0, 0, 0, 8, 49218.7, 0.130061, 0.106735, 0.94678
trial 1181, 1, 0, 6, 7, 7, 58794.7, 0.869943, 0.767375, 0.889097
trial 1182, 1, 1, 6, 1, 0, 4069.33, 0.85732, 0.31274, 0.171898
trial 1183, 1, 0, 2, 6, 6, 46962.7, 0.438664, 0.417401, 0.800651
trial 1184, 1, 1, 2, 7, 1, 36802.7, 0.488755, 0.839601, 0.203883
trial 1185, 1, 1, 5, 7, 3, 47360, 0.83668, 0.758353, 0.212522
trial 1186, 1, 0, 7, 4, 6, 42904, 0.880878, 0.419481, 0.81346
trial 1187, 1, 1, 4, 3, 1, 77112, 0.719447, 0.312952, 0.177955
trial 1188, 1, 1, 2, 7, 2, 6312, 0.553406, 0.787102, 0.339964
trial 1189, 1, 1, 2, 0, 0, 33346.7, 0.398402, 0.0993241, 0.069081
trial 1190, 1, 0, 3, 2, 2, 16560, 0.619369, 0.305436, 0.137199
trial 1191, 1, 1, 3, 5, 4, 14800, 0.829628, 0.885922, 0.50598
trial 1192, 1, 1, 2, 7, 5, 11797.3, 0.5, 0.832214, 0.613741
trial 1193, 1, 0, 1, 6, 4, 51501.3, 0.140548, 0.786813, 0.354322
trial 1194, 1, 1, 4, 7, 6, 37738.7, 0.871808, 0.677703, 0.744119
trial 1195, 1, 1, 6, 4, 1, 45218.7, 0.908026, 0.31356, 0.11355
trial 1196, 1, 0, 3, 0, 0, 2658.67, 0.530927, 0.167876, 0.150045
trial 1197, 1, 0, 8, 4, 0, 39930.7, 0.975442, 0.349014, 0.0667865
trial 1198, 1, 0, 3, 5, 1, 5925.33, 0.713377, 0.39143, 0.132437
trial 1199, 1, 1, 2, 3, 8, 24461.3, 0.709804, 0.623075, 0.873294
trial 1200, 1, 0, 4, 3, 4, 39397.3, 0.775481, 0.42458, 0.681703
trial 1201, 1, 1, 5, 1, 8, 40024, 0.919537, 0.174229, 0.911285
trial 1202, 1, 1, 4, 0, 2, 2245.33, 0.75043, 0.0769976, 0.358129
trial 1203, 1, 0, 6, 3, 8, 76101.3, 0.898082, 0.378715, 0.917293
trial 1204, 1, 0, 2, 6, 0, 73936, 0.590208, 0.726631, 0.0536469
trial 1205, 1, 0, 0, 7, 8, 59042.7, 0.35807, 0.555622, 0.870651
trial 1206, 1, 1, 6, 8, 8, 51021.3, 0.923988, 0.823924, 0.89344
trial 1207, 1, 0, 3, 6, 3, 3704, 0.774486, 0.797153, 0.384978
trial 1208, 1, 0, 1, 2, 8, 1936, 0.413686, 0.189898, 0.870028
trial 1209, 1, 0, 8, 3, 0, 23978.7, 0.970622, 0.277271, 0.0494533
trial 1210, 1, 0, 1, 1, 7, 68381.3, 0.558898, 0.0894594, 0.903617
trial 1211, 1, 1, 4, 4, 5, 60973.3, 0.84867, 0.742317, 0.865663
trial 1212, 1, 1, 8, 6, 1, 74946.7, 0.952948, 0.668562, 0.205466
trial 1213, 1, 1, 5, 2, 0, 29864, 0.786588, 0.378276, 0.0681676
trial 1214, 1, 1, 1, 7, 6, 51213.3, 0.12943, 0.794359, 0.923758
trial 1215, 1, 1, 7, 0, 4, 75706.7, 0.876457, 0.108185, 0.605906
trial 1216, 1, 1, 4, 5, 6, 32120, 0.794322, 0.818343, 0.905428
trial 1217, 1, 1, 2, 3, 1, 12013.3, 0.550219, 0.237171, 0.0890727
trial 1218, 1, 0, 4, 4, 5, 42181.3, 0.595142, 0.378582, 0.759288
trial 1219, 1, 0, 6, 1, 8, 66213.3, 0.847252, 0.124369, 0.929119
trial 1220, 1, 0, 7, 5, 0, 37696, 0.842146, 0.684694, 0.161383
trial 1221, 1, 1, 3, 4, 7, 31696, 0.90139, 0.451371, 0.970435
trial 1222, 1, 1, 3, 1, 2, 3205.33, 0.673661, 0.138792, 0.275643
trial 1223, 1, 0, 4, 0, 3, 25048, 0.68548, 0.136019, 0.393989
trial 1224, 1, 1, 8, 7, 5, 22181.3, 0.937902, 0.878588, 0.636798
trial 1225, 1, 1, 6, 8, 5, 11154.7, 0.89203, 0.857302, 0.76459
trial 1226, 1, 1, 1, 5, 8, 25648, 0.138107, 0.852195, 0.904626
trial 1227, 1, 0, 8, 4, 6, 23248, 0.914784, 0.561955, 0.896575
trial 1228, 1, 0, 1, 6, 6, 34845.3, 0.250527, 0.777417, 0.610109
trial 1229, 1, 0, 2, 0, 5, 63258.7, 0.266062, 0.163353, 0.794479
trial 1230, 1, 1, 0, 1, 2, 43658.7, 0.0969805, 0.142034, 0.342426
trial 1231, 1, 1, 8, 8, 0, 40696, 0.958402, 0.925762, 0.0136126
trial 1232, 1, 0, 0, 7, 6, 4621.33, 0.137002, 0.890829, 0.746549
trial 1233, 1, 1, 7, 7, 2, 60789.3, 0.939655, 0.852341, 0.106751
trial 1234, 1, 0, 7, 2, 5, 2584, 0.884784, 0.196617, 0.781257
trial 1235, 1, 0, 3, 3, 8, 60757.3, 0.836933, 0.793133, 0.87927
trial 1236, 1, 1, 2, 2, 1, 67013.3, 0.582831, 0.383848, 0.19027
trial 1237, 1, 0, 3, 8, 8, 5968, 0.845616, 0.911522, 0.924097
trial 1238, 1, 0, 7, 1, 4, 4997.33, 0.726211, 0.225645, 0.687398
trial 1239, 1, 1, 5, 1, 7, 73480, 0.883463, 0.111127, 0.932687
trial 1240, 1, 1, 3, 8, 6, 79018.7, 0.864179, 0.935106, 0.891079
trial 1241, 1, 1, 2, 4, 3, 52106.7, 0.593804, 0.72631, 0.244232
trial 1242, 1, 0, 4, 6, 4, 29045.3, 0.633986, 0.781361, 0.366703
trial 1243, 1, 0, 1, 4, 5, 26661.3, 0.660286, 0.347741, 0.582036
trial 1244, 1, 0, 7, 3, 4, 43637.3, 0.794397, 0.457131, 0.648843
trial 1245, 1, 0, 8, 3, 7, 51018.7, 0.894827, 0.352961, 0.845348
trial 1246, 1, 1, 3, 2, 5, 31736, 0.77778, 0.217859, 0.89816
trial 1247, 1, 1, 3, 3, 8, 55997.3, 0.841632, 0.45504, 0.934845
trial 1248, 1, 0, 4, 5, 0, 7432, 0.605332, 0.847904, 0.0952465
trial 1249, 1, 1, 8, 1, 4, 1253.33, 0.941237, 0.0895041, 0.69981
trial 1250, 1, 1, 7, 1, 6, 28845.3, 0.98995, 0.204521, 0.966558
trial 1251, 1, 1, 6, 2, 5, 61008, 0.941487, 0.119597, 0.785853
trial 1252, 1, 0, 5, 0, 8, 61576, 0.890198, 0.107537, 0.909751
trial 1253, 1, 0, 2, 8, 3, 1034.67, 0.455973, 0.855335, 0.185713
trial 1254, 1, 0, 0, 5, 0, 6738.67, 0.182029, 0.838348, 0.0292877
trial 1255, 1, 0, 1, 4, 6, 5962.67, 0.601321, 0.341292, 0.650264
trial 1256, 1, 0, 6, 8, 6, 23005.3, 0.812468, 0.857253, 0.721167
trial 1257, 1, 1, 3, 3, 4, 77824, 0.704084, 0.242863, 0.361099
trial 1258, 1, 1, 3, 1, 0, 79277.3, 0.551298, 0.0991054, 0.0948207
trial 1259, 1, 0, 0, 1, 2, 49565.3, 0.173521, 0.178244, 0.268444
trial 1260, 1, 1, 5, 6, 3, 76162.7, 0.82947, 0.59253, 0.236669
trial 1261, 1, 1, 2, 8, 0, 16965.3, 0.548288, 0.835721, 0
trial 1262, 1, 0, 8, 0, 2, 32434.7, 0.909856, 0.0192053, 0.350106
trial 1263, 1, 1, 1, 1, 3, 6760, 0.568502, 0.0527334, 0.234699
trial 1264, 1, 0, 5, 5, 1, 53418.7, 0.771544, 0.425667, 0.0819107
trial 1265, 1, 0, 1, 4, 7, 29874.7, 0.741371, 0.821281, 0.962739
trial 1266, 1, 1, 1, 0, 7, 53797.3, 0.194957, 0.112393, 0.939215
trial 1267, 1, 1, 8, 1, 2, 25080, 0.973703, 0.0957513, 0.168633
trial 1268, 1, 0, 0, 0, 4, 3045.33, 0.153796, 0.0544264, 0.390374
trial 1269, 1, 1, 8, 3, 7, 14669.3, 0.943463, 0.265248, 0.823755
trial 1270, 1, 0, 7, 1, 6, 66472, 0.905903, 0.183533, 0.891349
trial 1271, 1, 0, 6, 0, 8, 54829.3, 0.899435, 0.126265, 0.884161
trial 1272, 1, 1, 5, 8, 6, 51962.7, 0.859138, 0.858003, 0.874253
trial 1273, 1, 0, 2, 6, 3, 54872, 0.452977, 0.486082, 0.224675
trial 1274, 1, 0, 5, 7, 6, 79504, 0.708111, 0.359886, 0.437377
trial 1275, 1, 0, 1, 5, 2, 6632, 0.157536, 0.401877, 0.241926
trial 1276, 1, 0, 2, 7, 4, 61360, 0.418037, 0.851104, 0.358282
trial 1277, 1, 1, 0, 7, 7, 74344, 0.154287, 0.834743, 0.900861
trial 1278, 1, 0, 6, 6, 0, 6861.33, 0.84402, 0.510118, 0
trial 1279, 1, 1, 4, 4, 3, 3069.33, 0.732119, 0.721153, 0.364285
trial 1280, 1, 0, 3, 4, 8, 34040, 0.807811, 0.779144, 0.987651
trial 1281, 1, 0, 4, 3, 6, 40160, 0.784018, 0.355953, 0.892057
trial 1282, 1, 1, 8, 7, 6, 74034.7, 0.944694, 0.743776, 0.829098
trial 1283, 1, 1, 2, 5, 4, 4413.33, 0.258318, 0.690819, 0.325809
trial 1284, 1, 0, 7, 8, 3, 31936, 0.822028, 0.837251, 0.22811
trial 1285, 1, 1, 7, 3, 0, 76130.7, 0.933388, 0.308628, 0.0560698
trial 1286, 1, 1, 0, 0, 8, 24181.3, 0.65525, 0.107446, 0.948542
trial 1287, 1, 1, 7, 2, 8, 13312, 0.956508, 0.413462, 0.95799
trial 1288, 1, 0, 0, 8, 5, 64621.3, 0.358509, 0.424049, 0.413413
trial 1289, 1, 1, 0, 0, 1, 15714.7, 0.0762921, 0.14156, 0.363764
trial 1290, 1, 0, 0, 4, 0, 39792, 0.117852, 0.383744, 0.101418
trial 1291, 1, 1, 7, 4, 2, 74072, 0.938643, 0.393743, 0.139688
trial 1292, 1, 1, 2, 0, 6, 2720, 0.586282, 0.121224, 0.800025
trial 1293, 1, 0, 4, 7, 3, 35488, 0.783233, 0.334059, 0.368012
trial 1294, 1, 1, 6, 5, 4, 74218.7, 0.798638, 0.399714, 0.316583
trial 1295, 1, 0, 2, 0, 1, 24410.7, 0.605204, 0.143924, 0.42383
trial 1296, 1, 1, 0, 8, 7, 62869.3, 0.0977965, 0.870711, 0.762522
trial 1297, 1, 1, 4, 4, 6, 7224, 0.831173, 0.729722, 0.771396
trial 1298, 1, 1, 5, 4, 8, 27680, 0.834095, 0.497279, 0.761003
trial 1299, 1, 0, 8, 2, 0, 26802.7, 0.921445, 0.255537, 0.166293
trial 1300, 1, 0, 6, 4, 3, 936, 0.825573, 0.437057, 0.234703
trial 1301, 1, 0, 4, 6, 8, 29808, 0.751047, 0.748587, 0.912544
trial 1302, 1, 1, 6, 4, 7, 76578.7, 0.934088, 0.375313, 0.881888
trial 1303, 1, 0, 3, 6, 5, 3309.33, 0.618379, 0.643596, 0.663978
trial 1304, 1, 1, 1, 4, 5, 46301.3, 0.0929762, 0.419837, 0.865278
trial 1305, 1, 0, 6, 4, 6, 22994.7, 0.891342, 0.788281, 0.914857
trial 1306, 1, 0, 4, 7, 5, 5077.33, 0.849723, 0.887198, 0.68342
trial 1307, 1, 1, 6, 1, 4, 77549.3, 0.928221, 0.253423, 0.718754
trial 1308, 1, 0, 2, 4, 6, 68725.3, 0.316684, 0.669797, 0.796376
trial 1309, 1, 1, 4, 1, 4, 13514.7, 0.759539, 0.117951, 0.430981
trial 1310, 1, 1, 7, 7, 0, 1698.67, 0.905874, 0.845292, 0
trial 1311, 1, 0, 5, 6, 7, 70992, 0.840179, 0.867851, 0.959413
trial 1312, 1, 1, 0, 7, 6, 75762.7, 0.222223, 0.820464, 0.796702
trial 1313, 1, 0, 2, 5, 2, 60634.7, 0.488496, 0.713397, 0.364466
trial 1314, 1, 1, 7, 0, 2, 77805.3, 0.881452, 0.107778, 0.389935
trial 1315, 1, 1, 8, 0, 0, 3120, 0.882454, 0.0986649, 0.185584
trial 1316, 1, 1, 4, 5, 5, 61149.3, 0.418195, 0.783595, 0.318808
trial 1317, 1, 1, 3, 8, 8, 42138.7, 0.588352, 0.850615, 0.971149
trial 1318, 1, 0, 4, 0, 8, 17477.3, 0.644618, 0.145642, 0.920217
trial 1319, 1, 1, 8, 5, 7, 15912, 0.967064, 0.919863, 0.856154
trial 1320, 1, 1, 6, 3, 6, 2650.67, 0.914628, 0.280772, 0.727326
trial 1321, 1, 0, 4, 2, 3, 1237.33, 0.674903, 0.186946, 0.421061
trial 1322, 1, 1, 0, 0, 3, 75992, 0.0743084, 0.171781, 0.448767
trial 1323, 1, 0, 5, 4, 8, 3794.67, 0.587568, 0.677471, 0.796474
trial 1324, 1, 1, 2, 5, 8, 2125.33, 0.593835, 0.611019, 0.863717
trial 1325, 1, 0, 5, 6, 8, 55194.7, 0.695591, 0.89591, 0.874991
trial 1326, 1, 1, 4, 0, 5, 968, 0.6161, 0.121061, 0.613682
trial 1327, 1, 0, 8, 5, 3, 29986.7, 0.909616, 0.330609, 0.489519
trial 1328, 1, 0, 7, 8, 6, 3149.33, 0.901365, 0.885874, 0.402059
trial 1329, 1, 1, 8, 0, 2, 39416, 0.957631, 0.140575, 0.436306
trial 1330, 1, 1, 6, 0, 6, 15608, 0.845172, 0.105708, 0.801939
trial 1331, 1, 0, 6, 5, 8, 4269.33, 0.788916, 0.885547, 0.853275
trial 1332, 1, 1, 1, 3, 3, 78954.7, 0.123344, 0.669293, 0.379539
trial 1333, 1, 0, 4, 1, 0, 56197.3, 0.45082, 0.304518, 0.134101
trial 1334, 1, 0, 5, 3, 8, 25240, 0.850632, 0.386597, 0.877515
trial 1335, 1, 1, 7, 4, 1, 650.667, 0.910832, 0.471879, 0.333125
trial 1336, 1, 0, 0, 5, 6, 3154.67, 0.10247, 0.805491, 0.62598
trial 1337, 1, 0, 3, 2, 6, 67573.3, 0.303633, 0.238868, 0.854956
trial 1338, 1, 1, 1, 3, 8, 31914.7, 0.105373, 0.435038, 0.894212
trial 1339, 1, 0, 7, 2, 0, 65421.3, 0.697238, 0.173327, 0.0699682
trial 1340, 1, 0, 8, 0, 6, 59944, 0.916617, 0.107897, 0.905561
trial 1341, 1, 1, 8, 3, 4, 4256, 0.944899, 0.717184, 0.708829
trial 1342, 1, 1, 1, 3, 7, 19405.3, 0.0966208, 0.38722, 0.90581
trial 1343, 1, 1, 6, 7, 5, 49786.7, 0.892847, 0.854604, 0.314903
trial 1344, 1, 1, 4, 1, 3, 68928, 0.593676, 0.800424, 0.441806
trial 1345, 1, 0, 1, 3, 8, 3802.67, 0.396694, 0.704166, 0.889103
trial 1346, 1, 1, 8, 2, 8, 76501.3, 0.935286, 0.168686, 0.935476
trial 1347, 1, 0, 1, 6, 0, 14954.7, 0.183405, 0.850386, 0
trial 1348, 1, 1, 4, 8, 1, 8240, 0.853565, 0.803956, 0.249496
trial 1349, 1, 1, 2, 8, 8, 53749.3, 0.59272, 0.92691, 0.930503
trial 1350, 1, 0, 6, 7, 8, 34410.7, 0.88575, 0.828986, 0.94749
trial 1351, 1, 0, 8, 8, 3, 61042.7, 0.950558, 0.886561, 0.142081
trial 1352, 1, 0, 5, 3, 1, 1344, 0.715646, 0.803654, 0.243629
trial 1353, 1, 0, 7, 1, 8, 50080, 0.849548, 0.215355, 0.87459
trial 1354, 1, 1, 3, 7, 0, 78568, 0.157373, 0.782138, 0.128021
trial 1355, 1, 0, 8, 6, 1, 1056, 0.849851, 0.788049, 0.243046
trial 1356, 1, 0, 0, 7, 0, 15805.3, 0.50772, 0.724233, 0
trial 1357, 1, 0, 5, 0, 3, 44080, 0.860737, 0.0761903, 0.416283
trial 1358, 1, 1, 4, 8, 0, 71050.7, 0.575425, 0.838506, 0
trial 1359, 1, 1, 7, 8, 2, 14648, 0.864177, 0.801272, 0.159955
trial 1360, 1, 1, 8, 1, 1, 13912, 0.953685, 0.701006, 0.110823
trial 1361, 1, 0, 3, 8, 6, 66805.3, 0.599097, 0.913687, 0.482325
trial 1362, 1, 1, 6, 7, 1, 7568, 0.88555, 0.795579, 0.110101
trial 1363, 1, 1, 3, 1, 7, 44586.7, 0.758139, 0.196685, 0.853747
trial 1364, 1, 0, 7, 3, 0, 56573.3, 0.736795, 0.363168, 0.0752867
trial 1365, 1, 0, 8, 4, 5, 41696, 0.913684, 0.477145, 0.29195
trial 1366, 1, 1, 7, 2, 5, 42506.7, 0.933255, 0.195503, 0.578177
trial 1367, 1, 1, 5, 0, 0, 69984, 0.86346, 0.129414, 0.257107
trial 1368, 1, 1, 3, 5, 0, 36408, 0.685112, 0.674197, 0.111586
trial 1369, 1, 1, 3, 2, 1, 57354.7, 0.620245, 0.38643, 0.273209
trial 1370, 1, 1, 8, 6, 3, 53989.3, 0.789524, 0.624276, 0.336067
trial 1371, 1, 0, 5, 6, 5, 6525.33, 0.837373, 0.703502, 0.705002
trial 1372, 1, 1, 0, 7, 0, 41544, 0.189745, 0.842043, 0.209988
trial 1373, 1, 0, 7, 5, 5, 31736, 0.793337, 0.609206, 0.48433
trial 1374, 1, 0, 4, 1, 1, 11914.7, 0.418282, 0.174187, 0.309951
trial 1375, 1, 1, 1, 0, 1, 26970.7, 0.060292, 0.0694134, 0.414579
trial 1376, 1, 1, 4, 5, 4, 31744, 0.139905, 0.704463, 0.393597
trial 1377, 1, 0, 8, 3, 1, 57357.3, 0.887703, 0.466569, 0.303025
trial 1378, 1, 1, 5, 3, 0, 36005.3, 0.872546, 0.432685, 0.203512
trial 1379, 1, 0, 8, 6, 2, 12989.3, 0.861473, 0.846084, 0.151424
trial 1380, 1, 0, 6, 8, 2, 41354.7, 0.78719, 0.888691, 0.15514
trial 1381, 1, 1, 5, 5, 7, 44848, 0.894048, 0.744316, 0.88332
trial 1382, 1, 1, 1, 1, 2, 23538.7, 0.0862982, 0.131795, 0.388852
trial 1383, 1, 1, 5, 3, 4, 13384, 0.765164, 0.211148, 0.384713
trial 1384, 1, 0, 7, 1, 3, 7314.67, 0.752375, 0.185406, 0.441525
trial 1385, 1, 1, 1, 8, 7, 77277.3, 0.0914598, 0.935493, 0.7673
trial 1386, 1, 1, 5, 6, 0, 714.667, 0.076137, 0.831829, 0
trial 1387, 1, 0, 6, 8, 1, 2669.33, 0.793845, 0.907885, 0.106167
trial 1388, 1, 0, 6, 4, 0, 42864, 0.752227, 0.398426, 0.115518
trial 1389, 1, 1, 6, 5, 8, 2525.33, 0.883492, 0.36526, 0.901008
trial 1390, 1, 1, 8, 8, 3, 78733.3, 0.942938, 0.859902, 0.432151
trial 1391, 1, 0, 7, 3, 6, 38461.3, 0.886413, 0.388831, 0.845388
trial 1392, 1, 0, 5, 4, 0, 70112, 0.784041, 0.470763, 0.158109
trial 1393, 1, 0, 6, 2, 3, 6816, 0.76166, 0.35931, 0.375693
trial 1394, 1, 1, 6, 3, 4, 37936, 0.77047, 0.322227, 0.386332
trial 1395, 1, 1, 6, 6, 8, 8680, 0.919996, 0.90226, 0.92402
trial 1396, 1, 0, 7, 3, 1, 36245.3, 0.86946, 0.335528, 0.259721
trial 1397, 1, 1, 6, 7, 6, 10472, 0.902437, 0.917577, 0.829963
trial 1398, 1, 1, 5, 6, 8, 79242.7, 0.912452, 0.806203, 0.886318
trial 1399, 1, 0, 1, 7, 8, 5117.33, 0.505734, 0.910738, 0.852888
trial 1400, 1, 1, 3, 5, 8, 4653.33, 0.374827, 0.63357, 0.909115
trial 1401, 1, 1, 1, 1, 6, 40408, 0.069395, 0.0979536, 0.795019
trial 1402, 1, 0, 4, 8, 1, 15448, 0.664947, 0.572306, 0.24485
trial 1403, 1, 1, 1, 2, 1, 42021.3, 0.0419703, 0.233984, 0.34107
trial 1404, 1, 1, 0, 1, 4, 37808, 0.126453, 0.174511, 0.547772
trial 1405, 1, 0, 4, 8, 2, 18754.7, 0.57427, 0.890469, 0.194451
trial 1406, 1, 1, 4, 3, 6, 22306.7, 0.742939, 0.474881, 0.725765
trial 1407, 1, 0, 6, 1, 3, 63445.3, 0.742804, 0.203118, 0.624959
trial 1408, 1, 0, 3, 0, 1, 29672, 0.558103, 0.0734459, 0.356637
trial 1409, 1, 1, 2, 3, 2, 36450.7, 0.58101, 0.327218, 0.328607
trial 1410, 1, 0, 6, 1, 4, 68085.3, 0.603543, 0.174876, 0.359443
trial 1411, 1, 0, 2, 4, 4, 69346.7, 0.343043, 0.663463, 0.349015
trial 1412, 1, 1, 2, 6, 7, 55821.3, 0.57857, 0.880726, 0.660451
trial 1413, 1, 0, 5, 8, 2, 3488, 0.596997, 0.817897, 0.0958329
trial 1414, 1, 1, 6, 0, 7, 29613.3, 0.889868, 0.0385719, 0.944711
trial 1415, 1, 1, 6, 7, 3, 10416, 0.874824, 0.883153, 0.418618
trial 1416, 1, 1, 4, 2, 4, 65682.7, 0.648474, 0.332433, 0.459729
trial 1417, 1, 1, 3, 0, 6, 9664, 0.641053, 0.10227, 0.844875
trial 1418, 1, 0, 8, 6, 4, 44880, 0.753256, 0.892463, 0.322694
trial 1419, 1, 1, 4, 4, 4, 1200, 0.658614, 0.545597, 0.103133
trial 1420, 1, 0, 3, 7, 6, 1418.67, 0.606703, 0.916858, 0.484551
trial 1421, 1, 0, 7, 6, 6, 21458.7, 0.894968, 0.742374, 0.794895
trial 1422, 1, 0, 3, 8, 3, 22082.7, 0.617185, 0.887579, 0.337297
trial 1423, 1, 1, 1, 3, 6, 34168, 0.0660263, 0.816451, 0.842983
trial 1424, 1, 1, 2, 6, 4, 62565.3, 0.14207, 0.82405, 0.488169
trial 1425, 1, 0, 8, 4, 7, 6485.33, 0.93239, 0.581608, 0.902487
trial 1426, 1, 0, 1, 0, 3, 45888, 0.0644608, 0.0905837, 0.503801
trial 1427, 1, 0, 8, 5, 7, 949.333, 0.934687, 0.499783, 0.91025
trial 1428, 1, 0, 8, 7, 5, 51784, 0.952958, 0.913666, 0.75511
trial 1429, 1, 1, 2, 4, 8, 35309.3, 0.159152, 0.60619, 0.743041
trial 1430, 1, 1, 5, 4, 1, 32645.3, 0.58082, 0.492636, 0.282292
trial 1431, 1, 1, 0, 2, 0, 48546.7, 0.07832, 0.285864, 0.0739625
trial 1432, 1, 1, 0, 3, 7, 68224, 0.0465327, 0.517482, 0.870285
trial 1433, 1, 0, 2, 1, 6, 43218.7, 0.552888, 0.12068, 0.891195
trial 1434, 1, 0, 7, 6, 7, 66122.7, 0.943401, 0.549942, 0.957232
trial 1435, 1, 1, 6, 4, 6, 41360, 0.918645, 0.43667, 0.897404
trial 1436, 1, 1, 1, 7, 5, 15034.7, 0.0608857, 0.841452, 0.493216
trial 1437, 1, 1, 1, 4, 3, 3384, 0.174404, 0.627878, 0.425051
trial 1438, 1, 1, 3, 1, 1, 23384, 0.489234, 0.106672, 0.396391
trial 1439, 1, 1, 0, 3, 4, 6778.67, 0.110534, 0.509358, 0.405609
trial 1440, 1, 0, 0, 6, 8, 66176, 0.301544, 0.764393, 0.923412
trial 1441, 1, 0, 2, 3, 6, 6101.33, 0.402064, 0.508374, 0.866254
trial 1442, 1, 0, 8, 4, 4, 2085.33, 0.949931, 0.463528, 0.756913
trial 1443, 1, 1, 5, 7, 0, 24178.7, 0.899275, 0.845014, 0.0618117
trial 1444, 1, 0, 6, 6, 2, 19826.7, 0.796104, 0.899122, 0.112638
trial 1445, 1, 1, 7, 3, 2, 48605.3, 0.883498, 0.448531, 0.230076
trial 1446, 1, 1, 2, 6, 0, 22285.3, 0.0534211, 0.80507, 0
trial 1447, 1, 0, 2, 8, 6, 72789.3, 0.565469, 0.891019, 0.821506
trial 1448, 1, 0, 5, 2, 2, 450.667, 0.605007, 0.187933, 0.413553
trial 1449, 1, 1, 2, 3, 4, 73229.3, 0.531313, 0.377841, 0.533175
trial 1450, 1, 0, 0, 3, 4, 30864, 0.140045, 0.177227, 0.592933
trial 1451, 1, 1, 5, 6, 2, 24837.3, 0.758314, 0.846447, 0.183948
trial 1452, 1, 0, 1, 3, 2, 46858.7, 0.300351, 0.335118, 0.187877
trial 1453, 1, 1, 0, 2, 8, 41448, 0.0643478, 0.232127, 0.830858
trial 1454, 1, 0, 5, 6, 3, 35066.7, 0.77719, 0.799822, 0.25895
trial 1455, 1, 0, 0, 5, 2, 37389.3, 0.595741, 0.605648, 0.315576
trial 1456, 1, 1, 3, 3, 6, 56053.3, 0.646051, 0.649521, 0.676248
trial 1457, 1, 1, 1, 3, 4, 43256, 0.128604, 0.208857, 0.469091
trial 1458, 1, 1, 3, 1, 6, 55586.7, 0.698428, 0.172617, 0.885239
trial 1459, 1, 0, 6, 8, 0, 15570.7, 0.846439, 0.811748, 0.0881278
