OctaneSinglePotato trial list
----------------------

Trial Number | Haptic Presence | Environment | Glossiness | Depth | Conflict | Timer 1 | Timer 2 | Timer 3 | GlossResult | DepthResult
----------------------
1, 0, 1, 1, 7, 0, 33669.3, 0, -1, -1
2, 0, 1, 2, 1, 0, 24234.7, 0, -1, -1
3, 0, 0, 2, 1, 0, 4938.67, 0, -1, -1
4, 0, 1, 7, 1, 0, -57456, 0, -1, -1
5, 0, 0, 6, 3, 0, -67824, 0, -1, -1
6, 0, 0, 4, 2, 0, 37584, 0, -1, -1
7, 0, 1, 4, 8, 0, 37066.7, 0, -1, -1
8, 0, 1, 0, 3, 0, -22960, 0, -1, -1
9, 0, 0, 1, 0, 0, 32672, 0, -1, -1
10, 0, 0, 8, 1, 0, -76160, 0, -1, -1
11, 0, 1, 5, 3, 0, -71578.7, 0, -1, -1
12, 0, 1, 0, 7, 0, 36000, 0, -1, -1
13, 0, 1, 7, 3, 0, 27296, 0, -1, -1
14, 0, 1, 3, 6, 0, -12666.7, 0, -1, -1
15, 0, 0, 0, 6, 0, -40090.7, 0, -1, -1
16, 0, 1, 0, 6, 0, -34570.7, 0, -1, -1
17, 0, 1, 3, 8, 0, 10069.3, 0, -1, -1
18, 0, 1, 2, 6, 0, -72464, 0, -1, -1
19, 0, 0, 0, 5, 0, 9445.33, 0, -1, -1
20, 0, 1, 5, 4, 0, 37482.7, 0, -1, -1
21, 0, 1, 3, 1, 0, 31562.7, 0, -1, -1
22, 0, 0, 2, 4, 0, 41818.7, 0, -1, -1
23, 0, 0, 4, 8, 0, 70266.7, 0, -1, -1
24, 0, 0, 8, 6, 0, -5429.33, 0, -1, -1
25, 0, 0, 5, 5, 0, 64586.7, 0, -1, -1
26, 0, 0, 8, 3, 0, -56965.3, 0, -1, -1
27, 0, 0, 4, 0, 0, 77082.7, 0, -1, -1
28, 0, 0, 2, 8, 0, -54389.3, 0, -1, -1
29, 0, 1, 4, 6, 0, 2976, 0, -1, -1
30, 0, 0, 4, 7, 0, -38176, 0, -1, -1
31, 0, 1, 0, 4, 0, -78554.7, 0, -1, -1
32, 0, 0, 8, 2, 0, 13402.7, 0, -1, -1
33, 0, 1, 6, 8, 0, -74106.7, 0, -1, -1
34, 0, 0, 5, 2, 0, -37749.3, 0, -1, -1
35, 0, 1, 2, 7, 0, 4784, 0, -1, -1
36, 0, 1, 2, 5, 0, -4858.67, 0, -1, -1
37, 0, 0, 7, 2, 0, -75120, 0, -1, -1
38, 0, 0, 7, 6, 0, 52389.3, 0, -1, -1
39, 0, 0, 0, 3, 0, -66341.3, 0, -1, -1
40, 0, 1, 6, 0, 0, 73658.7, 0, -1, -1
41, 0, 1, 1, 8, 0, 2314.66, 0, -1, -1
42, 0, 0, 6, 8, 0, -71253.3, 0, -1, -1
43, 0, 1, 1, 5, 0, 35936, 0, -1, -1
44, 0, 0, 6, 4, 0, -60069.3, 0, -1, -1
45, 0, 0, 5, 0, 0, -37088, 0, -1, -1
46, 0, 0, 5, 7, 0, -72864, 0, -1, -1
47, 0, 0, 0, 7, 0, 19824, 0, -1, -1
48, 0, 0, 7, 1, 0, 23557.3, 0, -1, -1
49, 0, 1, 1, 3, 0, -69077.3, 0, -1, -1
50, 0, 1, 0, 5, 0, -69418.7, 0, -1, -1
51, 0, 0, 0, 4, 0, -58288, 0, -1, -1
52, 0, 1, 3, 4, 0, 20341.3, 0, -1, -1
53, 0, 0, 3, 5, 0, 37712, 0, -1, -1
54, 0, 1, 7, 5, 0, 68949.3, 0, -1, -1
55, 0, 1, 1, 6, 0, -73125.3, 0, -1, -1
56, 0, 0, 6, 6, 0, 19610.7, 0, -1, -1
57, 0, 0, 2, 2, 0, -23205.3, 0, -1, -1
58, 0, 1, 5, 7, 0, -75653.3, 0, -1, -1
59, 0, 1, 7, 8, 0, 47498.7, 0, -1, -1
60, 0, 0, 6, 5, 0, 70853.3, 0, -1, -1
61, 0, 1, 2, 8, 0, -75616, 0, -1, -1
62, 0, 1, 8, 2, 0, -23088, 0, -1, -1
63, 0, 0, 4, 6, 0, -45344, 0, -1, -1
64, 0, 1, 0, 0, 0, 48368, 0, -1, -1
65, 0, 0, 3, 1, 0, 35541.3, 0, -1, -1
66, 0, 0, 0, 8, 0, -49578.7, 0, -1, -1
67, 0, 1, 4, 1, 0, -197.334, 0, -1, -1
68, 0, 0, 0, 1, 0, 39178.7, 0, -1, -1
69, 0, 1, 4, 7, 0, -16336, 0, -1, -1
70, 0, 0, 4, 3, 0, -43664, 0, -1, -1
71, 0, 0, 8, 5, 0, 3994.67, 0, -1, -1
72, 0, 1, 5, 1, 0, -21114.7, 0, -1, -1
73, 0, 1, 7, 4, 0, 52800, 0, -1, -1
74, 0, 1, 0, 1, 0, 47781.3, 0, -1, -1
75, 0, 1, 4, 4, 0, -67632, 0, -1, -1
76, 0, 0, 2, 0, 0, 45898.7, 0, -1, -1
77, 0, 1, 3, 0, 0, 68858.7, 0, -1, -1
78, 0, 1, 1, 2, 0, 2645.33, 0, -1, -1
79, 0, 1, 2, 3, 0, -75637.3, 0, -1, -1
80, 0, 1, 0, 8, 0, -832, 0, -1, -1
81, 0, 1, 5, 5, 0, -18490.7, 0, -1, -1
82, 0, 0, 2, 7, 0, -61722.7, 0, -1, -1
83, 0, 0, 7, 4, 0, -11525.3, 0, -1, -1
84, 0, 1, 1, 1, 0, -60869.3, 0, -1, -1
85, 0, 1, 1, 4, 0, 55168, 0, -1, -1
86, 0, 0, 5, 3, 0, -17653.3, 0, -1, -1
87, 0, 1, 8, 3, 0, -11008, 0, -1, -1
88, 0, 1, 5, 2, 0, 17712, 0, -1, -1
89, 0, 0, 8, 7, 0, -66288, 0, -1, -1
90, 0, 0, 0, 2, 0, -27840, 0, -1, -1
91, 0, 1, 0, 2, 0, -33418.7, 0, -1, -1
92, 0, 0, 1, 7, 0, -17338.7, 0, -1, -1
93, 0, 1, 8, 1, 0, -19829.3, 0, -1, -1
94, 0, 1, 2, 0, 0, -76426.7, 0, -1, -1
95, 0, 0, 3, 7, 0, 48885.3, 0, -1, -1
96, 0, 1, 7, 7, 0, 31.9958, 0, -1, -1
97, 0, 1, 7, 2, 0, 33472, 0, -1, -1
98, 0, 1, 8, 4, 0, -52512, 0, -1, -1
99, 0, 1, 3, 2, 0, -52186.7, 0, -1, -1
100, 0, 0, 4, 1, 0, -45904, 0, -1, -1
101, 0, 0, 8, 4, 0, -15349.3, 0, -1, -1
102, 0, 1, 6, 7, 0, -34128, 0, -1, -1
103, 0, 0, 8, 8, 0, 69648, 0, -1, -1
104, 0, 0, 7, 0, 0, -27653.3, 0, -1, -1
105, 0, 1, 6, 4, 0, 75813.3, 0, -1, -1
106, 0, 1, 2, 4, 0, -30954.7, 0, -1, -1
107, 0, 1, 7, 0, 0, 74432, 0, -1, -1
108, 0, 0, 2, 6, 0, 30069.3, 0, -1, -1
109, 0, 0, 3, 0, 0, 33738.7, 0, -1, -1
110, 0, 0, 5, 8, 0, 32709.3, 0, -1, -1
111, 0, 0, 4, 5, 0, -67498.7, 0, -1, -1
112, 0, 0, 3, 2, 0, -24064, 0, -1, -1
113, 0, 1, 3, 7, 0, -24256, 0, -1, -1
114, 0, 1, 2, 2, 0, -2650.67, 0, -1, -1
115, 0, 1, 5, 8, 0, -43386.7, 0, -1, -1
116, 0, 0, 1, 6, 0, -16250.7, 0, -1, -1
117, 0, 0, 1, 5, 0, 72080, 0, -1, -1
118, 0, 0, 6, 1, 0, -11845.3, 0, -1, -1
119, 0, 1, 4, 3, 0, 19360, 0, -1, -1
120, 0, 1, 3, 5, 0, 52757.3, 0, -1, -1
121, 0, 0, 3, 6, 0, 18949.3, 0, -1, -1
122, 0, 1, 5, 0, 0, 27589.3, 0, -1, -1
123, 0, 1, 4, 2, 0, 64778.7, 0, -1, -1
124, 0, 0, 8, 0, 0, -76474.7, 0, -1, -1
125, 0, 1, 3, 3, 0, -56858.7, 0, -1, -1
126, 0, 1, 4, 0, 0, -54458.7, 0, -1, -1
127, 0, 0, 3, 3, 0, -65946.7, 0, -1, -1
128, 0, 1, 8, 7, 0, -18261.3, 0, -1, -1
129, 0, 0, 6, 0, 0, 1061.33, 0, -1, -1
130, 0, 1, 5, 6, 0, 38858.7, 0, -1, -1
131, 0, 0, 1, 8, 0, -40197.3, 0, -1, -1
132, 0, 1, 6, 6, 0, -36080, 0, -1, -1
133, 0, 1, 6, 3, 0, -69808, 0, -1, -1
134, 0, 1, 8, 5, 0, -4448, 0, -1, -1
135, 0, 1, 8, 6, 0, -79477.3, 0, -1, -1
136, 0, 1, 6, 5, 0, 73418.7, 0, -1, -1
137, 0, 0, 7, 8, 0, -42570.7, 0, -1, -1
138, 0, 0, 1, 2, 0, -24325.3, 0, -1, -1
139, 0, 0, 2, 5, 0, 31365.3, 0, -1, -1
140, 0, 1, 8, 0, 0, -4416, 0, -1, -1
141, 0, 0, 5, 6, 0, 57280, 0, -1, -1
142, 0, 0, 5, 1, 0, -7914.67, 0, -1, -1
143, 0, 0, 7, 3, 0, -71946.7, 0, -1, -1
144, 0, 0, 3, 4, 0, -19930.7, 0, -1, -1
145, 0, 1, 6, 2, 0, 74197.3, 0, -1, -1
146, 0, 1, 8, 8, 0, 71509.3, 0, -1, -1
147, 0, 1, 4, 5, 0, 43184, 0, -1, -1
148, 0, 0, 4, 4, 0, -66250.7, 0, -1, -1
149, 0, 1, 7, 6, 0, 13440, 0, -1, -1
150, 0, 0, 7, 7, 0, -9461.33, 0, -1, -1
151, 0, 0, 2, 3, 0, -27482.7, 0, -1, -1
152, 0, 0, 1, 4, 0, -77136, 0, -1, -1
153, 0, 0, 7, 5, 0, -70298.7, 0, -1, -1
154, 0, 0, 6, 2, 0, 69056, 0, -1, -1
155, 0, 0, 1, 3, 0, 78197.3, 0, -1, -1
156, 0, 1, 1, 0, 0, -30741.3, 0, -1, -1
157, 0, 0, 3, 8, 0, 40405.3, 0, -1, -1
158, 0, 1, 6, 1, 0, -69904, 0, -1, -1
159, 0, 0, 5, 4, 0, -78602.7, 0, -1, -1
160, 0, 0, 0, 0, 0, -11248, 0, -1, -1
161, 0, 0, 1, 1, 0, -14501.3, 0, -1, -1
162, 0, 0, 6, 7, 0, -30421.3, 0, -1, -1
163, 1, 1, 0, 3, 0, -50138.7, 1, -1, -1
164, 1, 1, 0, 7, 0, -9600, 1, -1, -1
165, 1, 1, 2, 6, 2, 33509.3, 1, -1, -1
166, 1, 0, 5, 4, 1, 52800, 1, -1, -1
167, 1, 1, 3, 0, 1, 38618.7, 1, -1, -1
168, 1, 1, 0, 1, 1, -70000, 1, -1, -1
169, 1, 1, 1, 1, 1, 45050.7, 1, -1, -1
170, 1, 1, 5, 4, 2, 24832, 1, -1, -1
171, 1, 0, 6, 6, 0, -869.331, 1, -1, -1
172, 1, 0, 7, 4, 1, 31114.7, 1, -1, -1
173, 1, 0, 4, 6, 2, 17712, 1, -1, -1
174, 1, 1, 0, 2, 0, -19440, 1, -1, -1
175, 1, 0, 2, 2, 0, 19610.7, 1, -1, -1
176, 1, 0, 5, 2, 1, -34128, 1, -1, -1
177, 1, 0, 3, 5, 1, 33669.3, 1, -1, -1
178, 1, 0, 0, 4, 2, 72080, 1, -1, -1
179, 1, 0, 6, 0, 0, 73445.3, 1, -1, -1
180, 1, 0, 2, 4, 1, -11525.3, 1, -1, -1
181, 1, 1, 4, 1, 1, -27392, 1, -1, -1
182, 1, 1, 5, 5, 1, -65226.7, 1, -1, -1
183, 1, 1, 0, 8, 2, 6981.33, 1, -1, -1
184, 1, 1, 0, 2, 2, 37925.3, 1, -1, -1
185, 1, 1, 6, 0, 0, -68794.7, 1, -1, -1
186, 1, 0, 7, 2, 0, -22725.3, 1, -1, -1
187, 1, 0, 4, 8, 2, -43386.7, 1, -1, -1
188, 1, 1, 5, 7, 2, -9488, 1, -1, -1
189, 1, 1, 6, 5, 2, 1136, 1, -1, -1
190, 1, 0, 3, 7, 1, -30954.7, 1, -1, -1
191, 1, 0, 8, 2, 2, 68826.7, 1, -1, -1
192, 1, 1, 8, 7, 0, -79962.7, 1, -1, -1
193, 1, 0, 3, 6, 0, -76426.7, 1, -1, -1
194, 1, 0, 6, 6, 2, -37082.7, 1, -1, -1
195, 1, 0, 0, 3, 2, -24325.3, 1, -1, -1
196, 1, 1, 1, 3, 1, -53450.7, 1, -1, -1
197, 1, 1, 2, 7, 0, 10986.7, 1, -1, -1
198, 1, 1, 6, 8, 1, 33920, 1, -1, -1
199, 1, 0, 8, 8, 2, -29189.3, 1, -1, -1
200, 1, 1, 3, 1, 2, -51301.3, 1, -1, -1
201, 1, 1, 1, 7, 2, 41504, 1, -1, -1
202, 1, 0, 0, 1, 0, -66341.3, 1, -1, -1
203, 1, 0, 1, 2, 0, 18949.3, 1, -1, -1
204, 1, 1, 5, 5, 0, 51488, 1, -1, -1
205, 1, 1, 0, 0, 1, 13701.3, 1, -1, -1
206, 1, 0, 2, 3, 2, -75120, 1, -1, -1
207, 1, 0, 7, 5, 2, -40970.7, 1, -1, -1
208, 1, 0, 6, 2, 1, 5120, 1, -1, -1
209, 1, 1, 2, 8, 0, -68698.7, 1, -1, -1
210, 1, 0, 1, 7, 1, -78602.7, 1, -1, -1
211, 1, 0, 0, 7, 0, -27482.7, 1, -1, -1
212, 1, 0, 8, 0, 1, -32549.3, 1, -1, -1
213, 1, 1, 6, 7, 2, -8080, 1, -1, -1
214, 1, 0, 0, 2, 1, 19824, 1, -1, -1
215, 1, 0, 2, 5, 2, -42570.7, 1, -1, -1
216, 1, 0, 0, 7, 2, 31365.3, 1, -1, -1
217, 1, 1, 3, 3, 0, -37536, 1, -1, -1
218, 1, 1, 3, 7, 1, 49184, 1, -1, -1
219, 1, 0, 3, 0, 1, 47781.3, 1, -1, -1
220, 1, 1, 8, 8, 1, -55173.3, 1, -1, -1
221, 1, 0, 5, 3, 1, -57456, 1, -1, -1
222, 1, 1, 1, 7, 1, 46245.3, 1, -1, -1
223, 1, 1, 7, 1, 0, -55344, 1, -1, -1
224, 1, 0, 1, 5, 2, 70266.7, 1, -1, -1
225, 1, 0, 1, 3, 0, 77082.7, 1, -1, -1
226, 1, 0, 3, 1, 0, -22960, 1, -1, -1
227, 1, 0, 6, 1, 2, -34005.3, 1, -1, -1
228, 1, 0, 2, 5, 0, 52389.3, 1, -1, -1
229, 1, 1, 3, 5, 0, 7205.33, 1, -1, -1
230, 1, 0, 2, 6, 1, -76160, 1, -1, -1
231, 1, 1, 0, 5, 2, -66080, 1, -1, -1
232, 1, 0, 2, 5, 1, -9461.33, 1, -1, -1
233, 1, 1, 3, 6, 1, -34933.3, 1, -1, -1
234, 1, 1, 1, 1, 0, 50176, 1, -1, -1
235, 1, 0, 8, 7, 2, -60501.3, 1, -1, -1
236, 1, 0, 7, 7, 2, -54992, 1, -1, -1
237, 1, 0, 7, 3, 1, 1584, 1, -1, -1
238, 1, 1, 4, 6, 0, 67813.3, 1, -1, -1
239, 1, 0, 2, 4, 0, -71946.7, 1, -1, -1
240, 1, 0, 8, 7, 1, -7077.33, 1, -1, -1
241, 1, 1, 0, 4, 0, 8021.34, 1, -1, -1
242, 1, 0, 2, 6, 0, -76474.7, 1, -1, -1
243, 1, 0, 2, 7, 2, 3994.67, 1, -1, -1
244, 1, 0, 5, 1, 0, -69808, 1, -1, -1
245, 1, 0, 5, 5, 1, 31.9958, 1, -1, -1
246, 1, 0, 8, 2, 0, -2533.34, 1, -1, -1
247, 1, 0, 2, 3, 1, 23557.3, 1, -1, -1
248, 1, 0, 0, 3, 1, -14501.3, 1, -1, -1
249, 1, 1, 4, 2, 0, 69786.7, 1, -1, -1
250, 1, 1, 4, 7, 1, -29749.3, 1, -1, -1
251, 1, 1, 7, 1, 1, 66432, 1, -1, -1
252, 1, 1, 3, 0, 2, -37504, 1, -1, -1
253, 1, 1, 3, 7, 2, 22432, 1, -1, -1
254, 1, 0, 2, 7, 1, -15349.3, 1, -1, -1
255, 1, 0, 4, 4, 2, 43184, 1, -1, -1
256, 1, 1, 0, 7, 2, -245.333, 1, -1, -1
257, 1, 1, 5, 8, 0, -76629.3, 1, -1, -1
258, 1, 1, 8, 5, 0, -67781.3, 1, -1, -1
259, 1, 0, 0, 1, 1, -58288, 1, -1, -1
260, 1, 0, 7, 6, 2, 20853.3, 1, -1, -1
261, 1, 0, 5, 3, 2, 33472, 1, -1, -1
262, 1, 1, 4, 4, 0, 18016, 1, -1, -1
263, 1, 0, 2, 1, 2, 70853.3, 1, -1, -1
264, 1, 0, 8, 3, 2, -17994.7, 1, -1, -1
265, 1, 0, 1, 1, 1, -19930.7, 1, -1, -1
266, 1, 0, 3, 0, 0, 48368, 1, -1, -1
267, 1, 1, 5, 2, 0, -22976, 1, -1, -1
268, 1, 0, 4, 3, 2, 64778.7, 1, -1, -1
269, 1, 0, 6, 4, 0, 59024, 1, -1, -1
270, 1, 0, 8, 5, 2, -78202.7, 1, -1, -1
271, 1, 1, 2, 5, 1, -36810.7, 1, -1, -1
272, 1, 0, 3, 3, 1, -60869.3, 1, -1, -1
273, 1, 1, 8, 0, 0, -65936, 1, -1, -1
274, 1, 0, 1, 8, 1, -72864, 1, -1, -1
275, 1, 1, 7, 2, 0, -75226.7, 1, -1, -1
276, 1, 0, 4, 0, 2, -52186.7, 1, -1, -1
277, 1, 0, 3, 7, 2, -4858.67, 1, -1, -1
278, 1, 1, 3, 0, 0, -55578.7, 1, -1, -1
279, 1, 0, 2, 8, 0, -5429.33, 1, -1, -1
280, 1, 1, 0, 7, 1, 32224, 1, -1, -1
281, 1, 0, 5, 0, 1, -69904, 1, -1, -1
282, 1, 1, 7, 2, 2, -20234.7, 1, -1, -1
283, 1, 0, 4, 7, 2, -18490.7, 1, -1, -1
284, 1, 0, 1, 7, 2, 64586.7, 1, -1, -1
285, 1, 1, 8, 5, 1, -35834.7, 1, -1, -1
286, 1, 0, 7, 0, 1, 4837.33, 1, -1, -1
287, 1, 0, 4, 1, 0, -56858.7, 1, -1, -1
288, 1, 0, 4, 6, 1, -21114.7, 1, -1, -1
289, 1, 0, 0, 6, 0, 45898.7, 1, -1, -1
290, 1, 0, 2, 1, 0, -67824, 1, -1, -1
291, 1, 0, 5, 8, 0, -79477.3, 1, -1, -1
292, 1, 1, 4, 0, 1, 67994.7, 1, -1, -1
293, 1, 1, 0, 1, 2, -42016, 1, -1, -1
294, 1, 0, 8, 3, 1, -65061.3, 1, -1, -1
295, 1, 1, 0, 8, 0, 3418.67, 1, -1, -1
296, 1, 1, 6, 2, 2, 56800, 1, -1, -1
297, 1, 0, 2, 0, 0, 1061.33, 1, -1, -1
298, 1, 1, 6, 2, 0, -10266.7, 1, -1, -1
299, 1, 0, 6, 0, 1, -73706.7, 1, -1, -1
300, 1, 0, 7, 7, 1, -76085.3, 1, -1, -1
301, 1, 0, 1, 5, 1, -38176, 1, -1, -1
302, 1, 1, 6, 8, 2, 54298.7, 1, -1, -1
303, 1, 0, 3, 5, 2, 2314.66, 1, -1, -1
304, 1, 1, 7, 7, 1, -16922.7, 1, -1, -1
305, 1, 0, 3, 2, 0, -34570.7, 1, -1, -1
306, 1, 1, 5, 1, 1, 29642.7, 1, -1, -1
307, 1, 0, 3, 4, 0, -69077.3, 1, -1, -1
308, 1, 0, 1, 6, 1, -7914.67, 1, -1, -1
309, 1, 0, 3, 1, 1, -78554.7, 1, -1, -1
310, 1, 0, 3, 0, 2, -33418.7, 1, -1, -1
311, 1, 1, 3, 8, 0, 28640, 1, -1, -1
312, 1, 0, 8, 8, 1, -67354.7, 1, -1, -1
313, 1, 1, 4, 0, 2, 45877.3, 1, -1, -1
314, 1, 0, 6, 3, 2, -13050.7, 1, -1, -1
315, 1, 0, 3, 8, 1, 4784, 1, -1, -1
316, 1, 1, 6, 1, 0, -29744, 1, -1, -1
317, 1, 0, 5, 2, 2, -74106.7, 1, -1, -1
318, 1, 0, 5, 5, 2, 47498.7, 1, -1, -1
319, 1, 0, 6, 0, 2, 28560, 1, -1, -1
320, 1, 1, 3, 5, 2, -2757.33, 1, -1, -1
321, 1, 1, 2, 3, 2, -74218.7, 1, -1, -1
322, 1, 1, 2, 8, 2, -27093.3, 1, -1, -1
323, 1, 1, 7, 6, 1, -32821.3, 1, -1, -1
324, 1, 1, 6, 5, 1, -5173.33, 1, -1, -1
325, 1, 1, 1, 2, 0, 6250.67, 1, -1, -1
326, 1, 0, 4, 4, 0, 19360, 1, -1, -1
327, 1, 0, 7, 2, 1, 75653.3, 1, -1, -1
328, 1, 0, 8, 8, 0, -75952, 1, -1, -1
329, 1, 0, 0, 8, 1, -61722.7, 1, -1, -1
330, 1, 0, 2, 6, 2, 13402.7, 1, -1, -1
331, 1, 0, 4, 7, 1, 37482.7, 1, -1, -1
332, 1, 1, 1, 0, 1, -46874.7, 1, -1, -1
333, 1, 0, 1, 3, 1, -45904, 1, -1, -1
334, 1, 1, 7, 0, 0, 47536, 1, -1, -1
335, 1, 1, 7, 3, 2, 10256, 1, -1, -1
336, 1, 0, 4, 5, 2, 37066.7, 1, -1, -1
337, 1, 0, 5, 6, 1, -19829.3, 1, -1, -1
338, 1, 1, 1, 3, 2, 42096, 1, -1, -1
339, 1, 0, 1, 1, 0, -65946.7, 1, -1, -1
340, 1, 1, 1, 6, 1, -16938.7, 1, -1, -1
341, 1, 0, 1, 5, 0, -45344, 1, -1, -1
342, 1, 1, 0, 1, 0, 49136, 1, -1, -1
343, 1, 1, 2, 1, 2, 28368, 1, -1, -1
344, 1, 0, 0, 5, 0, -16250.7, 1, -1, -1
345, 1, 1, 2, 5, 0, -65546.7, 1, -1, -1
346, 1, 0, 1, 4, 0, -43664, 1, -1, -1
347, 1, 1, 6, 4, 2, 21754.7, 1, -1, -1
348, 1, 0, 4, 5, 1, -16336, 1, -1, -1
349, 1, 1, 8, 2, 2, 33498.7, 1, -1, -1
350, 1, 1, 3, 3, 1, -9584, 1, -1, -1
351, 1, 0, 1, 0, 1, 35541.3, 1, -1, -1
352, 1, 0, 2, 1, 1, -60069.3, 1, -1, -1
353, 1, 0, 8, 5, 0, -26538.7, 1, -1, -1
354, 1, 1, 3, 8, 2, 78032, 1, -1, -1
355, 1, 1, 5, 8, 1, -70314.7, 1, -1, -1
356, 1, 0, 8, 5, 1, -3882.67, 1, -1, -1
357, 1, 0, 5, 4, 0, 27296, 1, -1, -1
358, 1, 1, 8, 4, 2, -28682.7, 1, -1, -1
359, 1, 0, 1, 0, 2, -24064, 1, -1, -1
360, 1, 1, 4, 5, 0, 7333.34, 1, -1, -1
361, 1, 0, 6, 3, 0, 5941.33, 1, -1, -1
362, 1, 0, 4, 7, 0, -71578.7, 1, -1, -1
363, 1, 0, 7, 4, 0, 21834.7, 1, -1, -1
364, 1, 0, 8, 1, 0, -17770.7, 1, -1, -1
365, 1, 1, 5, 0, 1, 46090.7, 1, -1, -1
366, 1, 1, 2, 7, 1, 61349.3, 1, -1, -1
367, 1, 0, 7, 1, 0, -31162.7, 1, -1, -1
368, 1, 1, 1, 4, 0, -78506.7, 1, -1, -1
369, 1, 0, 2, 8, 2, 69648, 1, -1, -1
370, 1, 0, 3, 4, 2, 35936, 1, -1, -1
371, 1, 0, 6, 7, 0, -28906.7, 1, -1, -1
372, 1, 1, 4, 3, 2, 5808, 1, -1, -1
373, 1, 1, 1, 4, 2, -12010.7, 1, -1, -1
374, 1, 1, 6, 3, 1, 62992, 1, -1, -1
375, 1, 0, 8, 0, 2, 33312, 1, -1, -1
376, 1, 1, 5, 2, 1, -46421.3, 1, -1, -1
377, 1, 1, 6, 1, 2, 34442.7, 1, -1, -1
378, 1, 1, 7, 8, 1, 9157.33, 1, -1, -1
379, 1, 0, 8, 1, 2, -15749.3, 1, -1, -1
380, 1, 0, 1, 3, 2, 37584, 1, -1, -1
381, 1, 0, 7, 0, 0, 54512, 1, -1, -1
382, 1, 0, 6, 1, 0, 61605.3, 1, -1, -1
383, 1, 1, 6, 6, 2, 22069.3, 1, -1, -1
384, 1, 1, 6, 7, 1, -22704, 1, -1, -1
385, 1, 1, 0, 6, 0, -7792, 1, -1, -1
386, 1, 0, 4, 0, 1, 31562.7, 1, -1, -1
387, 1, 0, 6, 5, 1, -29477.3, 1, -1, -1
388, 1, 0, 4, 4, 1, -67632, 1, -1, -1
389, 1, 1, 2, 1, 1, -70965.3, 1, -1, -1
390, 1, 0, 8, 4, 0, -59786.7, 1, -1, -1
391, 1, 1, 8, 2, 1, -79360, 1, -1, -1
392, 1, 0, 0, 5, 2, -40197.3, 1, -1, -1
393, 1, 0, 6, 4, 2, 62320, 1, -1, -1
394, 1, 0, 3, 8, 0, -72464, 1, -1, -1
395, 1, 0, 8, 0, 0, 51242.7, 1, -1, -1
396, 1, 0, 7, 8, 2, -35141.3, 1, -1, -1
397, 1, 0, 6, 6, 1, -60117.3, 1, -1, -1
398, 1, 0, 7, 2, 2, 31146.7, 1, -1, -1
399, 1, 0, 0, 2, 0, -40090.7, 1, -1, -1
400, 1, 1, 7, 0, 1, 74282.7, 1, -1, -1
401, 1, 0, 1, 2, 1, 48885.3, 1, -1, -1
402, 1, 1, 3, 3, 2, 77349.3, 1, -1, -1
403, 1, 1, 8, 5, 2, -43637.3, 1, -1, -1
404, 1, 1, 0, 3, 1, -20058.7, 1, -1, -1
405, 1, 1, 3, 6, 2, 69626.7, 1, -1, -1
406, 1, 1, 1, 8, 0, -12736, 1, -1, -1
407, 1, 1, 2, 2, 1, -26090.7, 1, -1, -1
408, 1, 0, 0, 3, 0, 32672, 1, -1, -1
409, 1, 0, 8, 4, 1, 72112, 1, -1, -1
410, 1, 0, 1, 8, 2, 32709.3, 1, -1, -1
411, 1, 0, 5, 6, 0, -4416, 1, -1, -1
412, 1, 1, 0, 3, 2, -13552, 1, -1, -1
413, 1, 0, 7, 5, 0, 30810.7, 1, -1, -1
414, 1, 1, 8, 0, 2, -9850.67, 1, -1, -1
415, 1, 1, 2, 8, 1, -17285.3, 1, -1, -1
416, 1, 1, 2, 3, 0, 32224, 1, -1, -1
417, 1, 1, 8, 6, 0, -42410.7, 1, -1, -1
418, 1, 1, 0, 4, 2, 55536, 1, -1, -1
419, 1, 0, 0, 7, 1, 41818.7, 1, -1, -1
420, 1, 0, 7, 8, 0, 13205.3, 1, -1, -1
421, 1, 1, 8, 7, 1, 28197.3, 1, -1, -1
422, 1, 1, 6, 0, 1, -39994.7, 1, -1, -1
423, 1, 1, 1, 5, 1, 55792, 1, -1, -1
424, 1, 1, 8, 1, 1, -24480, 1, -1, -1
425, 1, 1, 1, 5, 2, 23712, 1, -1, -1
426, 1, 1, 1, 6, 0, -32698.7, 1, -1, -1
427, 1, 1, 6, 4, 1, -31040, 1, -1, -1
428, 1, 0, 3, 6, 2, -2650.67, 1, -1, -1
429, 1, 1, 2, 0, 2, -15296, 1, -1, -1
430, 1, 1, 8, 4, 0, 1541.34, 1, -1, -1
431, 1, 1, 4, 2, 1, 40725.3, 1, -1, -1
432, 1, 0, 8, 6, 1, -66992, 1, -1, -1
433, 1, 1, 4, 3, 0, -2154.67, 1, -1, -1
434, 1, 1, 6, 3, 2, -24704, 1, -1, -1
435, 1, 1, 6, 8, 0, -66709.3, 1, -1, -1
436, 1, 1, 4, 6, 1, -63349.3, 1, -1, -1
437, 1, 0, 4, 0, 0, 68858.7, 1, -1, -1
438, 1, 1, 2, 5, 2, 71429.3, 1, -1, -1
439, 1, 1, 0, 0, 0, 74560, 1, -1, -1
440, 1, 1, 7, 1, 2, -63696, 1, -1, -1
441, 1, 0, 1, 4, 1, -66250.7, 1, -1, -1
442, 1, 1, 5, 7, 1, -77173.3, 1, -1, -1
443, 1, 0, 4, 3, 0, -54458.7, 1, -1, -1
444, 1, 1, 5, 6, 0, -75194.7, 1, -1, -1
445, 1, 1, 2, 2, 0, -58000, 1, -1, -1
446, 1, 1, 5, 3, 0, 14416, 1, -1, -1
447, 1, 1, 3, 2, 2, -43024, 1, -1, -1
448, 1, 1, 7, 6, 0, -56986.7, 1, -1, -1
449, 1, 0, 4, 2, 2, 10069.3, 1, -1, -1
450, 1, 1, 3, 1, 1, 61194.7, 1, -1, -1
451, 1, 1, 5, 7, 0, 57845.3, 1, -1, -1
452, 1, 1, 8, 6, 1, -78864, 1, -1, -1
453, 1, 1, 7, 0, 2, 77648, 1, -1, -1
454, 1, 1, 7, 8, 2, 54746.7, 1, -1, -1
455, 1, 0, 3, 8, 2, -75616, 1, -1, -1
456, 1, 0, 4, 2, 1, -24256, 1, -1, -1
457, 1, 0, 2, 0, 1, -11845.3, 1, -1, -1
458, 1, 0, 1, 4, 2, -67498.7, 1, -1, -1
459, 1, 0, 3, 1, 2, -69418.7, 1, -1, -1
460, 1, 1, 8, 8, 0, 47178.7, 1, -1, -1
461, 1, 1, 6, 6, 1, -77978.7, 1, -1, -1
462, 1, 1, 6, 0, 2, -78064, 1, -1, -1
463, 1, 1, 4, 8, 0, -64053.3, 1, -1, -1
464, 1, 1, 5, 6, 2, 62101.3, 1, -1, -1
465, 1, 1, 7, 7, 2, 16101.3, 1, -1, -1
466, 1, 0, 7, 6, 1, -70912, 1, -1, -1
467, 1, 0, 0, 4, 1, -77136, 1, -1, -1
468, 1, 1, 5, 3, 2, -35450.7, 1, -1, -1
469, 1, 1, 2, 0, 1, -68410.7, 1, -1, -1
470, 1, 1, 4, 6, 2, 78837.3, 1, -1, -1
471, 1, 0, 0, 5, 1, -17338.7, 1, -1, -1
472, 1, 0, 0, 8, 2, -54389.3, 1, -1, -1
473, 1, 0, 1, 6, 2, -37749.3, 1, -1, -1
474, 1, 1, 2, 4, 1, -19728, 1, -1, -1
475, 1, 1, 8, 3, 2, -69786.7, 1, -1, -1
476, 1, 1, 2, 4, 0, 48832, 1, -1, -1
477, 1, 0, 5, 0, 2, 74197.3, 1, -1, -1
478, 1, 0, 0, 1, 2, 9445.33, 1, -1, -1
479, 1, 1, 3, 5, 1, -22533.3, 1, -1, -1
480, 1, 0, 5, 8, 1, -18261.3, 1, -1, -1
481, 1, 1, 2, 7, 2, -5429.33, 1, -1, -1
482, 1, 1, 1, 0, 0, 34453.3, 1, -1, -1
483, 1, 0, 0, 0, 1, 39178.7, 1, -1, -1
484, 1, 1, 0, 5, 1, -47098.7, 1, -1, -1
485, 1, 1, 2, 6, 1, 67370.7, 1, -1, -1
486, 1, 0, 6, 3, 1, -49072, 1, -1, -1
487, 1, 0, 1, 8, 0, 57280, 1, -1, -1
488, 1, 1, 7, 8, 0, -66474.7, 1, -1, -1
489, 1, 0, 0, 0, 0, -11248, 1, -1, -1
490, 1, 1, 4, 7, 0, 44277.3, 1, -1, -1
491, 1, 1, 5, 2, 2, -74912, 1, -1, -1
492, 1, 0, 6, 4, 1, 10533.3, 1, -1, -1
493, 1, 0, 3, 3, 2, 2645.33, 1, -1, -1
494, 1, 0, 0, 4, 0, 78197.3, 1, -1, -1
495, 1, 1, 6, 1, 1, 47786.7, 1, -1, -1
496, 1, 0, 5, 7, 0, -11008, 1, -1, -1
497, 1, 0, 0, 6, 1, 4938.67, 1, -1, -1
498, 1, 0, 6, 7, 1, -71285.3, 1, -1, -1
499, 1, 1, 3, 7, 0, -75312, 1, -1, -1
500, 1, 1, 7, 7, 0, 1088, 1, -1, -1
501, 1, 1, 5, 1, 2, 73605.3, 1, -1, -1
502, 1, 1, 5, 1, 0, -1530.67, 1, -1, -1
503, 1, 1, 3, 6, 0, -70485.3, 1, -1, -1
504, 1, 0, 4, 3, 1, -197.334, 1, -1, -1
505, 1, 0, 6, 2, 0, -11120, 1, -1, -1
506, 1, 0, 4, 5, 0, 2976, 1, -1, -1
507, 1, 1, 7, 2, 1, -8138.67, 1, -1, -1
508, 1, 0, 2, 4, 2, -70298.7, 1, -1, -1
509, 1, 0, 5, 6, 2, -23088, 1, -1, -1
510, 1, 0, 8, 3, 0, 8560, 1, -1, -1
511, 1, 1, 7, 5, 0, -70912, 1, -1, -1
512, 1, 0, 5, 0, 0, 73658.7, 1, -1, -1
513, 1, 0, 6, 8, 0, -68186.7, 1, -1, -1
514, 1, 0, 7, 1, 2, -26282.7, 1, -1, -1
515, 1, 0, 1, 2, 2, 40405.3, 1, -1, -1
516, 1, 1, 1, 0, 2, 2602.66, 1, -1, -1
517, 1, 1, 0, 6, 2, -14064, 1, -1, -1
518, 1, 0, 5, 7, 2, -4448, 1, -1, -1
519, 1, 1, 0, 6, 1, -19514.7, 1, -1, -1
520, 1, 0, 7, 6, 0, 41194.7, 1, -1, -1
521, 1, 1, 2, 0, 0, -13264, 1, -1, -1
522, 1, 1, 5, 8, 2, 36485.3, 1, -1, -1
523, 1, 0, 7, 5, 1, 29882.7, 1, -1, -1
524, 1, 1, 2, 1, 0, -54256, 1, -1, -1
525, 1, 1, 0, 2, 1, 53978.7, 1, -1, -1
526, 1, 1, 3, 2, 0, -43397.3, 1, -1, -1
527, 1, 1, 6, 4, 0, -14288, 1, -1, -1
528, 1, 0, 6, 1, 1, 14885.3, 1, -1, -1
529, 1, 1, 5, 4, 1, -33088, 1, -1, -1
530, 1, 0, 4, 1, 2, 52757.3, 1, -1, -1
531, 1, 0, 8, 6, 0, -47242.7, 1, -1, -1
532, 1, 0, 4, 1, 1, 20341.3, 1, -1, -1
533, 1, 1, 8, 1, 2, 70586.7, 1, -1, -1
534, 1, 1, 8, 4, 1, -15349.3, 1, -1, -1
535, 1, 0, 5, 8, 2, 71509.3, 1, -1, -1
536, 1, 1, 8, 3, 1, -40181.3, 1, -1, -1
537, 1, 0, 5, 7, 1, -52512, 1, -1, -1
538, 1, 0, 3, 3, 0, -30741.3, 1, -1, -1
539, 1, 0, 7, 8, 1, -74576, 1, -1, -1
540, 1, 0, 2, 7, 0, -56965.3, 1, -1, -1
541, 1, 1, 1, 1, 2, 4944, 1, -1, -1
542, 1, 0, 0, 6, 2, -23205.3, 1, -1, -1
543, 1, 1, 7, 4, 0, -57850.7, 1, -1, -1
544, 1, 1, 4, 0, 0, 10890.7, 1, -1, -1
545, 1, 0, 3, 7, 0, -75637.3, 1, -1, -1
546, 1, 1, 4, 8, 2, 53882.7, 1, -1, -1
547, 1, 1, 8, 0, 1, 49861.3, 1, -1, -1
548, 1, 1, 6, 7, 0, -53024, 1, -1, -1
549, 1, 0, 0, 2, 2, -49578.7, 1, -1, -1
550, 1, 0, 7, 3, 0, 38714.7, 1, -1, -1
551, 1, 1, 4, 3, 1, -73056, 1, -1, -1
552, 1, 0, 5, 1, 2, 73418.7, 1, -1, -1
553, 1, 0, 7, 0, 2, -58037.3, 1, -1, -1
554, 1, 0, 8, 2, 1, -73909.3, 1, -1, -1
555, 1, 0, 4, 8, 0, 38858.7, 1, -1, -1
556, 1, 0, 0, 8, 0, 30069.3, 1, -1, -1
557, 1, 1, 7, 6, 2, -75120, 1, -1, -1
558, 1, 0, 5, 3, 0, 74432, 1, -1, -1
559, 1, 0, 8, 1, 1, -35125.3, 1, -1, -1
560, 1, 0, 7, 3, 2, 22362.7, 1, -1, -1
561, 1, 0, 8, 6, 2, -29242.7, 1, -1, -1
562, 1, 1, 6, 6, 0, 59653.3, 1, -1, -1
563, 1, 1, 4, 5, 1, -32133.3, 1, -1, -1
564, 1, 0, 2, 2, 2, -71253.3, 1, -1, -1
565, 1, 1, 4, 5, 2, 57200, 1, -1, -1
566, 1, 1, 1, 4, 1, 52357.3, 1, -1, -1
567, 1, 0, 3, 4, 1, 55168, 1, -1, -1
568, 1, 1, 4, 4, 2, 20693.3, 1, -1, -1
569, 1, 0, 5, 1, 1, 75813.3, 1, -1, -1
570, 1, 0, 5, 4, 2, 68949.3, 1, -1, -1
571, 1, 0, 1, 6, 0, -37088, 1, -1, -1
572, 1, 0, 6, 5, 0, -79317.3, 1, -1, -1
573, 1, 1, 3, 2, 1, 36490.7, 1, -1, -1
574, 1, 0, 1, 7, 0, -17653.3, 1, -1, -1
575, 1, 1, 4, 2, 2, 37696, 1, -1, -1
576, 1, 1, 2, 2, 2, 73962.7, 1, -1, -1
577, 1, 0, 3, 5, 0, -73125.3, 1, -1, -1
578, 1, 1, 7, 3, 0, 74122.7, 1, -1, -1
579, 1, 1, 1, 8, 2, 25392, 1, -1, -1
580, 1, 1, 5, 0, 0, -77189.3, 1, -1, -1
581, 1, 1, 1, 3, 0, -48277.3, 1, -1, -1
582, 1, 0, 4, 6, 0, 27589.3, 1, -1, -1
583, 1, 0, 4, 8, 1, -75653.3, 1, -1, -1
584, 1, 1, 8, 7, 2, -72410.7, 1, -1, -1
585, 1, 1, 5, 4, 0, 77936, 1, -1, -1
586, 1, 1, 7, 5, 1, -78357.3, 1, -1, -1
587, 1, 0, 6, 8, 1, -25866.7, 1, -1, -1
588, 1, 1, 1, 7, 0, -33701.3, 1, -1, -1
589, 1, 1, 7, 5, 2, -45237.3, 1, -1, -1
590, 1, 0, 8, 7, 0, -59994.7, 1, -1, -1
591, 1, 1, 4, 1, 0, 78965.3, 1, -1, -1
592, 1, 0, 7, 7, 0, -69296, 1, -1, -1
593, 1, 1, 4, 7, 2, -70202.7, 1, -1, -1
594, 1, 1, 3, 4, 2, -15760, 1, -1, -1
595, 1, 0, 2, 2, 1, -30421.3, 1, -1, -1
596, 1, 1, 5, 6, 1, 50944, 1, -1, -1
597, 1, 1, 5, 5, 2, 12432, 1, -1, -1
598, 1, 1, 7, 4, 2, -79013.3, 1, -1, -1
599, 1, 1, 0, 4, 1, -38080, 1, -1, -1
600, 1, 1, 1, 8, 1, -69653.3, 1, -1, -1
601, 1, 0, 0, 0, 2, -27840, 1, -1, -1
602, 1, 1, 3, 4, 0, 52282.7, 1, -1, -1
603, 1, 1, 4, 1, 2, 22058.7, 1, -1, -1
604, 1, 0, 2, 0, 2, 69056, 1, -1, -1
605, 1, 0, 3, 2, 2, -832, 1, -1, -1
606, 1, 0, 3, 6, 1, 24234.7, 1, -1, -1
607, 1, 1, 3, 4, 1, 59514.7, 1, -1, -1
608, 1, 1, 8, 6, 2, -66773.3, 1, -1, -1
609, 1, 1, 2, 3, 1, 78106.7, 1, -1, -1
610, 1, 1, 3, 1, 0, 9312, 1, -1, -1
611, 1, 1, 8, 1, 0, 47770.7, 1, -1, -1
612, 1, 1, 7, 3, 1, -75386.7, 1, -1, -1
613, 1, 1, 4, 8, 1, 4202.67, 1, -1, -1
614, 1, 0, 1, 1, 2, 37712, 1, -1, -1
615, 1, 0, 6, 8, 2, 72256, 1, -1, -1
616, 1, 1, 0, 5, 0, -37376, 1, -1, -1
617, 1, 1, 2, 4, 2, 77008, 1, -1, -1
618, 1, 0, 8, 4, 2, 53402.7, 1, -1, -1
619, 1, 0, 6, 5, 2, -61845.3, 1, -1, -1
620, 1, 0, 6, 7, 2, 22368, 1, -1, -1
621, 1, 0, 7, 1, 1, 56965.3, 1, -1, -1
622, 1, 1, 5, 3, 1, 1002.66, 1, -1, -1
623, 1, 0, 5, 2, 0, -36080, 1, -1, -1
624, 1, 1, 1, 5, 0, 28149.3, 1, -1, -1
625, 1, 1, 3, 8, 1, -6490.66, 1, -1, -1
626, 1, 1, 8, 2, 0, 46944, 1, -1, -1
627, 1, 1, 6, 5, 0, -20053.3, 1, -1, -1
628, 1, 1, 4, 4, 1, -44586.7, 1, -1, -1
629, 1, 1, 1, 6, 2, 45893.3, 1, -1, -1
630, 1, 0, 2, 3, 0, -27653.3, 1, -1, -1
631, 1, 1, 8, 8, 2, -68597.3, 1, -1, -1
632, 1, 1, 1, 2, 2, 28949.3, 1, -1, -1
633, 1, 1, 1, 2, 1, 79754.7, 1, -1, -1
634, 1, 1, 6, 3, 0, 59056, 1, -1, -1
635, 1, 1, 7, 4, 1, -79776, 1, -1, -1
636, 1, 0, 4, 2, 0, -12666.7, 1, -1, -1
637, 1, 0, 7, 4, 2, 12544, 1, -1, -1
638, 1, 1, 0, 8, 1, -19952, 1, -1, -1
639, 1, 1, 5, 0, 2, -70736, 1, -1, -1
640, 1, 0, 6, 2, 2, -50576, 1, -1, -1
641, 1, 0, 5, 5, 0, 13440, 1, -1, -1
642, 1, 1, 0, 0, 2, -37178.7, 1, -1, -1
643, 1, 0, 3, 2, 1, 36000, 1, -1, -1
644, 1, 0, 1, 0, 0, 33738.7, 1, -1, -1
645, 1, 1, 6, 2, 1, -30261.3, 1, -1, -1
646, 1, 1, 8, 3, 0, -75760, 1, -1, -1
647, 1, 1, 2, 6, 0, -14208, 1, -1, -1
648, 1, 0, 2, 8, 1, -66288, 1, -1, -1
----------------------

