OctaneSinglePotato trial list
----------------------

Trial Number | Haptic Presence | Environment | Glossiness | Depth | Timer 1 | Timer 2 | Timer 3 | GlossResult | DepthResult
----------------------
1, 0, 1, 5, 8, 16709.3, 0, -1, -1
2, 0, 0, 3, 2, -50730.7, 0, -1, -1
3, 0, 1, 0, 5, 41392, 0, -1, -1
4, 0, 0, 2, 0, 49157.3, 0, -1, -1
5, 0, 1, 7, 5, 73008, 0, -1, -1
6, 0, 1, 8, 2, 38784, 0, -1, -1
7, 0, 0, 0, 8, -15653.3, 0, -1, -1
8, 0, 0, 5, 4, 69098.7, 0, -1, -1
9, 0, 0, 5, 5, 53941.3, 0, -1, -1
10, 0, 0, 1, 6, -22314.7, 0, -1, -1
11, 0, 0, 8, 2, -69728, 0, -1, -1
12, 0, 0, 8, 1, 45818.7, 0, -1, -1
13, 0, 0, 6, 3, -35109.3, 0, -1, -1
14, 0, 0, 4, 3, -11488, 0, -1, -1
15, 0, 1, 3, 7, 59594.7, 0, -1, -1
16, 0, 1, 8, 0, -19589.3, 0, -1, -1
17, 0, 1, 8, 4, 5856, 0, -1, -1
18, 0, 0, 3, 6, -61760, 0, -1, -1
19, 0, 0, 2, 8, -65738.7, 0, -1, -1
20, 0, 1, 7, 4, 60645.3, 0, -1, -1
21, 0, 1, 2, 2, -74512, 0, -1, -1
22, 0, 0, 5, 6, -19744, 0, -1, -1
23, 0, 1, 5, 5, -14245.3, 0, -1, -1
24, 0, 0, 8, 6, 70821.3, 0, -1, -1
25, 0, 0, 5, 0, -59216, 0, -1, -1
26, 0, 1, 3, 2, -41877.3, 0, -1, -1
27, 0, 0, 5, 7, 1664, 0, -1, -1
28, 0, 1, 6, 1, -71616, 0, -1, -1
29, 0, 0, 6, 7, 62250.7, 0, -1, -1
30, 0, 0, 0, 7, 55344, 0, -1, -1
31, 0, 1, 7, 6, -61354.7, 0, -1, -1
32, 0, 0, 5, 2, 58080, 0, -1, -1
33, 0, 0, 7, 8, -61701.3, 0, -1, -1
34, 0, 1, 2, 3, -9392, 0, -1, -1
35, 0, 0, 7, 5, 47669.3, 0, -1, -1
36, 0, 1, 1, 1, -31434.7, 0, -1, -1
37, 0, 1, 8, 7, -7141.33, 0, -1, -1
38, 0, 1, 1, 8, -46234.7, 0, -1, -1
39, 0, 1, 8, 3, -55802.7, 0, -1, -1
40, 0, 0, 6, 5, -77088, 0, -1, -1
41, 0, 1, 8, 6, 43120, 0, -1, -1
42, 0, 1, 4, 5, 5882.66, 0, -1, -1
43, 0, 1, 5, 4, 63712, 0, -1, -1
44, 0, 1, 6, 2, -41658.7, 0, -1, -1
45, 0, 0, 8, 7, -37274.7, 0, -1, -1
46, 0, 1, 0, 1, -74581.3, 0, -1, -1
47, 0, 0, 0, 3, -26.6647, 0, -1, -1
48, 0, 1, 3, 1, 41845.3, 0, -1, -1
49, 0, 0, 0, 6, 52117.3, 0, -1, -1
50, 0, 1, 5, 2, 5365.33, 0, -1, -1
51, 0, 1, 0, 7, 59237.3, 0, -1, -1
52, 0, 0, 2, 7, -68778.7, 0, -1, -1
53, 0, 0, 7, 2, -71840, 0, -1, -1
54, 0, 0, 3, 5, -61322.7, 0, -1, -1
55, 0, 1, 2, 6, -77610.7, 0, -1, -1
56, 0, 0, 8, 3, 20304, 0, -1, -1
57, 0, 1, 6, 0, -9013.33, 0, -1, -1
58, 0, 0, 2, 4, 41680, 0, -1, -1
59, 0, 0, 6, 6, -72986.7, 0, -1, -1
60, 0, 0, 7, 0, 56490.7, 0, -1, -1
61, 0, 1, 2, 0, -71802.7, 0, -1, -1
62, 0, 1, 4, 1, -71861.3, 0, -1, -1
63, 0, 0, 6, 4, 24688, 0, -1, -1
64, 0, 0, 1, 8, -79504, 0, -1, -1
65, 0, 1, 3, 0, -71413.3, 0, -1, -1
66, 0, 1, 6, 4, 54538.7, 0, -1, -1
67, 0, 0, 0, 1, -12917.3, 0, -1, -1
68, 0, 0, 0, 4, -4453.33, 0, -1, -1
69, 0, 1, 3, 8, 32730.7, 0, -1, -1
70, 0, 1, 5, 6, 73232, 0, -1, -1
71, 0, 1, 7, 1, -35536, 0, -1, -1
72, 0, 0, 7, 1, -6320, 0, -1, -1
73, 0, 1, 4, 6, -18485.3, 0, -1, -1
74, 0, 1, 6, 3, -19968, 0, -1, -1
75, 0, 1, 7, 8, 14176, 0, -1, -1
76, 0, 1, 6, 5, -49845.3, 0, -1, -1
77, 0, 1, 1, 3, -479.999, 0, -1, -1
78, 0, 0, 6, 8, -3162.67, 0, -1, -1
79, 0, 0, 0, 5, -50549.3, 0, -1, -1
80, 0, 0, 7, 3, -8506.67, 0, -1, -1
81, 0, 1, 4, 2, 35472, 0, -1, -1
82, 0, 1, 6, 6, -47429.3, 0, -1, -1
83, 0, 0, 8, 0, 17210.7, 0, -1, -1
84, 0, 0, 0, 0, 50640, 0, -1, -1
85, 0, 0, 2, 1, -70656, 0, -1, -1
86, 0, 0, 3, 4, -69680, 0, -1, -1
87, 0, 1, 2, 1, -14586.7, 0, -1, -1
88, 0, 0, 3, 1, 938.663, 0, -1, -1
89, 0, 1, 1, 0, 61434.7, 0, -1, -1
90, 0, 1, 0, 6, -79888, 0, -1, -1
91, 0, 1, 0, 0, -51573.3, 0, -1, -1
92, 0, 1, 5, 0, 18234.7, 0, -1, -1
93, 0, 0, 4, 5, -16410.7, 0, -1, -1
94, 0, 0, 2, 2, 64650.7, 0, -1, -1
95, 0, 0, 0, 2, -6309.33, 0, -1, -1
96, 0, 1, 0, 3, 50288, 0, -1, -1
97, 0, 1, 2, 7, 8416, 0, -1, -1
98, 0, 1, 2, 4, 5610.67, 0, -1, -1
99, 0, 1, 1, 2, -41349.3, 0, -1, -1
100, 0, 1, 5, 1, -71301.3, 0, -1, -1
101, 0, 1, 8, 5, 57722.7, 0, -1, -1
102, 0, 0, 2, 3, -39381.3, 0, -1, -1
103, 0, 0, 1, 4, -52005.3, 0, -1, -1
104, 0, 0, 7, 4, 2773.33, 0, -1, -1
105, 0, 1, 4, 8, 11824, 0, -1, -1
106, 0, 1, 2, 5, -7482.67, 0, -1, -1
107, 0, 0, 4, 8, 68053.3, 0, -1, -1
108, 0, 0, 4, 4, 44650.7, 0, -1, -1
109, 0, 1, 4, 0, 23973.3, 0, -1, -1
110, 0, 1, 7, 7, 2357.33, 0, -1, -1
111, 0, 0, 5, 1, -42634.7, 0, -1, -1
112, 0, 1, 2, 8, -73258.7, 0, -1, -1
113, 0, 1, 3, 4, 75925.3, 0, -1, -1
114, 0, 0, 2, 6, -72341.3, 0, -1, -1
115, 0, 1, 1, 6, 15328, 0, -1, -1
116, 0, 1, 0, 2, -78346.7, 0, -1, -1
117, 0, 1, 7, 3, 66181.3, 0, -1, -1
118, 0, 0, 8, 4, -11930.7, 0, -1, -1
119, 0, 0, 3, 7, 73765.3, 0, -1, -1
120, 0, 0, 5, 8, 23290.7, 0, -1, -1
121, 0, 0, 1, 0, -51269.3, 0, -1, -1
122, 0, 1, 8, 8, 50656, 0, -1, -1
123, 0, 0, 3, 3, 50352, 0, -1, -1
124, 0, 0, 5, 3, -44261.3, 0, -1, -1
125, 0, 1, 5, 3, 74266.7, 0, -1, -1
126, 0, 0, 1, 1, -70714.7, 0, -1, -1
127, 0, 0, 1, 7, 6624, 0, -1, -1
128, 0, 1, 6, 7, -48917.3, 0, -1, -1
129, 0, 0, 1, 5, -31402.7, 0, -1, -1
130, 0, 1, 3, 6, -79269.3, 0, -1, -1
131, 0, 0, 1, 3, -11120, 0, -1, -1
132, 0, 1, 3, 3, -71200, 0, -1, -1
133, 0, 1, 4, 3, -25376, 0, -1, -1
134, 0, 1, 5, 7, 15397.3, 0, -1, -1
135, 0, 1, 6, 8, 8821.33, 0, -1, -1
136, 0, 1, 8, 1, 79941.3, 0, -1, -1
137, 0, 0, 4, 2, -18954.7, 0, -1, -1
138, 0, 0, 6, 2, -38213.3, 0, -1, -1
139, 0, 0, 2, 5, 78848, 0, -1, -1
140, 0, 0, 4, 7, -66138.7, 0, -1, -1
141, 0, 1, 1, 4, 47557.3, 0, -1, -1
142, 0, 0, 8, 5, 5904, 0, -1, -1
143, 0, 1, 3, 5, 60021.3, 0, -1, -1
144, 0, 0, 3, 8, -49120, 0, -1, -1
145, 0, 1, 7, 2, -40538.7, 0, -1, -1
146, 0, 1, 1, 5, -69877.3, 0, -1, -1
147, 0, 1, 0, 4, -31440, 0, -1, -1
148, 0, 0, 7, 7, -33098.7, 0, -1, -1
149, 0, 0, 1, 2, 42581.3, 0, -1, -1
150, 0, 0, 4, 6, -48192, 0, -1, -1
151, 0, 1, 4, 7, -31429.3, 0, -1, -1
152, 0, 0, 4, 1, -69472, 0, -1, -1
153, 0, 0, 6, 0, -70565.3, 0, -1, -1
154, 0, 0, 3, 0, 78848, 0, -1, -1
155, 0, 1, 1, 7, 77194.7, 0, -1, -1
156, 0, 1, 0, 8, -55882.7, 0, -1, -1
157, 0, 1, 4, 4, -50325.3, 0, -1, -1
158, 0, 0, 4, 0, -56458.7, 0, -1, -1
159, 0, 0, 6, 1, 49013.3, 0, -1, -1
160, 0, 0, 7, 6, -11685.3, 0, -1, -1
161, 0, 0, 8, 8, 11936, 0, -1, -1
162, 0, 1, 7, 0, 75738.7, 0, -1, -1
----------------------

