OctaneSinglePotato trial list
----------------------

Trial Number | Haptic Presence | Environment | Glossiness | Depth | Conflict | Timer 1 | Timer 2 | Timer 3 | GlossResult | DepthResult
----------------------
1, 0, 1, 2, 5, 0, 18394.7, 0, -1, -1
2, 0, 1, 8, 7, 0, 54586.7, 0, -1, -1
3, 0, 0, 2, 6, 0, -4869.33, 0, -1, -1
4, 0, 1, 0, 0, 0, 4208, 0, -1, -1
5, 0, 0, 1, 1, 0, 79120, 0, -1, -1
6, 0, 0, 0, 7, 0, -42069.3, 0, -1, -1
7, 0, 1, 3, 1, 0, 56277.3, 0, -1, -1
8, 0, 0, 0, 8, 0, -62528, 0, -1, -1
9, 0, 1, 1, 6, 0, 6922.66, 0, -1, -1
10, 0, 0, 3, 5, 0, -36373.3, 0, -1, -1
11, 0, 1, 5, 6, 0, -20682.7, 0, -1, -1
12, 0, 0, 4, 5, 0, -40277.3, 0, -1, -1
13, 0, 0, 5, 0, 0, 19226.7, 0, -1, -1
14, 0, 1, 0, 4, 0, 71504, 0, -1, -1
15, 0, 1, 7, 3, 0, 44368, 0, -1, -1
16, 0, 0, 2, 8, 0, 8794.67, 0, -1, -1
17, 0, 1, 4, 0, 0, 8922.66, 0, -1, -1
18, 0, 1, 0, 3, 0, 53354.7, 0, -1, -1
19, 0, 1, 5, 4, 0, 29178.7, 0, -1, -1
20, 0, 0, 7, 2, 0, -63397.3, 0, -1, -1
21, 0, 0, 3, 4, 0, -67754.7, 0, -1, -1
22, 0, 1, 3, 0, 0, -31882.7, 0, -1, -1
23, 0, 0, 2, 2, 0, 30378.7, 0, -1, -1
24, 0, 1, 8, 3, 0, 5722.67, 0, -1, -1
25, 0, 0, 7, 7, 0, -60384, 0, -1, -1
26, 0, 0, 7, 6, 0, -73141.3, 0, -1, -1
27, 0, 0, 5, 4, 0, -45685.3, 0, -1, -1
28, 0, 0, 8, 0, 0, -4592, 0, -1, -1
29, 0, 0, 6, 4, 0, -34986.7, 0, -1, -1
30, 0, 1, 0, 8, 0, -64288, 0, -1, -1
31, 0, 1, 2, 3, 0, -68602.7, 0, -1, -1
32, 0, 0, 0, 0, 0, 53594.7, 0, -1, -1
33, 0, 1, 1, 5, 0, -282.664, 0, -1, -1
34, 0, 0, 8, 1, 0, 44053.3, 0, -1, -1
35, 0, 1, 2, 7, 0, -50762.7, 0, -1, -1
36, 0, 0, 4, 0, 0, -28005.3, 0, -1, -1
37, 0, 0, 3, 6, 0, -68042.7, 0, -1, -1
38, 0, 1, 6, 6, 0, -42720, 0, -1, -1
39, 0, 0, 4, 1, 0, -8832, 0, -1, -1
40, 0, 1, 7, 4, 0, -67498.7, 0, -1, -1
41, 0, 1, 3, 2, 0, 63856, 0, -1, -1
42, 0, 0, 3, 7, 0, -71104, 0, -1, -1
43, 0, 1, 4, 5, 0, 40117.3, 0, -1, -1
44, 0, 0, 2, 1, 0, 21968, 0, -1, -1
45, 0, 1, 1, 2, 0, -31616, 0, -1, -1
46, 0, 0, 8, 6, 0, 298.662, 0, -1, -1
47, 0, 1, 2, 6, 0, 44053.3, 0, -1, -1
48, 0, 1, 3, 3, 0, 77824, 0, -1, -1
49, 0, 0, 1, 0, 0, 33194.7, 0, -1, -1
50, 0, 1, 7, 2, 0, -6186.67, 0, -1, -1
51, 0, 0, 0, 2, 0, -18992, 0, -1, -1
52, 0, 1, 7, 5, 0, 13813.3, 0, -1, -1
53, 0, 1, 4, 3, 0, 14053.3, 0, -1, -1
54, 0, 0, 5, 8, 0, 15658.7, 0, -1, -1
55, 0, 0, 4, 3, 0, -6240, 0, -1, -1
56, 0, 0, 6, 7, 0, 70949.3, 0, -1, -1
57, 0, 1, 3, 8, 0, -78288, 0, -1, -1
58, 0, 0, 3, 1, 0, -30128, 0, -1, -1
59, 0, 1, 7, 7, 0, 2960, 0, -1, -1
60, 0, 0, 5, 2, 0, -67744, 0, -1, -1
61, 0, 0, 4, 2, 0, -34389.3, 0, -1, -1
62, 0, 1, 6, 0, 0, 42554.7, 0, -1, -1
63, 0, 1, 6, 8, 0, -66080, 0, -1, -1
64, 0, 0, 1, 6, 0, -3930.67, 0, -1, -1
65, 0, 0, 4, 4, 0, 192.003, 0, -1, -1
66, 0, 1, 8, 2, 0, 101.337, 0, -1, -1
67, 0, 1, 4, 2, 0, -71301.3, 0, -1, -1
68, 0, 0, 1, 8, 0, 17562.7, 0, -1, -1
69, 0, 0, 6, 8, 0, -79408, 0, -1, -1
70, 0, 0, 8, 4, 0, 75445.3, 0, -1, -1
71, 0, 1, 6, 2, 0, 72570.7, 0, -1, -1
72, 0, 1, 5, 8, 0, 46208, 0, -1, -1
73, 0, 1, 1, 3, 0, -47941.3, 0, -1, -1
74, 0, 1, 1, 0, 0, -74624, 0, -1, -1
75, 0, 0, 7, 0, 0, -56144, 0, -1, -1
76, 0, 0, 2, 4, 0, -21642.7, 0, -1, -1
77, 0, 0, 6, 5, 0, -20384, 0, -1, -1
78, 0, 0, 0, 6, 0, -69173.3, 0, -1, -1
79, 0, 0, 4, 7, 0, -70181.3, 0, -1, -1
80, 0, 1, 8, 1, 0, -66453.3, 0, -1, -1
81, 0, 1, 6, 5, 0, 3802.67, 0, -1, -1
82, 0, 1, 2, 8, 0, -78026.7, 0, -1, -1
83, 0, 0, 5, 6, 0, -27509.3, 0, -1, -1
84, 0, 1, 6, 3, 0, -75226.7, 0, -1, -1
85, 0, 0, 3, 2, 0, -61701.3, 0, -1, -1
86, 0, 0, 8, 8, 0, -73482.7, 0, -1, -1
87, 0, 0, 7, 1, 0, 35098.7, 0, -1, -1
88, 0, 1, 8, 5, 0, 78080, 0, -1, -1
89, 0, 0, 7, 3, 0, -69354.7, 0, -1, -1
90, 0, 0, 5, 7, 0, 69594.7, 0, -1, -1
91, 0, 0, 2, 7, 0, 56960, 0, -1, -1
92, 0, 0, 4, 8, 0, -78730.7, 0, -1, -1
93, 0, 1, 5, 1, 0, -11573.3, 0, -1, -1
94, 0, 0, 6, 6, 0, 32053.3, 0, -1, -1
95, 0, 1, 5, 0, 0, 7610.66, 0, -1, -1
96, 0, 1, 2, 2, 0, 71514.7, 0, -1, -1
97, 0, 1, 6, 7, 0, 77232, 0, -1, -1
98, 0, 0, 0, 3, 0, 60928, 0, -1, -1
99, 0, 1, 1, 7, 0, -33909.3, 0, -1, -1
100, 0, 0, 7, 4, 0, 36016, 0, -1, -1
101, 0, 0, 1, 5, 0, -74362.7, 0, -1, -1
102, 0, 1, 7, 6, 0, -23696, 0, -1, -1
103, 0, 0, 6, 0, 0, -53477.3, 0, -1, -1
104, 0, 0, 4, 6, 0, 1877.34, 0, -1, -1
105, 0, 0, 1, 2, 0, -7018.67, 0, -1, -1
106, 0, 0, 5, 5, 0, 13456, 0, -1, -1
107, 0, 1, 3, 4, 0, 75909.3, 0, -1, -1
108, 0, 1, 0, 7, 0, -1541.33, 0, -1, -1
109, 0, 0, 0, 1, 0, -960.002, 0, -1, -1
110, 0, 1, 4, 8, 0, 25584, 0, -1, -1
111, 0, 0, 2, 0, 0, 64624, 0, -1, -1
112, 0, 0, 2, 3, 0, -76917.3, 0, -1, -1
113, 0, 1, 3, 5, 0, -51680, 0, -1, -1
114, 0, 1, 8, 0, 0, 55093.3, 0, -1, -1
115, 0, 0, 6, 2, 0, 13893.3, 0, -1, -1
116, 0, 1, 2, 4, 0, 72378.7, 0, -1, -1
117, 0, 1, 7, 8, 0, 65845.3, 0, -1, -1
118, 0, 0, 6, 3, 0, -43536, 0, -1, -1
119, 0, 1, 0, 1, 0, -13610.7, 0, -1, -1
120, 0, 1, 1, 1, 0, -69813.3, 0, -1, -1
121, 0, 0, 8, 3, 0, -42298.7, 0, -1, -1
122, 0, 1, 4, 6, 0, -74976, 0, -1, -1
123, 0, 0, 3, 8, 0, 51653.3, 0, -1, -1
124, 0, 1, 7, 1, 0, -77290.7, 0, -1, -1
125, 0, 0, 3, 0, 0, 314.665, 0, -1, -1
126, 0, 1, 5, 7, 0, -75370.7, 0, -1, -1
127, 0, 1, 5, 5, 0, -65658.7, 0, -1, -1
128, 0, 1, 8, 8, 0, -60666.7, 0, -1, -1
129, 0, 0, 5, 3, 0, -38677.3, 0, -1, -1
130, 0, 0, 8, 5, 0, 36490.7, 0, -1, -1
131, 0, 1, 0, 5, 0, -64912, 0, -1, -1
132, 0, 1, 1, 8, 0, -48426.7, 0, -1, -1
133, 0, 1, 5, 3, 0, -21008, 0, -1, -1
134, 0, 1, 0, 2, 0, -16517.3, 0, -1, -1
135, 0, 0, 0, 4, 0, -9248, 0, -1, -1
136, 0, 1, 4, 4, 0, 17440, 0, -1, -1
137, 0, 0, 1, 4, 0, 43861.3, 0, -1, -1
138, 0, 1, 8, 6, 0, -64885.3, 0, -1, -1
139, 0, 0, 7, 8, 0, -20613.3, 0, -1, -1
140, 0, 0, 3, 3, 0, -37333.3, 0, -1, -1
141, 0, 1, 0, 6, 0, -77813.3, 0, -1, -1
142, 0, 0, 6, 1, 0, 14874.7, 0, -1, -1
143, 0, 1, 6, 1, 0, -70416, 0, -1, -1
144, 0, 1, 8, 4, 0, -45514.7, 0, -1, -1
145, 0, 0, 1, 7, 0, 34533.3, 0, -1, -1
146, 0, 1, 2, 1, 0, 40986.7, 0, -1, -1
147, 0, 1, 3, 6, 0, -15162.7, 0, -1, -1
148, 0, 1, 4, 7, 0, -5018.67, 0, -1, -1
149, 0, 1, 6, 4, 0, 7589.33, 0, -1, -1
150, 0, 1, 5, 2, 0, -77760, 0, -1, -1
151, 0, 1, 1, 4, 0, 73685.3, 0, -1, -1
152, 0, 1, 4, 1, 0, 58096, 0, -1, -1
153, 0, 1, 3, 7, 0, -65589.3, 0, -1, -1
154, 0, 0, 5, 1, 0, 3253.34, 0, -1, -1
155, 0, 1, 2, 0, 0, 28896, 0, -1, -1
156, 0, 0, 2, 5, 0, -33845.3, 0, -1, -1
157, 0, 1, 7, 0, 0, -29077.3, 0, -1, -1
158, 0, 0, 1, 3, 0, 2186.67, 0, -1, -1
159, 0, 0, 7, 5, 0, -10933.3, 0, -1, -1
160, 0, 0, 8, 7, 0, 33760, 0, -1, -1
161, 0, 0, 8, 2, 0, -65098.7, 0, -1, -1
162, 0, 0, 0, 5, 0, -72656, 0, -1, -1
163, 1, 0, 8, 0, 0, -1706.67, 1, -1, -1
164, 1, 1, 6, 7, 2, -7984, 1, -1, -1
165, 1, 0, 1, 6, 1, 3253.34, 1, -1, -1
166, 1, 0, 5, 6, 1, -66453.3, 1, -1, -1
167, 1, 0, 7, 4, 0, -5162.67, 1, -1, -1
168, 1, 0, 5, 0, 0, 42554.7, 1, -1, -1
169, 1, 1, 1, 8, 2, 78304, 1, -1, -1
170, 1, 0, 2, 8, 0, 298.662, 1, -1, -1
171, 1, 0, 1, 4, 0, -6240, 1, -1, -1
172, 1, 1, 5, 7, 1, 8432, 1, -1, -1
173, 1, 0, 7, 0, 0, 18880, 1, -1, -1
174, 1, 1, 8, 2, 1, -15701.3, 1, -1, -1
175, 1, 0, 8, 4, 0, -39621.3, 1, -1, -1
176, 1, 0, 8, 3, 0, -64693.3, 1, -1, -1
177, 1, 0, 7, 7, 2, -77898.7, 1, -1, -1
178, 1, 0, 0, 4, 1, 43861.3, 1, -1, -1
179, 1, 0, 3, 0, 0, 4208, 1, -1, -1
180, 1, 0, 5, 3, 2, -6186.67, 1, -1, -1
181, 1, 0, 0, 8, 2, 8794.67, 1, -1, -1
182, 1, 1, 6, 2, 1, -6928, 1, -1, -1
183, 1, 1, 7, 2, 0, -48869.3, 1, -1, -1
184, 1, 1, 1, 1, 0, 64538.7, 1, -1, -1
185, 1, 1, 8, 1, 0, -3040, 1, -1, -1
186, 1, 0, 7, 5, 0, -13061.3, 1, -1, -1
187, 1, 0, 7, 1, 2, 26320, 1, -1, -1
188, 1, 0, 8, 6, 1, 49402.7, 1, -1, -1
189, 1, 1, 7, 3, 0, 133.333, 1, -1, -1
190, 1, 1, 5, 2, 1, -14288, 1, -1, -1
191, 1, 1, 0, 8, 1, -37605.3, 1, -1, -1
192, 1, 1, 5, 1, 2, -17050.7, 1, -1, -1
193, 1, 1, 0, 1, 0, 19450.7, 1, -1, -1
194, 1, 1, 4, 1, 2, -56250.7, 1, -1, -1
195, 1, 0, 8, 4, 1, -63642.7, 1, -1, -1
196, 1, 0, 5, 5, 0, -23696, 1, -1, -1
197, 1, 1, 2, 8, 1, -20656, 1, -1, -1
198, 1, 0, 6, 1, 1, 24597.3, 1, -1, -1
199, 1, 0, 8, 8, 1, 72021.3, 1, -1, -1
200, 1, 1, 8, 3, 2, 25301.3, 1, -1, -1
201, 1, 1, 0, 2, 0, -67226.7, 1, -1, -1
202, 1, 0, 2, 4, 0, -69354.7, 1, -1, -1
203, 1, 1, 1, 8, 0, 79168, 1, -1, -1
204, 1, 0, 6, 2, 0, 53637.3, 1, -1, -1
205, 1, 0, 6, 7, 2, -77664, 1, -1, -1
206, 1, 1, 2, 7, 1, 37957.3, 1, -1, -1
207, 1, 0, 3, 2, 0, -77813.3, 1, -1, -1
208, 1, 1, 3, 2, 0, -40416, 1, -1, -1
209, 1, 1, 0, 4, 0, 74730.7, 1, -1, -1
210, 1, 0, 3, 0, 2, -16517.3, 1, -1, -1
211, 1, 0, 1, 7, 1, -45685.3, 1, -1, -1
212, 1, 1, 3, 2, 2, -44922.7, 1, -1, -1
213, 1, 0, 2, 7, 0, -42298.7, 1, -1, -1
214, 1, 0, 4, 3, 0, 8922.66, 1, -1, -1
215, 1, 0, 6, 4, 2, -13269.3, 1, -1, -1
216, 1, 0, 2, 4, 1, 36016, 1, -1, -1
217, 1, 0, 7, 8, 1, -56032, 1, -1, -1
218, 1, 1, 1, 2, 2, -57808, 1, -1, -1
219, 1, 1, 1, 1, 2, -20432, 1, -1, -1
220, 1, 0, 5, 6, 2, 101.337, 1, -1, -1
221, 1, 0, 0, 2, 0, -69173.3, 1, -1, -1
222, 1, 0, 4, 8, 1, -75370.7, 1, -1, -1
223, 1, 0, 2, 2, 2, -79408, 1, -1, -1
224, 1, 0, 2, 6, 2, -65098.7, 1, -1, -1
225, 1, 0, 2, 5, 0, -73141.3, 1, -1, -1
226, 1, 0, 8, 5, 1, 16149.3, 1, -1, -1
227, 1, 0, 0, 0, 1, -960.002, 1, -1, -1
228, 1, 0, 5, 2, 2, -66080, 1, -1, -1
229, 1, 0, 5, 4, 2, 13813.3, 1, -1, -1
230, 1, 0, 3, 8, 2, -78026.7, 1, -1, -1
231, 1, 1, 4, 5, 0, 28080, 1, -1, -1
232, 1, 1, 2, 7, 0, -24581.3, 1, -1, -1
233, 1, 1, 6, 0, 1, 9824, 1, -1, -1
234, 1, 0, 4, 0, 0, -31882.7, 1, -1, -1
235, 1, 0, 4, 6, 1, -11573.3, 1, -1, -1
236, 1, 0, 6, 4, 1, -71930.7, 1, -1, -1
237, 1, 0, 8, 2, 1, -38672, 1, -1, -1
238, 1, 0, 7, 0, 1, 12757.3, 1, -1, -1
239, 1, 1, 4, 6, 1, 22096, 1, -1, -1
240, 1, 0, 7, 4, 1, 70922.7, 1, -1, -1
241, 1, 1, 5, 2, 0, 49285.3, 1, -1, -1
242, 1, 1, 2, 5, 0, -11061.3, 1, -1, -1
243, 1, 0, 3, 5, 0, 6922.66, 1, -1, -1
244, 1, 0, 0, 6, 1, 21968, 1, -1, -1
245, 1, 0, 3, 8, 1, -50762.7, 1, -1, -1
246, 1, 0, 5, 6, 0, 55093.3, 1, -1, -1
247, 1, 1, 4, 4, 2, 3216, 1, -1, -1
248, 1, 1, 3, 8, 2, 77578.7, 1, -1, -1
249, 1, 0, 2, 4, 2, -10933.3, 1, -1, -1
250, 1, 1, 5, 7, 2, 63482.7, 1, -1, -1
251, 1, 1, 4, 3, 2, -7594.67, 1, -1, -1
252, 1, 1, 2, 6, 2, -2757.33, 1, -1, -1
253, 1, 1, 2, 4, 1, 77456, 1, -1, -1
254, 1, 1, 3, 7, 2, 37888, 1, -1, -1
255, 1, 1, 2, 1, 2, -72661.3, 1, -1, -1
256, 1, 0, 4, 1, 2, -51680, 1, -1, -1
257, 1, 0, 2, 8, 1, 33760, 1, -1, -1
258, 1, 1, 2, 1, 0, 47184, 1, -1, -1
259, 1, 0, 0, 5, 0, -3930.67, 1, -1, -1
260, 1, 0, 0, 3, 1, 79120, 1, -1, -1
261, 1, 1, 4, 7, 0, 37722.7, 1, -1, -1
262, 1, 0, 8, 7, 1, 63792, 1, -1, -1
263, 1, 1, 5, 8, 1, -78485.3, 1, -1, -1
264, 1, 0, 7, 2, 2, -5008, 1, -1, -1
265, 1, 0, 4, 5, 0, -74976, 1, -1, -1
266, 1, 0, 3, 4, 0, -47941.3, 1, -1, -1
267, 1, 1, 5, 3, 2, 5098.67, 1, -1, -1
268, 1, 1, 8, 0, 0, -8677.33, 1, -1, -1
269, 1, 1, 1, 4, 0, 50074.7, 1, -1, -1
270, 1, 0, 8, 1, 1, 41264, 1, -1, -1
271, 1, 1, 4, 5, 2, -19909.3, 1, -1, -1
272, 1, 1, 6, 3, 2, -64688, 1, -1, -1
273, 1, 0, 0, 3, 0, 33194.7, 1, -1, -1
274, 1, 1, 1, 5, 2, 39104, 1, -1, -1
275, 1, 1, 8, 4, 2, 77744, 1, -1, -1
276, 1, 0, 2, 2, 0, 32053.3, 1, -1, -1
277, 1, 1, 6, 1, 1, -63440, 1, -1, -1
278, 1, 1, 4, 4, 0, -74901.3, 1, -1, -1
279, 1, 1, 1, 5, 1, -34997.3, 1, -1, -1
280, 1, 0, 4, 1, 0, 77824, 1, -1, -1
281, 1, 0, 1, 7, 0, -38677.3, 1, -1, -1
282, 1, 0, 4, 6, 0, 7610.66, 1, -1, -1
283, 1, 0, 7, 3, 1, 75408, 1, -1, -1
284, 1, 1, 7, 8, 0, -23930.7, 1, -1, -1
285, 1, 0, 3, 5, 2, -48426.7, 1, -1, -1
286, 1, 0, 5, 5, 1, 2960, 1, -1, -1
287, 1, 0, 6, 0, 2, 32448, 1, -1, -1
288, 1, 0, 5, 0, 1, -70416, 1, -1, -1
289, 1, 1, 7, 0, 1, -5637.33, 1, -1, -1
290, 1, 1, 7, 5, 2, -72085.3, 1, -1, -1
291, 1, 0, 0, 1, 0, 60928, 1, -1, -1
292, 1, 1, 3, 0, 2, 26565.3, 1, -1, -1
293, 1, 1, 8, 5, 1, -68890.7, 1, -1, -1
294, 1, 0, 3, 5, 1, -33909.3, 1, -1, -1
295, 1, 1, 0, 5, 0, 49642.7, 1, -1, -1
296, 1, 1, 4, 8, 0, 70464, 1, -1, -1
297, 1, 0, 7, 3, 2, -43930.7, 1, -1, -1
298, 1, 0, 3, 7, 2, 18394.7, 1, -1, -1
299, 1, 0, 5, 7, 1, -45514.7, 1, -1, -1
300, 1, 1, 3, 8, 1, -23658.7, 1, -1, -1
301, 1, 0, 2, 3, 0, -56144, 1, -1, -1
302, 1, 0, 1, 0, 0, 314.665, 1, -1, -1
303, 1, 1, 7, 3, 1, -78970.7, 1, -1, -1
304, 1, 1, 8, 7, 2, -11221.3, 1, -1, -1
305, 1, 1, 8, 6, 0, -45408, 1, -1, -1
306, 1, 1, 7, 6, 1, -28677.3, 1, -1, -1
307, 1, 1, 5, 5, 0, 69632, 1, -1, -1
308, 1, 0, 3, 1, 0, 53354.7, 1, -1, -1
309, 1, 0, 6, 7, 1, -75845.3, 1, -1, -1
310, 1, 0, 0, 2, 1, -42069.3, 1, -1, -1
311, 1, 1, 2, 0, 0, -78229.3, 1, -1, -1
312, 1, 1, 5, 6, 1, -38922.7, 1, -1, -1
313, 1, 0, 7, 1, 0, 6944, 1, -1, -1
314, 1, 1, 3, 0, 0, 41600, 1, -1, -1
315, 1, 0, 8, 8, 2, 37968, 1, -1, -1
316, 1, 0, 3, 6, 0, 28896, 1, -1, -1
317, 1, 0, 8, 5, 2, -33168, 1, -1, -1
318, 1, 0, 8, 1, 0, 34853.3, 1, -1, -1
319, 1, 0, 0, 7, 0, -76917.3, 1, -1, -1
320, 1, 1, 0, 4, 2, -73696, 1, -1, -1
321, 1, 0, 6, 8, 2, -78192, 1, -1, -1
322, 1, 0, 0, 5, 2, 17562.7, 1, -1, -1
323, 1, 1, 6, 4, 2, 48784, 1, -1, -1
324, 1, 1, 5, 3, 1, 52138.7, 1, -1, -1
325, 1, 1, 7, 3, 2, 15520, 1, -1, -1
326, 1, 1, 0, 0, 0, 27605.3, 1, -1, -1
327, 1, 0, 4, 8, 0, -20682.7, 1, -1, -1
328, 1, 0, 7, 7, 1, 61610.7, 1, -1, -1
329, 1, 0, 4, 2, 2, -78288, 1, -1, -1
330, 1, 0, 4, 4, 1, 17440, 1, -1, -1
331, 1, 1, 6, 5, 2, -71626.7, 1, -1, -1
332, 1, 0, 7, 6, 0, 28064, 1, -1, -1
333, 1, 1, 0, 5, 1, 63418.7, 1, -1, -1
334, 1, 1, 8, 6, 1, -50906.7, 1, -1, -1
335, 1, 1, 1, 3, 2, -4154.67, 1, -1, -1
336, 1, 1, 2, 3, 1, 77125.3, 1, -1, -1
337, 1, 1, 8, 0, 2, -25744, 1, -1, -1
338, 1, 1, 6, 7, 1, -48768, 1, -1, -1
339, 1, 1, 6, 7, 0, -69818.7, 1, -1, -1
340, 1, 1, 5, 0, 1, -76752, 1, -1, -1
341, 1, 0, 1, 2, 2, 51653.3, 1, -1, -1
342, 1, 1, 6, 8, 2, -59632, 1, -1, -1
343, 1, 1, 3, 4, 0, -31946.7, 1, -1, -1
344, 1, 1, 3, 6, 0, -12304, 1, -1, -1
345, 1, 0, 4, 1, 1, 75909.3, 1, -1, -1
346, 1, 0, 3, 1, 1, 71504, 1, -1, -1
347, 1, 1, 2, 0, 2, -78922.7, 1, -1, -1
348, 1, 0, 6, 8, 0, 28373.3, 1, -1, -1
349, 1, 1, 7, 7, 1, 72640, 1, -1, -1
350, 1, 1, 4, 0, 2, 67808, 1, -1, -1
351, 1, 0, 8, 4, 2, 65914.7, 1, -1, -1
352, 1, 0, 4, 4, 0, 14053.3, 1, -1, -1
353, 1, 0, 1, 5, 1, -70181.3, 1, -1, -1
354, 1, 1, 1, 7, 0, 26922.7, 1, -1, -1
355, 1, 0, 2, 7, 1, 75445.3, 1, -1, -1
356, 1, 1, 2, 5, 1, 77776, 1, -1, -1
357, 1, 1, 3, 5, 0, 4752, 1, -1, -1
358, 1, 0, 1, 3, 2, -34389.3, 1, -1, -1
359, 1, 0, 8, 2, 2, -37765.3, 1, -1, -1
360, 1, 1, 0, 7, 2, -41381.3, 1, -1, -1
361, 1, 0, 0, 6, 2, 30378.7, 1, -1, -1
362, 1, 0, 8, 0, 2, -54325.3, 1, -1, -1
363, 1, 1, 8, 2, 2, 66848, 1, -1, -1
364, 1, 0, 1, 8, 1, 69594.7, 1, -1, -1
365, 1, 0, 0, 0, 0, 53594.7, 1, -1, -1
366, 1, 0, 1, 4, 1, 192.003, 1, -1, -1
367, 1, 0, 5, 3, 0, -29077.3, 1, -1, -1
368, 1, 1, 1, 4, 1, 62352, 1, -1, -1
369, 1, 1, 3, 1, 2, -13802.7, 1, -1, -1
370, 1, 1, 4, 3, 1, -11776, 1, -1, -1
371, 1, 1, 3, 1, 0, 24229.3, 1, -1, -1
372, 1, 0, 1, 1, 1, -67754.7, 1, -1, -1
373, 1, 0, 0, 1, 1, -9248, 1, -1, -1
374, 1, 0, 7, 2, 1, -68202.7, 1, -1, -1
375, 1, 0, 7, 8, 2, -16469.3, 1, -1, -1
376, 1, 0, 6, 6, 0, -64853.3, 1, -1, -1
377, 1, 1, 0, 1, 1, 59141.3, 1, -1, -1
378, 1, 1, 5, 1, 1, 75605.3, 1, -1, -1
379, 1, 0, 8, 2, 0, -40181.3, 1, -1, -1
380, 1, 0, 5, 8, 0, -64885.3, 1, -1, -1
381, 1, 0, 8, 3, 2, 6629.33, 1, -1, -1
382, 1, 0, 4, 2, 1, -65589.3, 1, -1, -1
383, 1, 1, 1, 6, 2, 11157.3, 1, -1, -1
384, 1, 0, 7, 6, 2, 9605.33, 1, -1, -1
385, 1, 0, 3, 2, 2, -64288, 1, -1, -1
386, 1, 1, 4, 6, 0, 60352, 1, -1, -1
387, 1, 0, 5, 8, 1, 54586.7, 1, -1, -1
388, 1, 1, 7, 2, 1, -73834.7, 1, -1, -1
389, 1, 1, 6, 4, 1, 25408, 1, -1, -1
390, 1, 1, 8, 7, 1, -15962.7, 1, -1, -1
391, 1, 0, 7, 3, 0, -31429.3, 1, -1, -1
392, 1, 0, 1, 8, 0, -27509.3, 1, -1, -1
393, 1, 0, 8, 6, 0, -65840, 1, -1, -1
394, 1, 0, 1, 3, 1, -8832, 1, -1, -1
395, 1, 1, 6, 8, 1, 22288, 1, -1, -1
396, 1, 0, 1, 5, 2, -78730.7, 1, -1, -1
397, 1, 0, 1, 0, 2, -61701.3, 1, -1, -1
398, 1, 1, 0, 3, 0, -9626.67, 1, -1, -1
399, 1, 0, 3, 8, 0, 44053.3, 1, -1, -1
400, 1, 0, 0, 5, 1, 34533.3, 1, -1, -1
401, 1, 0, 5, 1, 1, 7589.33, 1, -1, -1
402, 1, 1, 0, 4, 1, 58048, 1, -1, -1
403, 1, 1, 4, 2, 0, 29765.3, 1, -1, -1
404, 1, 0, 6, 3, 2, 60570.7, 1, -1, -1
405, 1, 0, 1, 0, 1, -30128, 1, -1, -1
406, 1, 1, 3, 3, 2, 60341.3, 1, -1, -1
407, 1, 0, 5, 5, 2, 65845.3, 1, -1, -1
408, 1, 0, 2, 1, 2, -20384, 1, -1, -1
409, 1, 0, 7, 0, 2, 1445.33, 1, -1, -1
410, 1, 0, 4, 5, 2, 25584, 1, -1, -1
411, 1, 1, 6, 0, 0, 27994.7, 1, -1, -1
412, 1, 0, 0, 4, 2, -74362.7, 1, -1, -1
413, 1, 0, 4, 7, 1, 29178.7, 1, -1, -1
414, 1, 0, 7, 4, 2, 76085.3, 1, -1, -1
415, 1, 0, 6, 7, 0, -10890.7, 1, -1, -1
416, 1, 1, 0, 2, 2, 48890.7, 1, -1, -1
417, 1, 1, 1, 3, 0, 75866.7, 1, -1, -1
418, 1, 0, 6, 5, 1, -18032, 1, -1, -1
419, 1, 1, 2, 0, 1, -13434.7, 1, -1, -1
420, 1, 0, 0, 0, 2, -18992, 1, -1, -1
421, 1, 1, 0, 7, 0, 28773.3, 1, -1, -1
422, 1, 1, 1, 8, 1, 76186.7, 1, -1, -1
423, 1, 1, 4, 4, 1, -67781.3, 1, -1, -1
424, 1, 0, 8, 5, 0, 10853.3, 1, -1, -1
425, 1, 1, 3, 7, 0, 50005.3, 1, -1, -1
426, 1, 0, 0, 8, 0, -4869.33, 1, -1, -1
427, 1, 0, 3, 0, 1, -13610.7, 1, -1, -1
428, 1, 0, 6, 1, 2, -28986.7, 1, -1, -1
429, 1, 1, 4, 5, 1, 5461.33, 1, -1, -1
430, 1, 1, 7, 6, 0, 39829.3, 1, -1, -1
431, 1, 0, 4, 5, 1, -5018.67, 1, -1, -1
432, 1, 0, 8, 8, 0, 8165.33, 1, -1, -1
433, 1, 0, 4, 7, 2, -65658.7, 1, -1, -1
434, 1, 1, 4, 1, 0, 7493.33, 1, -1, -1
435, 1, 0, 2, 3, 2, -63397.3, 1, -1, -1
436, 1, 0, 6, 4, 0, -5280, 1, -1, -1
437, 1, 1, 5, 6, 2, -60848, 1, -1, -1
438, 1, 1, 3, 6, 2, -26890.7, 1, -1, -1
439, 1, 1, 7, 4, 0, -58768, 1, -1, -1
440, 1, 0, 6, 8, 1, 6714.67, 1, -1, -1
441, 1, 1, 4, 6, 2, 20362.7, 1, -1, -1
442, 1, 1, 1, 6, 0, 22389.3, 1, -1, -1
443, 1, 1, 1, 0, 0, -45328, 1, -1, -1
444, 1, 0, 0, 7, 2, -33845.3, 1, -1, -1
445, 1, 0, 8, 1, 2, 67429.3, 1, -1, -1
446, 1, 0, 8, 3, 1, 25130.7, 1, -1, -1
447, 1, 1, 4, 8, 2, -21029.3, 1, -1, -1
448, 1, 1, 0, 1, 2, -61573.3, 1, -1, -1
449, 1, 0, 1, 7, 2, 13456, 1, -1, -1
450, 1, 1, 0, 8, 2, 70768, 1, -1, -1
451, 1, 1, 0, 2, 1, -69861.3, 1, -1, -1
452, 1, 0, 5, 0, 2, 72570.7, 1, -1, -1
453, 1, 1, 4, 7, 2, 5413.33, 1, -1, -1
454, 1, 0, 0, 6, 0, 64624, 1, -1, -1
455, 1, 0, 2, 5, 2, -20613.3, 1, -1, -1
456, 1, 0, 3, 1, 2, -64912, 1, -1, -1
457, 1, 1, 0, 3, 1, 41637.3, 1, -1, -1
458, 1, 1, 1, 2, 1, -14021.3, 1, -1, -1
459, 1, 1, 6, 3, 1, -69808, 1, -1, -1
460, 1, 0, 0, 7, 1, -21642.7, 1, -1, -1
461, 1, 1, 8, 1, 1, -8661.33, 1, -1, -1
462, 1, 0, 5, 3, 1, -77290.7, 1, -1, -1
463, 1, 1, 1, 0, 2, -60533.3, 1, -1, -1
464, 1, 0, 3, 6, 1, 40986.7, 1, -1, -1
465, 1, 1, 7, 8, 2, -46853.3, 1, -1, -1
466, 1, 0, 1, 5, 0, 1877.34, 1, -1, -1
467, 1, 1, 4, 0, 0, 41808, 1, -1, -1
468, 1, 1, 4, 2, 1, 15541.3, 1, -1, -1
469, 1, 1, 6, 1, 2, 55861.3, 1, -1, -1
470, 1, 0, 2, 0, 1, 14874.7, 1, -1, -1
471, 1, 1, 6, 1, 0, 54389.3, 1, -1, -1
472, 1, 0, 6, 5, 2, -28869.3, 1, -1, -1
473, 1, 0, 6, 0, 1, -3978.67, 1, -1, -1
474, 1, 1, 0, 5, 2, 78970.7, 1, -1, -1
475, 1, 1, 3, 5, 2, -24442.7, 1, -1, -1
476, 1, 1, 2, 4, 2, 30165.3, 1, -1, -1
477, 1, 0, 1, 1, 2, -36373.3, 1, -1, -1
478, 1, 1, 2, 3, 2, -78997.3, 1, -1, -1
479, 1, 0, 7, 2, 0, 71050.7, 1, -1, -1
480, 1, 1, 4, 0, 1, -69328, 1, -1, -1
481, 1, 1, 6, 0, 2, -41770.7, 1, -1, -1
482, 1, 0, 7, 1, 1, -8624, 1, -1, -1
483, 1, 1, 5, 8, 2, 38261.3, 1, -1, -1
484, 1, 1, 8, 1, 2, -18245.3, 1, -1, -1
485, 1, 1, 7, 4, 1, -67701.3, 1, -1, -1
486, 1, 0, 6, 3, 1, -69952, 1, -1, -1
487, 1, 0, 2, 8, 2, -73482.7, 1, -1, -1
488, 1, 1, 1, 7, 1, -73856, 1, -1, -1
489, 1, 0, 4, 8, 2, 46208, 1, -1, -1
490, 1, 1, 2, 7, 2, 47472, 1, -1, -1
491, 1, 0, 5, 1, 2, 3802.67, 1, -1, -1
492, 1, 1, 6, 6, 1, 55082.7, 1, -1, -1
493, 1, 1, 3, 5, 1, -60858.7, 1, -1, -1
494, 1, 0, 4, 0, 2, 63856, 1, -1, -1
495, 1, 0, 8, 0, 1, -36474.7, 1, -1, -1
496, 1, 1, 4, 7, 1, -47.9984, 1, -1, -1
497, 1, 1, 5, 4, 2, 41162.7, 1, -1, -1
498, 1, 0, 5, 8, 2, -60666.7, 1, -1, -1
499, 1, 0, 2, 6, 0, -4592, 1, -1, -1
500, 1, 0, 7, 6, 1, -71098.7, 1, -1, -1
501, 1, 1, 2, 3, 0, -76197.3, 1, -1, -1
502, 1, 1, 6, 5, 0, -60197.3, 1, -1, -1
503, 1, 1, 8, 0, 1, 4437.33, 1, -1, -1
504, 1, 1, 8, 4, 1, 78554.7, 1, -1, -1
505, 1, 0, 3, 6, 2, 71514.7, 1, -1, -1
506, 1, 1, 6, 6, 0, -77360, 1, -1, -1
507, 1, 1, 0, 3, 2, -36314.7, 1, -1, -1
508, 1, 0, 2, 3, 1, 35098.7, 1, -1, -1
509, 1, 1, 7, 4, 2, 29749.3, 1, -1, -1
510, 1, 0, 3, 7, 1, 72378.7, 1, -1, -1
511, 1, 0, 7, 7, 0, 76320, 1, -1, -1
512, 1, 0, 5, 7, 2, 78080, 1, -1, -1
513, 1, 1, 0, 6, 0, -5589.33, 1, -1, -1
514, 1, 1, 2, 2, 1, 17669.3, 1, -1, -1
515, 1, 1, 5, 3, 0, 47344, 1, -1, -1
516, 1, 0, 8, 6, 2, 6154.67, 1, -1, -1
517, 1, 1, 3, 3, 0, 26581.3, 1, -1, -1
518, 1, 1, 0, 6, 1, 51109.3, 1, -1, -1
519, 1, 1, 4, 1, 1, -64266.7, 1, -1, -1
520, 1, 1, 5, 0, 0, -72805.3, 1, -1, -1
521, 1, 1, 0, 8, 0, 9237.34, 1, -1, -1
522, 1, 1, 7, 1, 0, 20138.7, 1, -1, -1
523, 1, 1, 7, 1, 1, -35648, 1, -1, -1
524, 1, 1, 5, 5, 1, 8618.67, 1, -1, -1
525, 1, 1, 3, 3, 1, -58442.7, 1, -1, -1
526, 1, 0, 4, 3, 2, -71301.3, 1, -1, -1
527, 1, 1, 7, 8, 1, 75488, 1, -1, -1
528, 1, 1, 4, 8, 1, -79616, 1, -1, -1
529, 1, 1, 1, 0, 1, -50144, 1, -1, -1
530, 1, 1, 3, 8, 0, 31866.7, 1, -1, -1
531, 1, 1, 5, 6, 0, 77296, 1, -1, -1
532, 1, 1, 7, 5, 0, -71104, 1, -1, -1
533, 1, 1, 1, 5, 0, -24160, 1, -1, -1
534, 1, 0, 5, 4, 0, 44368, 1, -1, -1
535, 1, 1, 1, 4, 2, -52992, 1, -1, -1
536, 1, 1, 7, 0, 2, -70938.7, 1, -1, -1
537, 1, 1, 7, 6, 2, -79104, 1, -1, -1
538, 1, 1, 3, 0, 1, -2789.34, 1, -1, -1
539, 1, 1, 8, 6, 2, -72858.7, 1, -1, -1
540, 1, 1, 7, 7, 2, -51258.7, 1, -1, -1
541, 1, 1, 1, 1, 1, -38826.7, 1, -1, -1
542, 1, 1, 7, 1, 2, 32576, 1, -1, -1
543, 1, 0, 2, 1, 1, -34986.7, 1, -1, -1
544, 1, 1, 2, 2, 2, -24240, 1, -1, -1
545, 1, 1, 5, 0, 2, -46677.3, 1, -1, -1
546, 1, 0, 1, 6, 2, -67744, 1, -1, -1
547, 1, 0, 0, 8, 1, 56960, 1, -1, -1
548, 1, 1, 0, 0, 1, -72117.3, 1, -1, -1
549, 1, 1, 6, 5, 1, 24458.7, 1, -1, -1
550, 1, 1, 5, 4, 0, 64576, 1, -1, -1
551, 1, 1, 3, 6, 1, 55034.7, 1, -1, -1
552, 1, 1, 6, 2, 0, 4122.67, 1, -1, -1
553, 1, 1, 2, 5, 2, 7882.67, 1, -1, -1
554, 1, 0, 2, 6, 1, 44053.3, 1, -1, -1
555, 1, 1, 8, 8, 2, 15872, 1, -1, -1
556, 1, 0, 2, 2, 1, 70949.3, 1, -1, -1
557, 1, 1, 5, 5, 2, -10272, 1, -1, -1
558, 1, 0, 3, 4, 2, -282.664, 1, -1, -1
559, 1, 0, 6, 0, 0, -49232, 1, -1, -1
560, 1, 0, 7, 5, 1, -78992, 1, -1, -1
561, 1, 1, 3, 4, 2, -12672, 1, -1, -1
562, 1, 0, 0, 1, 2, -72656, 1, -1, -1
563, 1, 0, 3, 3, 2, -31616, 1, -1, -1
564, 1, 1, 1, 3, 1, 33712, 1, -1, -1
565, 1, 1, 3, 1, 1, 14245.3, 1, -1, -1
566, 1, 1, 6, 6, 2, 42896, 1, -1, -1
567, 1, 1, 6, 4, 0, -65317.3, 1, -1, -1
568, 1, 1, 1, 7, 2, 73786.7, 1, -1, -1
569, 1, 0, 4, 2, 0, -15162.7, 1, -1, -1
570, 1, 0, 6, 1, 0, 8986.66, 1, -1, -1
571, 1, 1, 5, 8, 0, 56816, 1, -1, -1
572, 1, 1, 7, 0, 0, -52357.3, 1, -1, -1
573, 1, 1, 1, 2, 0, 14314.7, 1, -1, -1
574, 1, 0, 4, 0, 1, 56277.3, 1, -1, -1
575, 1, 1, 3, 2, 1, -69978.7, 1, -1, -1
576, 1, 1, 3, 4, 1, -25477.3, 1, -1, -1
577, 1, 1, 8, 8, 1, -71696, 1, -1, -1
578, 1, 1, 4, 3, 0, -24432, 1, -1, -1
579, 1, 0, 3, 3, 0, -74624, 1, -1, -1
580, 1, 0, 1, 2, 0, -68042.7, 1, -1, -1
581, 1, 0, 6, 3, 0, 12954.7, 1, -1, -1
582, 1, 0, 2, 0, 0, -53477.3, 1, -1, -1
583, 1, 1, 4, 2, 2, -36074.7, 1, -1, -1
584, 1, 0, 5, 7, 0, 5722.67, 1, -1, -1
585, 1, 0, 4, 7, 0, -21008, 1, -1, -1
586, 1, 0, 5, 4, 1, -67498.7, 1, -1, -1
587, 1, 1, 7, 2, 2, 14368, 1, -1, -1
588, 1, 0, 2, 1, 0, -43536, 1, -1, -1
589, 1, 0, 2, 0, 2, 13893.3, 1, -1, -1
590, 1, 0, 1, 3, 0, -28005.3, 1, -1, -1
591, 1, 0, 0, 4, 0, 2186.67, 1, -1, -1
592, 1, 1, 8, 2, 0, 43674.7, 1, -1, -1
593, 1, 1, 7, 7, 0, -67594.7, 1, -1, -1
594, 1, 1, 2, 8, 2, -78656, 1, -1, -1
595, 1, 0, 1, 1, 0, -37333.3, 1, -1, -1
596, 1, 1, 2, 6, 0, -36842.7, 1, -1, -1
597, 1, 1, 0, 0, 2, 14912, 1, -1, -1
598, 1, 0, 5, 1, 0, -75226.7, 1, -1, -1
599, 1, 1, 6, 8, 0, -69840, 1, -1, -1
600, 1, 1, 7, 5, 1, 50181.3, 1, -1, -1
601, 1, 0, 0, 3, 2, -7018.67, 1, -1, -1
602, 1, 0, 4, 3, 1, 58096, 1, -1, -1
603, 1, 1, 6, 2, 2, -71360, 1, -1, -1
604, 1, 0, 6, 5, 0, 68906.7, 1, -1, -1
605, 1, 1, 8, 5, 2, -35232, 1, -1, -1
606, 1, 0, 6, 2, 2, 74549.3, 1, -1, -1
607, 1, 1, 5, 2, 2, -42245.3, 1, -1, -1
608, 1, 1, 2, 1, 1, -65968, 1, -1, -1
609, 1, 0, 6, 6, 1, 15386.7, 1, -1, -1
610, 1, 0, 1, 2, 1, -71104, 1, -1, -1
611, 1, 0, 4, 6, 2, -77760, 1, -1, -1
612, 1, 1, 5, 1, 0, 51253.3, 1, -1, -1
613, 1, 0, 3, 2, 1, -1541.33, 1, -1, -1
614, 1, 0, 0, 2, 2, -62528, 1, -1, -1
615, 1, 1, 1, 6, 1, -49744, 1, -1, -1
616, 1, 0, 6, 2, 1, 73157.3, 1, -1, -1
617, 1, 1, 8, 3, 0, 41669.3, 1, -1, -1
618, 1, 1, 2, 2, 0, 25610.7, 1, -1, -1
619, 1, 0, 1, 8, 2, 15658.7, 1, -1, -1
620, 1, 0, 8, 7, 0, 1050.66, 1, -1, -1
621, 1, 1, 6, 3, 0, 19370.7, 1, -1, -1
622, 1, 0, 2, 7, 2, 36490.7, 1, -1, -1
623, 1, 0, 8, 7, 2, 18213.3, 1, -1, -1
624, 1, 0, 7, 8, 0, 35706.7, 1, -1, -1
625, 1, 0, 3, 3, 1, -69813.3, 1, -1, -1
626, 1, 1, 5, 7, 0, -51098.7, 1, -1, -1
627, 1, 0, 6, 6, 2, -54245.3, 1, -1, -1
628, 1, 1, 2, 4, 0, 74730.7, 1, -1, -1
629, 1, 0, 4, 4, 2, 40117.3, 1, -1, -1
630, 1, 0, 7, 5, 2, 16394.7, 1, -1, -1
631, 1, 1, 2, 8, 0, -1509.33, 1, -1, -1
632, 1, 1, 8, 4, 0, -75189.3, 1, -1, -1
633, 1, 0, 5, 2, 0, -42720, 1, -1, -1
634, 1, 0, 1, 6, 0, 19226.7, 1, -1, -1
635, 1, 1, 8, 5, 0, -42064, 1, -1, -1
636, 1, 1, 2, 6, 1, -58400, 1, -1, -1
637, 1, 1, 5, 4, 1, 58304, 1, -1, -1
638, 1, 1, 0, 6, 2, -66693.3, 1, -1, -1
639, 1, 1, 8, 7, 0, -63786.7, 1, -1, -1
640, 1, 0, 5, 2, 1, 77232, 1, -1, -1
641, 1, 1, 0, 7, 1, -50906.7, 1, -1, -1
642, 1, 0, 2, 5, 1, -60384, 1, -1, -1
643, 1, 1, 3, 7, 1, 13872, 1, -1, -1
644, 1, 1, 8, 3, 1, 79461.3, 1, -1, -1
645, 1, 0, 3, 7, 0, -68602.7, 1, -1, -1
646, 1, 0, 1, 4, 2, -40277.3, 1, -1, -1
647, 1, 0, 3, 4, 1, 73685.3, 1, -1, -1
648, 1, 1, 8, 8, 0, 70149.3, 1, -1, -1
----------------------

