OctaneSinglePotato trial list
----------------------

Trial Number | Haptic Presence | Environment | Glossiness | Depth | Conflict | Timer 1 | Timer 2 | Timer 3 | GlossResult | DepthResult
----------------------
1, 0, 0, 1, 8, 0, 50800, 0, -1, -1
2, 0, 0, 0, 7, 0, 13050.7, 0, -1, -1
3, 0, 1, 2, 5, 0, -43493.3, 0, -1, -1
4, 0, 1, 8, 6, 0, 61120, 0, -1, -1
5, 0, 0, 4, 3, 0, 56218.7, 0, -1, -1
6, 0, 1, 6, 5, 0, -69557.3, 0, -1, -1
7, 0, 1, 0, 4, 0, -77098.7, 0, -1, -1
8, 0, 0, 3, 8, 0, -23029.3, 0, -1, -1
9, 0, 0, 8, 2, 0, -69184, 0, -1, -1
10, 0, 0, 1, 6, 0, -53824, 0, -1, -1
11, 0, 0, 1, 3, 0, -76938.7, 0, -1, -1
12, 0, 0, 0, 0, 0, 17536, 0, -1, -1
13, 0, 0, 3, 2, 0, 66058.7, 0, -1, -1
14, 0, 0, 3, 7, 0, -22533.3, 0, -1, -1
15, 0, 1, 7, 2, 0, 29866.7, 0, -1, -1
16, 0, 0, 5, 1, 0, -34757.3, 0, -1, -1
17, 0, 1, 8, 1, 0, 48848, 0, -1, -1
18, 0, 0, 5, 7, 0, 67472, 0, -1, -1
19, 0, 1, 1, 4, 0, 24101.3, 0, -1, -1
20, 0, 0, 6, 1, 0, -72650.7, 0, -1, -1
21, 0, 0, 7, 8, 0, 59600, 0, -1, -1
22, 0, 1, 1, 3, 0, -22181.3, 0, -1, -1
23, 0, 0, 2, 2, 0, 54021.3, 0, -1, -1
24, 0, 0, 5, 4, 0, 47946.7, 0, -1, -1
25, 0, 0, 8, 4, 0, 40048, 0, -1, -1
26, 0, 1, 2, 1, 0, 76874.7, 0, -1, -1
27, 0, 1, 4, 4, 0, -78528, 0, -1, -1
28, 0, 0, 8, 7, 0, -51925.3, 0, -1, -1
29, 0, 0, 3, 5, 0, -27397.3, 0, -1, -1
30, 0, 0, 7, 2, 0, -34858.7, 0, -1, -1
31, 0, 1, 5, 6, 0, -26816, 0, -1, -1
32, 0, 1, 5, 5, 0, -26704, 0, -1, -1
33, 0, 0, 6, 4, 0, -50645.3, 0, -1, -1
34, 0, 0, 0, 1, 0, -45546.7, 0, -1, -1
35, 0, 0, 6, 7, 0, -79738.7, 0, -1, -1
36, 0, 1, 1, 8, 0, -1824, 0, -1, -1
37, 0, 1, 5, 7, 0, -39898.7, 0, -1, -1
38, 0, 0, 0, 2, 0, 44928, 0, -1, -1
39, 0, 1, 4, 5, 0, 12602.7, 0, -1, -1
40, 0, 1, 8, 8, 0, -16032, 0, -1, -1
41, 0, 1, 3, 7, 0, 70960, 0, -1, -1
42, 0, 0, 8, 6, 0, -15808, 0, -1, -1
43, 0, 0, 4, 8, 0, 72032, 0, -1, -1
44, 0, 0, 0, 4, 0, 78922.7, 0, -1, -1
45, 0, 0, 8, 1, 0, 9989.34, 0, -1, -1
46, 0, 0, 0, 8, 0, -48490.7, 0, -1, -1
47, 0, 1, 7, 1, 0, 21648, 0, -1, -1
48, 0, 1, 4, 8, 0, 69381.3, 0, -1, -1
49, 0, 0, 7, 0, 0, -56613.3, 0, -1, -1
50, 0, 1, 6, 0, 0, -21402.7, 0, -1, -1
51, 0, 1, 6, 6, 0, 60016, 0, -1, -1
52, 0, 0, 6, 3, 0, -56010.7, 0, -1, -1
53, 0, 0, 1, 4, 0, -22858.7, 0, -1, -1
54, 0, 0, 7, 7, 0, -13050.7, 0, -1, -1
55, 0, 1, 4, 6, 0, -67770.7, 0, -1, -1
56, 0, 1, 3, 4, 0, 49674.7, 0, -1, -1
57, 0, 1, 8, 2, 0, 650.663, 0, -1, -1
58, 0, 1, 0, 5, 0, -38880, 0, -1, -1
59, 0, 1, 1, 6, 0, -40426.7, 0, -1, -1
60, 0, 1, 1, 7, 0, 8688, 0, -1, -1
61, 0, 1, 5, 0, 0, 2320, 0, -1, -1
62, 0, 0, 2, 0, 0, 35834.7, 0, -1, -1
63, 0, 1, 3, 1, 0, -54240, 0, -1, -1
64, 0, 1, 3, 3, 0, -66608, 0, -1, -1
65, 0, 1, 1, 1, 0, 44810.7, 0, -1, -1
66, 0, 0, 4, 1, 0, 45882.7, 0, -1, -1
67, 0, 1, 7, 6, 0, -77376, 0, -1, -1
68, 0, 0, 4, 5, 0, -33258.7, 0, -1, -1
69, 0, 1, 2, 7, 0, -75600, 0, -1, -1
70, 0, 1, 0, 7, 0, -70656, 0, -1, -1
71, 0, 1, 2, 3, 0, -43552, 0, -1, -1
72, 0, 0, 2, 3, 0, 45013.3, 0, -1, -1
73, 0, 0, 4, 4, 0, -43930.7, 0, -1, -1
74, 0, 0, 4, 6, 0, 55413.3, 0, -1, -1
75, 0, 0, 2, 6, 0, 79210.7, 0, -1, -1
76, 0, 0, 7, 3, 0, -38981.3, 0, -1, -1
77, 0, 0, 2, 4, 0, 71914.7, 0, -1, -1
78, 0, 1, 8, 0, 0, -68928, 0, -1, -1
79, 0, 0, 6, 0, 0, 33013.3, 0, -1, -1
80, 0, 1, 0, 2, 0, -75141.3, 0, -1, -1
81, 0, 1, 6, 8, 0, 4384, 0, -1, -1
82, 0, 0, 1, 0, 0, 74042.7, 0, -1, -1
83, 0, 0, 6, 8, 0, -48373.3, 0, -1, -1
84, 0, 0, 6, 5, 0, 14426.7, 0, -1, -1
85, 0, 1, 2, 4, 0, -41264, 0, -1, -1
86, 0, 0, 7, 5, 0, -41920, 0, -1, -1
87, 0, 0, 4, 0, 0, -62554.7, 0, -1, -1
88, 0, 1, 0, 6, 0, 23114.7, 0, -1, -1
89, 0, 1, 7, 5, 0, -24826.7, 0, -1, -1
90, 0, 1, 8, 4, 0, 37557.3, 0, -1, -1
91, 0, 1, 3, 8, 0, 39216, 0, -1, -1
92, 0, 0, 7, 4, 0, 22330.7, 0, -1, -1
93, 0, 1, 3, 6, 0, -41733.3, 0, -1, -1
94, 0, 1, 8, 3, 0, -74954.7, 0, -1, -1
95, 0, 0, 8, 3, 0, -68757.3, 0, -1, -1
96, 0, 1, 7, 4, 0, 55274.7, 0, -1, -1
97, 0, 0, 2, 8, 0, -74656, 0, -1, -1
98, 0, 0, 1, 1, 0, 28832, 0, -1, -1
99, 0, 0, 4, 7, 0, 12954.7, 0, -1, -1
100, 0, 1, 3, 0, 0, -31797.3, 0, -1, -1
101, 0, 1, 8, 7, 0, 45856, 0, -1, -1
102, 0, 1, 8, 5, 0, 8352, 0, -1, -1
103, 0, 0, 2, 7, 0, -24490.7, 0, -1, -1
104, 0, 0, 1, 2, 0, -75072, 0, -1, -1
105, 0, 0, 3, 6, 0, 9882.67, 0, -1, -1
106, 0, 1, 4, 2, 0, -25370.7, 0, -1, -1
107, 0, 0, 2, 1, 0, 54544, 0, -1, -1
108, 0, 1, 5, 8, 0, -30442.7, 0, -1, -1
109, 0, 0, 0, 3, 0, 2842.66, 0, -1, -1
110, 0, 1, 7, 7, 0, 49456, 0, -1, -1
111, 0, 0, 7, 6, 0, -46538.7, 0, -1, -1
112, 0, 0, 0, 6, 0, -25504, 0, -1, -1
113, 0, 0, 8, 0, 0, -63045.3, 0, -1, -1
114, 0, 0, 2, 5, 0, -303.998, 0, -1, -1
115, 0, 1, 6, 7, 0, 47605.3, 0, -1, -1
116, 0, 1, 2, 2, 0, 55696, 0, -1, -1
117, 0, 1, 6, 3, 0, 34661.3, 0, -1, -1
118, 0, 0, 7, 1, 0, -74122.7, 0, -1, -1
119, 0, 1, 2, 8, 0, 5898.67, 0, -1, -1
120, 0, 1, 1, 5, 0, -69184, 0, -1, -1
121, 0, 1, 7, 0, 0, -61237.3, 0, -1, -1
122, 0, 1, 7, 8, 0, -44453.3, 0, -1, -1
123, 0, 1, 4, 3, 0, -37834.7, 0, -1, -1
124, 0, 1, 4, 1, 0, 47925.3, 0, -1, -1
125, 0, 1, 0, 8, 0, -28442.7, 0, -1, -1
126, 0, 1, 5, 2, 0, 75184, 0, -1, -1
127, 0, 0, 8, 8, 0, -53754.7, 0, -1, -1
128, 0, 1, 6, 1, 0, -77477.3, 0, -1, -1
129, 0, 0, 5, 3, 0, -69312, 0, -1, -1
130, 0, 1, 6, 4, 0, -20160, 0, -1, -1
131, 0, 1, 2, 6, 0, 60464, 0, -1, -1
132, 0, 0, 5, 8, 0, 73648, 0, -1, -1
133, 0, 1, 7, 3, 0, -73248, 0, -1, -1
134, 0, 1, 5, 3, 0, -36933.3, 0, -1, -1
135, 0, 1, 2, 0, 0, 42.6674, 0, -1, -1
136, 0, 1, 4, 0, 0, -78309.3, 0, -1, -1
137, 0, 1, 6, 2, 0, -41536, 0, -1, -1
138, 0, 1, 4, 7, 0, -79829.3, 0, -1, -1
139, 0, 0, 5, 2, 0, -8629.33, 0, -1, -1
140, 0, 1, 5, 4, 0, -34064, 0, -1, -1
141, 0, 1, 1, 0, 0, -71125.3, 0, -1, -1
142, 0, 0, 1, 5, 0, 77856, 0, -1, -1
143, 0, 0, 3, 1, 0, 49418.7, 0, -1, -1
144, 0, 0, 5, 6, 0, -64101.3, 0, -1, -1
145, 0, 0, 5, 0, 0, -47168, 0, -1, -1
146, 0, 1, 0, 1, 0, -51034.7, 0, -1, -1
147, 0, 0, 3, 0, 0, 68698.7, 0, -1, -1
148, 0, 1, 0, 0, 0, 41200, 0, -1, -1
149, 0, 0, 0, 5, 0, -77360, 0, -1, -1
150, 0, 0, 5, 5, 0, 13008, 0, -1, -1
151, 0, 1, 3, 2, 0, 51962.7, 0, -1, -1
152, 0, 0, 3, 4, 0, -73557.3, 0, -1, -1
153, 0, 0, 6, 2, 0, -68208, 0, -1, -1
154, 0, 0, 3, 3, 0, -25877.3, 0, -1, -1
155, 0, 0, 4, 2, 0, 63237.3, 0, -1, -1
156, 0, 0, 8, 5, 0, -32837.3, 0, -1, -1
157, 0, 1, 1, 2, 0, -73893.3, 0, -1, -1
158, 0, 0, 1, 7, 0, -38858.7, 0, -1, -1
159, 0, 1, 3, 5, 0, -51322.7, 0, -1, -1
160, 0, 1, 5, 1, 0, -38944, 0, -1, -1
161, 0, 0, 6, 6, 0, 41536, 0, -1, -1
162, 0, 1, 0, 3, 0, -18997.3, 0, -1, -1
163, 1, 0, 3, 5, 1, 8688, 1, -1, -1
164, 1, 0, 6, 8, 1, 77056, 1, -1, -1
165, 1, 0, 0, 2, 0, -25504, 1, -1, -1
166, 1, 0, 0, 0, 0, 17536, 1, -1, -1
167, 1, 0, 2, 3, 2, -34858.7, 1, -1, -1
168, 1, 1, 8, 1, 2, -42378.7, 1, -1, -1
169, 1, 1, 7, 2, 0, 18293.3, 1, -1, -1
170, 1, 1, 2, 7, 2, -53541.3, 1, -1, -1
171, 1, 0, 3, 2, 1, -70656, 1, -1, -1
172, 1, 0, 2, 2, 2, -48373.3, 1, -1, -1
173, 1, 0, 8, 3, 0, 67136, 1, -1, -1
174, 1, 0, 0, 7, 0, 45013.3, 1, -1, -1
175, 1, 0, 0, 7, 1, 71914.7, 1, -1, -1
176, 1, 1, 1, 6, 2, -3701.33, 1, -1, -1
177, 1, 1, 5, 7, 0, -60410.7, 1, -1, -1
178, 1, 1, 3, 5, 1, -22538.7, 1, -1, -1
179, 1, 0, 4, 1, 2, -51322.7, 1, -1, -1
180, 1, 0, 2, 6, 0, -63045.3, 1, -1, -1
181, 1, 0, 4, 8, 1, -39898.7, 1, -1, -1
182, 1, 0, 4, 7, 1, -34064, 1, -1, -1
183, 1, 1, 2, 4, 1, 33237.3, 1, -1, -1
184, 1, 1, 8, 1, 0, -62037.3, 1, -1, -1
185, 1, 0, 4, 3, 0, -78309.3, 1, -1, -1
186, 1, 1, 4, 3, 1, -34986.7, 1, -1, -1
187, 1, 0, 0, 8, 2, -74656, 1, -1, -1
188, 1, 1, 3, 3, 2, -48357.3, 1, -1, -1
189, 1, 0, 1, 2, 1, -22533.3, 1, -1, -1
190, 1, 1, 5, 3, 0, -60245.3, 1, -1, -1
191, 1, 0, 0, 3, 1, 28832, 1, -1, -1
192, 1, 1, 1, 4, 2, -53013.3, 1, -1, -1
193, 1, 1, 6, 5, 2, 68981.3, 1, -1, -1
194, 1, 1, 3, 2, 1, 41642.7, 1, -1, -1
195, 1, 0, 6, 7, 2, 35130.7, 1, -1, -1
196, 1, 1, 5, 4, 0, -47557.3, 1, -1, -1
197, 1, 0, 8, 1, 2, -72768, 1, -1, -1
198, 1, 0, 3, 0, 2, -75141.3, 1, -1, -1
199, 1, 0, 8, 5, 0, 14106.7, 1, -1, -1
200, 1, 1, 4, 3, 0, -47877.3, 1, -1, -1
201, 1, 1, 4, 6, 1, -40176, 1, -1, -1
202, 1, 0, 4, 3, 1, 47925.3, 1, -1, -1
203, 1, 0, 3, 7, 1, -41264, 1, -1, -1
204, 1, 0, 4, 7, 0, -36933.3, 1, -1, -1
205, 1, 0, 3, 1, 0, -18997.3, 1, -1, -1
206, 1, 1, 0, 1, 2, 48176, 1, -1, -1
207, 1, 1, 5, 6, 0, -3797.34, 1, -1, -1
208, 1, 0, 5, 5, 1, 49456, 1, -1, -1
209, 1, 1, 4, 7, 0, -6117.33, 1, -1, -1
210, 1, 0, 5, 1, 0, 34661.3, 1, -1, -1
211, 1, 0, 2, 5, 1, -13050.7, 1, -1, -1
212, 1, 0, 4, 0, 2, 51962.7, 1, -1, -1
213, 1, 0, 0, 3, 2, -75072, 1, -1, -1
214, 1, 0, 0, 2, 2, -48490.7, 1, -1, -1
215, 1, 0, 7, 3, 0, -73242.7, 1, -1, -1
216, 1, 1, 4, 6, 0, -62245.3, 1, -1, -1
217, 1, 0, 6, 2, 2, -10730.7, 1, -1, -1
218, 1, 1, 2, 8, 0, -29008, 1, -1, -1
219, 1, 1, 3, 0, 2, 44837.3, 1, -1, -1
220, 1, 0, 5, 8, 0, 61120, 1, -1, -1
221, 1, 0, 8, 7, 2, 51173.3, 1, -1, -1
222, 1, 1, 7, 7, 2, 77898.7, 1, -1, -1
223, 1, 1, 0, 6, 2, -7658.67, 1, -1, -1
224, 1, 0, 6, 5, 0, -29306.7, 1, -1, -1
225, 1, 0, 6, 0, 1, 32586.7, 1, -1, -1
226, 1, 1, 4, 0, 1, -32576, 1, -1, -1
227, 1, 1, 7, 7, 1, 27152, 1, -1, -1
228, 1, 0, 5, 0, 0, -21402.7, 1, -1, -1
229, 1, 0, 5, 4, 0, -73248, 1, -1, -1
230, 1, 1, 4, 4, 0, 53653.3, 1, -1, -1
231, 1, 0, 2, 8, 2, -53754.7, 1, -1, -1
232, 1, 1, 2, 0, 2, -32629.3, 1, -1, -1
233, 1, 1, 2, 3, 2, -12720, 1, -1, -1
234, 1, 0, 6, 4, 1, -16746.7, 1, -1, -1
235, 1, 1, 5, 0, 2, 41045.3, 1, -1, -1
236, 1, 1, 7, 6, 1, 31072, 1, -1, -1
237, 1, 1, 2, 0, 1, 77925.3, 1, -1, -1
238, 1, 1, 1, 6, 1, -47301.3, 1, -1, -1
239, 1, 0, 7, 2, 0, -53813.3, 1, -1, -1
240, 1, 0, 8, 4, 0, 8714.67, 1, -1, -1
241, 1, 1, 7, 3, 2, 60794.7, 1, -1, -1
242, 1, 1, 6, 4, 1, 62554.7, 1, -1, -1
243, 1, 0, 1, 0, 0, 68698.7, 1, -1, -1
244, 1, 1, 7, 5, 1, -60837.3, 1, -1, -1
245, 1, 0, 8, 5, 2, 40586.7, 1, -1, -1
246, 1, 0, 1, 1, 1, -73557.3, 1, -1, -1
247, 1, 1, 1, 5, 0, 56186.7, 1, -1, -1
248, 1, 1, 6, 1, 1, -21445.3, 1, -1, -1
249, 1, 1, 1, 2, 2, -79717.3, 1, -1, -1
250, 1, 1, 4, 0, 2, -53162.7, 1, -1, -1
251, 1, 1, 7, 8, 0, -21312, 1, -1, -1
252, 1, 1, 8, 4, 1, 76490.7, 1, -1, -1
253, 1, 1, 3, 6, 0, 66858.7, 1, -1, -1
254, 1, 1, 7, 8, 1, -22805.3, 1, -1, -1
255, 1, 1, 0, 1, 1, -35040, 1, -1, -1
256, 1, 1, 0, 2, 2, 47845.3, 1, -1, -1
257, 1, 1, 1, 5, 1, 15877.3, 1, -1, -1
258, 1, 1, 5, 5, 2, -79504, 1, -1, -1
259, 1, 0, 4, 6, 1, -38944, 1, -1, -1
260, 1, 1, 2, 5, 1, -39674.7, 1, -1, -1
261, 1, 0, 2, 8, 0, -15808, 1, -1, -1
262, 1, 1, 8, 2, 2, 73216, 1, -1, -1
263, 1, 0, 4, 4, 0, -37834.7, 1, -1, -1
264, 1, 0, 0, 1, 1, 78922.7, 1, -1, -1
265, 1, 0, 6, 2, 1, 52197.3, 1, -1, -1
266, 1, 0, 4, 6, 0, 2320, 1, -1, -1
267, 1, 0, 6, 2, 0, 38730.7, 1, -1, -1
268, 1, 1, 2, 5, 0, 37856, 1, -1, -1
269, 1, 0, 1, 8, 1, 67472, 1, -1, -1
270, 1, 1, 2, 6, 0, 55194.7, 1, -1, -1
271, 1, 0, 6, 0, 0, -34794.7, 1, -1, -1
272, 1, 1, 2, 3, 1, -23594.7, 1, -1, -1
273, 1, 1, 6, 5, 1, 76320, 1, -1, -1
274, 1, 0, 0, 8, 0, 79210.7, 1, -1, -1
275, 1, 0, 1, 5, 0, 55413.3, 1, -1, -1
276, 1, 1, 1, 1, 1, -8186.66, 1, -1, -1
277, 1, 0, 2, 0, 2, -68208, 1, -1, -1
278, 1, 1, 6, 0, 0, 39173.3, 1, -1, -1
279, 1, 1, 4, 4, 1, -60693.3, 1, -1, -1
280, 1, 0, 4, 8, 2, -30442.7, 1, -1, -1
281, 1, 0, 2, 0, 1, -72650.7, 1, -1, -1
282, 1, 1, 2, 2, 1, -44832, 1, -1, -1
283, 1, 0, 5, 4, 2, -24826.7, 1, -1, -1
284, 1, 1, 8, 5, 1, 74826.7, 1, -1, -1
285, 1, 1, 0, 4, 0, -25600, 1, -1, -1
286, 1, 1, 8, 5, 2, -43584, 1, -1, -1
287, 1, 1, 0, 6, 0, -75968, 1, -1, -1
288, 1, 1, 3, 2, 0, 42762.7, 1, -1, -1
289, 1, 0, 8, 6, 0, -1626.67, 1, -1, -1
290, 1, 1, 5, 2, 0, -75445.3, 1, -1, -1
291, 1, 0, 2, 2, 0, 41536, 1, -1, -1
292, 1, 0, 8, 3, 2, 33973.3, 1, -1, -1
293, 1, 1, 4, 3, 2, -68016, 1, -1, -1
294, 1, 1, 2, 7, 0, -45061.3, 1, -1, -1
295, 1, 1, 7, 1, 2, -34954.7, 1, -1, -1
296, 1, 0, 4, 0, 1, -54240, 1, -1, -1
297, 1, 0, 5, 7, 0, -74954.7, 1, -1, -1
298, 1, 1, 5, 1, 2, 58976, 1, -1, -1
299, 1, 1, 4, 1, 0, 58314.7, 1, -1, -1
300, 1, 1, 6, 7, 2, 37221.3, 1, -1, -1
301, 1, 0, 5, 1, 2, -69557.3, 1, -1, -1
302, 1, 1, 5, 0, 0, 49285.3, 1, -1, -1
303, 1, 1, 1, 1, 0, -45968, 1, -1, -1
304, 1, 1, 0, 6, 1, -49626.7, 1, -1, -1
305, 1, 0, 8, 0, 0, -70864, 1, -1, -1
306, 1, 1, 1, 0, 1, 8560, 1, -1, -1
307, 1, 1, 5, 7, 1, 38960, 1, -1, -1
308, 1, 1, 2, 7, 1, -78405.3, 1, -1, -1
309, 1, 0, 7, 2, 1, 27637.3, 1, -1, -1
310, 1, 1, 6, 7, 1, -63893.3, 1, -1, -1
311, 1, 0, 7, 5, 2, 21312, 1, -1, -1
312, 1, 0, 0, 7, 2, -303.998, 1, -1, -1
313, 1, 0, 3, 3, 2, -73893.3, 1, -1, -1
314, 1, 1, 0, 3, 2, -33226.7, 1, -1, -1
315, 1, 0, 5, 7, 2, 8352, 1, -1, -1
316, 1, 1, 8, 6, 1, 71130.7, 1, -1, -1
317, 1, 1, 5, 0, 1, 47562.7, 1, -1, -1
318, 1, 1, 6, 8, 0, 12293.3, 1, -1, -1
319, 1, 1, 1, 8, 1, -34426.7, 1, -1, -1
320, 1, 1, 2, 0, 0, 36901.3, 1, -1, -1
321, 1, 1, 1, 7, 0, 50976, 1, -1, -1
322, 1, 1, 4, 7, 1, 77328, 1, -1, -1
323, 1, 1, 3, 2, 2, 5578.67, 1, -1, -1
324, 1, 1, 4, 1, 1, 42970.7, 1, -1, -1
325, 1, 1, 1, 8, 0, 34208, 1, -1, -1
326, 1, 1, 7, 6, 0, 63856, 1, -1, -1
327, 1, 1, 5, 3, 1, 72805.3, 1, -1, -1
328, 1, 0, 6, 7, 1, -29280, 1, -1, -1
329, 1, 0, 0, 0, 1, -45546.7, 1, -1, -1
330, 1, 0, 8, 6, 2, 56554.7, 1, -1, -1
331, 1, 0, 6, 8, 0, -64906.7, 1, -1, -1
332, 1, 1, 6, 0, 2, -67482.7, 1, -1, -1
333, 1, 0, 5, 2, 0, 60016, 1, -1, -1
334, 1, 0, 5, 3, 1, 21648, 1, -1, -1
335, 1, 1, 6, 8, 1, -1733.33, 1, -1, -1
336, 1, 1, 6, 8, 2, 77296, 1, -1, -1
337, 1, 0, 7, 6, 0, -18346.7, 1, -1, -1
338, 1, 0, 6, 1, 0, 44229.3, 1, -1, -1
339, 1, 1, 5, 6, 2, -5285.33, 1, -1, -1
340, 1, 1, 7, 5, 0, -30912, 1, -1, -1
341, 1, 0, 7, 1, 1, 35936, 1, -1, -1
342, 1, 0, 6, 5, 1, 27093.3, 1, -1, -1
343, 1, 1, 5, 2, 1, -78762.7, 1, -1, -1
344, 1, 1, 0, 7, 0, 52565.3, 1, -1, -1
345, 1, 0, 2, 5, 0, -46538.7, 1, -1, -1
346, 1, 0, 6, 5, 2, -54080, 1, -1, -1
347, 1, 0, 7, 4, 1, 45029.3, 1, -1, -1
348, 1, 0, 7, 5, 1, -11557.3, 1, -1, -1
349, 1, 0, 7, 7, 1, -74853.3, 1, -1, -1
350, 1, 0, 2, 4, 2, -41920, 1, -1, -1
351, 1, 1, 4, 5, 0, -78965.3, 1, -1, -1
352, 1, 1, 0, 3, 0, 26026.7, 1, -1, -1
353, 1, 0, 3, 2, 0, 23114.7, 1, -1, -1
354, 1, 1, 1, 3, 2, -39696, 1, -1, -1
355, 1, 0, 0, 2, 1, 13050.7, 1, -1, -1
356, 1, 0, 3, 1, 2, -38880, 1, -1, -1
357, 1, 1, 1, 5, 2, -53397.3, 1, -1, -1
358, 1, 1, 2, 8, 2, 57413.3, 1, -1, -1
359, 1, 0, 2, 5, 2, 59600, 1, -1, -1
360, 1, 1, 3, 1, 0, -26912, 1, -1, -1
361, 1, 1, 0, 0, 0, -21088, 1, -1, -1
362, 1, 0, 3, 8, 0, 60464, 1, -1, -1
363, 1, 1, 3, 6, 2, -79898.7, 1, -1, -1
364, 1, 0, 4, 2, 1, 70960, 1, -1, -1
365, 1, 1, 0, 7, 1, 25445.3, 1, -1, -1
366, 1, 0, 3, 4, 1, 24101.3, 1, -1, -1
367, 1, 1, 2, 3, 0, 7050.67, 1, -1, -1
368, 1, 0, 5, 7, 1, 37557.3, 1, -1, -1
369, 1, 0, 7, 0, 2, 23162.7, 1, -1, -1
370, 1, 1, 3, 5, 0, 9898.66, 1, -1, -1
371, 1, 1, 6, 7, 0, 51045.3, 1, -1, -1
372, 1, 0, 8, 6, 1, -74581.3, 1, -1, -1
373, 1, 1, 0, 8, 2, -77925.3, 1, -1, -1
374, 1, 0, 0, 4, 1, -22858.7, 1, -1, -1
375, 1, 1, 8, 0, 1, 16149.3, 1, -1, -1
376, 1, 0, 3, 6, 1, 76874.7, 1, -1, -1
377, 1, 0, 3, 4, 0, -22181.3, 1, -1, -1
378, 1, 1, 3, 1, 2, -8288, 1, -1, -1
379, 1, 0, 2, 7, 0, -68757.3, 1, -1, -1
380, 1, 1, 4, 6, 2, 6997.34, 1, -1, -1
381, 1, 0, 0, 5, 0, -53824, 1, -1, -1
382, 1, 0, 6, 6, 0, -64810.7, 1, -1, -1
383, 1, 1, 7, 0, 1, 55114.7, 1, -1, -1
384, 1, 0, 7, 1, 0, 14480, 1, -1, -1
385, 1, 1, 4, 8, 1, 45232, 1, -1, -1
386, 1, 1, 6, 2, 2, -79013.3, 1, -1, -1
387, 1, 0, 0, 4, 0, -76938.7, 1, -1, -1
388, 1, 0, 6, 6, 2, 49978.7, 1, -1, -1
389, 1, 0, 6, 1, 1, -14128, 1, -1, -1
390, 1, 1, 7, 4, 2, -74496, 1, -1, -1
391, 1, 1, 6, 6, 1, -25594.7, 1, -1, -1
392, 1, 0, 7, 6, 2, 14320, 1, -1, -1
393, 1, 0, 2, 6, 2, -69184, 1, -1, -1
394, 1, 0, 8, 0, 1, 18229.3, 1, -1, -1
395, 1, 1, 8, 2, 1, 9589.33, 1, -1, -1
396, 1, 0, 8, 8, 2, 21850.7, 1, -1, -1
397, 1, 1, 7, 2, 2, -71600, 1, -1, -1
398, 1, 1, 0, 3, 1, 63685.3, 1, -1, -1
399, 1, 1, 8, 3, 2, 74293.3, 1, -1, -1
400, 1, 1, 0, 2, 1, -32976, 1, -1, -1
401, 1, 0, 0, 1, 2, -77360, 1, -1, -1
402, 1, 1, 2, 1, 0, 77392, 1, -1, -1
403, 1, 0, 5, 1, 1, -20160, 1, -1, -1
404, 1, 1, 6, 3, 2, -45312, 1, -1, -1
405, 1, 0, 6, 8, 2, 23461.3, 1, -1, -1
406, 1, 0, 5, 8, 2, -16032, 1, -1, -1
407, 1, 0, 1, 1, 0, -25877.3, 1, -1, -1
408, 1, 0, 1, 4, 1, -43930.7, 1, -1, -1
409, 1, 1, 3, 8, 0, -70293.3, 1, -1, -1
410, 1, 1, 1, 2, 0, -75434.7, 1, -1, -1
411, 1, 0, 2, 6, 1, 9989.34, 1, -1, -1
412, 1, 0, 5, 3, 2, 29866.7, 1, -1, -1
413, 1, 1, 8, 0, 0, 72197.3, 1, -1, -1
414, 1, 1, 7, 6, 2, 17738.7, 1, -1, -1
415, 1, 1, 7, 5, 2, -52202.7, 1, -1, -1
416, 1, 1, 0, 5, 0, -23962.7, 1, -1, -1
417, 1, 1, 4, 5, 2, 30085.3, 1, -1, -1
418, 1, 1, 7, 0, 0, -19168, 1, -1, -1
419, 1, 1, 6, 2, 1, -45872, 1, -1, -1
420, 1, 1, 7, 8, 2, -11552, 1, -1, -1
421, 1, 1, 0, 4, 2, 9338.67, 1, -1, -1
422, 1, 0, 5, 6, 1, 48848, 1, -1, -1
423, 1, 0, 1, 0, 2, 66058.7, 1, -1, -1
424, 1, 0, 7, 3, 1, -68512, 1, -1, -1
425, 1, 0, 3, 3, 1, 44810.7, 1, -1, -1
426, 1, 1, 1, 8, 2, -3397.33, 1, -1, -1
427, 1, 1, 8, 7, 1, 47.9984, 1, -1, -1
428, 1, 0, 6, 0, 2, -56496, 1, -1, -1
429, 1, 0, 1, 7, 0, -69312, 1, -1, -1
430, 1, 1, 2, 4, 2, -74917.3, 1, -1, -1
431, 1, 0, 1, 3, 0, -62554.7, 1, -1, -1
432, 1, 0, 0, 1, 0, 2842.66, 1, -1, -1
433, 1, 0, 6, 3, 0, -71440, 1, -1, -1
434, 1, 0, 8, 7, 0, -23909.3, 1, -1, -1
435, 1, 0, 5, 5, 0, -77376, 1, -1, -1
436, 1, 0, 3, 6, 0, 42.6674, 1, -1, -1
437, 1, 1, 1, 7, 2, -19354.7, 1, -1, -1
438, 1, 1, 8, 6, 2, 46384, 1, -1, -1
439, 1, 1, 6, 3, 0, -55184, 1, -1, -1
440, 1, 0, 5, 0, 2, -41536, 1, -1, -1
441, 1, 0, 6, 7, 0, -54448, 1, -1, -1
442, 1, 0, 7, 2, 2, 57584, 1, -1, -1
443, 1, 0, 7, 8, 2, -138.669, 1, -1, -1
444, 1, 0, 4, 7, 2, -26704, 1, -1, -1
445, 1, 1, 3, 1, 1, 44288, 1, -1, -1
446, 1, 1, 0, 8, 0, -58954.7, 1, -1, -1
447, 1, 1, 1, 4, 1, -77744, 1, -1, -1
448, 1, 0, 3, 7, 2, -43493.3, 1, -1, -1
449, 1, 1, 5, 8, 1, -71760, 1, -1, -1
450, 1, 0, 4, 1, 0, -66608, 1, -1, -1
451, 1, 1, 5, 4, 1, -52213.3, 1, -1, -1
452, 1, 1, 4, 2, 0, -16170.7, 1, -1, -1
453, 1, 1, 1, 7, 1, -42538.7, 1, -1, -1
454, 1, 0, 8, 4, 2, 24880, 1, -1, -1
455, 1, 1, 4, 2, 1, 61994.7, 1, -1, -1
456, 1, 0, 3, 8, 1, -75600, 1, -1, -1
457, 1, 0, 6, 1, 2, -65429.3, 1, -1, -1
458, 1, 0, 8, 2, 1, -71178.7, 1, -1, -1
459, 1, 1, 8, 6, 0, -77098.7, 1, -1, -1
460, 1, 1, 4, 2, 2, -5888, 1, -1, -1
461, 1, 0, 6, 6, 1, -70981.3, 1, -1, -1
462, 1, 1, 4, 8, 0, -78768, 1, -1, -1
463, 1, 1, 3, 7, 0, -78522.7, 1, -1, -1
464, 1, 1, 2, 4, 0, 37344, 1, -1, -1
465, 1, 0, 1, 2, 0, 9882.67, 1, -1, -1
466, 1, 1, 5, 7, 2, 25456, 1, -1, -1
467, 1, 0, 6, 4, 0, -13317.3, 1, -1, -1
468, 1, 0, 1, 5, 1, 12954.7, 1, -1, -1
469, 1, 1, 4, 5, 1, -30485.3, 1, -1, -1
470, 1, 0, 7, 4, 2, -74688, 1, -1, -1
471, 1, 0, 5, 0, 1, -77477.3, 1, -1, -1
472, 1, 0, 6, 3, 1, -66453.3, 1, -1, -1
473, 1, 1, 6, 2, 0, 75957.3, 1, -1, -1
474, 1, 0, 1, 8, 0, -64101.3, 1, -1, -1
475, 1, 1, 1, 6, 0, 20768, 1, -1, -1
476, 1, 0, 4, 2, 0, -41733.3, 1, -1, -1
477, 1, 0, 6, 3, 2, 28037.3, 1, -1, -1
478, 1, 0, 4, 4, 1, -78528, 1, -1, -1
479, 1, 1, 5, 1, 0, -12981.3, 1, -1, -1
480, 1, 1, 2, 1, 2, 73242.7, 1, -1, -1
481, 1, 1, 8, 4, 0, -693.336, 1, -1, -1
482, 1, 1, 6, 3, 1, 73312, 1, -1, -1
483, 1, 1, 5, 3, 2, 35616, 1, -1, -1
484, 1, 0, 2, 1, 0, -56010.7, 1, -1, -1
485, 1, 0, 0, 0, 2, 44928, 1, -1, -1
486, 1, 0, 1, 7, 1, 47946.7, 1, -1, -1
487, 1, 0, 5, 5, 2, -44453.3, 1, -1, -1
488, 1, 0, 2, 1, 1, -50645.3, 1, -1, -1
489, 1, 0, 7, 1, 2, -28714.7, 1, -1, -1
490, 1, 1, 4, 4, 2, 60720, 1, -1, -1
491, 1, 0, 4, 8, 0, -26816, 1, -1, -1
492, 1, 1, 0, 5, 1, -55925.3, 1, -1, -1
493, 1, 0, 8, 1, 0, 15749.3, 1, -1, -1
494, 1, 1, 6, 4, 2, 56720, 1, -1, -1
495, 1, 1, 2, 5, 2, -78309.3, 1, -1, -1
496, 1, 1, 0, 8, 1, -44810.7, 1, -1, -1
497, 1, 1, 2, 1, 1, 3253.34, 1, -1, -1
498, 1, 1, 7, 7, 0, 73904, 1, -1, -1
499, 1, 1, 7, 1, 0, 51930.7, 1, -1, -1
500, 1, 0, 8, 0, 2, -32517.3, 1, -1, -1
501, 1, 1, 5, 4, 2, 6352, 1, -1, -1
502, 1, 1, 8, 8, 1, 61306.7, 1, -1, -1
503, 1, 0, 3, 0, 0, 41200, 1, -1, -1
504, 1, 1, 7, 3, 1, -11664, 1, -1, -1
505, 1, 1, 7, 4, 1, 40341.3, 1, -1, -1
506, 1, 0, 0, 4, 2, 77856, 1, -1, -1
507, 1, 0, 0, 6, 2, 54021.3, 1, -1, -1
508, 1, 1, 2, 2, 0, -39989.3, 1, -1, -1
509, 1, 1, 8, 3, 0, -67589.3, 1, -1, -1
510, 1, 0, 2, 0, 0, 33013.3, 1, -1, -1
511, 1, 0, 1, 6, 0, -47168, 1, -1, -1
512, 1, 0, 1, 4, 0, 56218.7, 1, -1, -1
513, 1, 1, 8, 5, 0, -76298.7, 1, -1, -1
514, 1, 0, 4, 3, 2, -25370.7, 1, -1, -1
515, 1, 0, 3, 1, 1, -77098.7, 1, -1, -1
516, 1, 1, 2, 2, 2, 30426.7, 1, -1, -1
517, 1, 1, 7, 0, 2, -55312, 1, -1, -1
518, 1, 1, 4, 1, 2, -73642.7, 1, -1, -1
519, 1, 0, 5, 3, 0, -61237.3, 1, -1, -1
520, 1, 0, 3, 3, 0, -71125.3, 1, -1, -1
521, 1, 1, 3, 4, 2, 1893.33, 1, -1, -1
522, 1, 1, 1, 0, 2, 62096, 1, -1, -1
523, 1, 1, 6, 1, 2, -31285.3, 1, -1, -1
524, 1, 0, 7, 0, 0, -14533.3, 1, -1, -1
525, 1, 1, 1, 2, 1, -42250.7, 1, -1, -1
526, 1, 0, 0, 8, 1, -24490.7, 1, -1, -1
527, 1, 0, 3, 2, 2, -28442.7, 1, -1, -1
528, 1, 1, 5, 1, 1, -75941.3, 1, -1, -1
529, 1, 0, 4, 5, 2, 69381.3, 1, -1, -1
530, 1, 1, 1, 3, 1, -59781.3, 1, -1, -1
531, 1, 0, 1, 6, 1, -34757.3, 1, -1, -1
532, 1, 1, 2, 8, 1, 66549.3, 1, -1, -1
533, 1, 0, 8, 5, 1, -63157.3, 1, -1, -1
534, 1, 0, 3, 5, 0, -40426.7, 1, -1, -1
535, 1, 0, 2, 7, 1, 40048, 1, -1, -1
536, 1, 0, 8, 2, 0, 51461.3, 1, -1, -1
537, 1, 1, 0, 0, 1, 73872, 1, -1, -1
538, 1, 1, 3, 7, 1, -60640, 1, -1, -1
539, 1, 0, 1, 3, 1, 45882.7, 1, -1, -1
540, 1, 1, 8, 7, 2, -35685.3, 1, -1, -1
541, 1, 1, 5, 6, 1, 46650.7, 1, -1, -1
542, 1, 1, 0, 5, 2, -62533.3, 1, -1, -1
543, 1, 0, 4, 0, 0, -31797.3, 1, -1, -1
544, 1, 1, 7, 4, 0, -74154.7, 1, -1, -1
545, 1, 1, 4, 7, 2, 67013.3, 1, -1, -1
546, 1, 0, 2, 3, 0, -56613.3, 1, -1, -1
547, 1, 1, 1, 4, 0, -21344, 1, -1, -1
548, 1, 1, 7, 3, 0, -15546.7, 1, -1, -1
549, 1, 0, 2, 7, 2, -32837.3, 1, -1, -1
550, 1, 1, 0, 7, 2, 44426.7, 1, -1, -1
551, 1, 0, 1, 7, 2, 13008, 1, -1, -1
552, 1, 0, 1, 8, 2, 73648, 1, -1, -1
553, 1, 1, 5, 8, 0, -71744, 1, -1, -1
554, 1, 1, 7, 2, 1, 49920, 1, -1, -1
555, 1, 0, 0, 5, 1, -38858.7, 1, -1, -1
556, 1, 0, 2, 4, 1, 22330.7, 1, -1, -1
557, 1, 1, 3, 3, 1, 23200, 1, -1, -1
558, 1, 0, 8, 2, 2, -45360, 1, -1, -1
559, 1, 0, 5, 2, 2, 4384, 1, -1, -1
560, 1, 0, 2, 2, 1, -79738.7, 1, -1, -1
561, 1, 0, 3, 5, 2, -1824, 1, -1, -1
562, 1, 0, 5, 6, 2, 650.663, 1, -1, -1
563, 1, 0, 1, 4, 2, -33258.7, 1, -1, -1
564, 1, 1, 4, 0, 0, -69776, 1, -1, -1
565, 1, 0, 8, 7, 1, -69397.3, 1, -1, -1
566, 1, 0, 8, 1, 1, -17589.3, 1, -1, -1
567, 1, 0, 7, 7, 0, 37205.3, 1, -1, -1
568, 1, 1, 8, 3, 1, -54229.3, 1, -1, -1
569, 1, 0, 2, 3, 1, -74122.7, 1, -1, -1
570, 1, 0, 0, 6, 0, 35834.7, 1, -1, -1
571, 1, 0, 8, 8, 1, 5114.67, 1, -1, -1
572, 1, 0, 7, 8, 1, -17290.7, 1, -1, -1
573, 1, 1, 7, 1, 1, -24757.3, 1, -1, -1
574, 1, 0, 7, 6, 1, -10442.7, 1, -1, -1
575, 1, 0, 2, 4, 0, -38981.3, 1, -1, -1
576, 1, 0, 3, 8, 2, 5898.67, 1, -1, -1
577, 1, 1, 0, 1, 0, -65626.7, 1, -1, -1
578, 1, 1, 3, 5, 2, 59664, 1, -1, -1
579, 1, 1, 8, 4, 2, -53813.3, 1, -1, -1
580, 1, 0, 1, 1, 2, -27397.3, 1, -1, -1
581, 1, 1, 2, 6, 2, -72442.7, 1, -1, -1
582, 1, 1, 6, 5, 0, -79648, 1, -1, -1
583, 1, 0, 4, 5, 1, -79829.3, 1, -1, -1
584, 1, 0, 4, 4, 2, 12602.7, 1, -1, -1
585, 1, 1, 1, 0, 0, -79322.7, 1, -1, -1
586, 1, 1, 3, 0, 0, -44405.3, 1, -1, -1
587, 1, 0, 1, 2, 2, -23029.3, 1, -1, -1
588, 1, 1, 3, 0, 1, 24000, 1, -1, -1
589, 1, 1, 8, 0, 2, -34800, 1, -1, -1
590, 1, 1, 0, 4, 1, 20154.7, 1, -1, -1
591, 1, 0, 3, 0, 1, -51034.7, 1, -1, -1
592, 1, 1, 8, 8, 0, 51610.7, 1, -1, -1
593, 1, 1, 1, 3, 0, 57637.3, 1, -1, -1
594, 1, 0, 1, 5, 2, 72032, 1, -1, -1
595, 1, 0, 8, 4, 1, -4570.67, 1, -1, -1
596, 1, 1, 8, 7, 0, 55264, 1, -1, -1
597, 1, 0, 7, 0, 1, -48725.3, 1, -1, -1
598, 1, 1, 6, 6, 0, 42720, 1, -1, -1
599, 1, 1, 6, 1, 0, 3184, 1, -1, -1
600, 1, 0, 8, 8, 0, -76325.3, 1, -1, -1
601, 1, 1, 0, 0, 2, 14048, 1, -1, -1
602, 1, 1, 0, 2, 0, 12837.3, 1, -1, -1
603, 1, 0, 4, 2, 2, 39216, 1, -1, -1
604, 1, 1, 5, 5, 1, -37450.7, 1, -1, -1
605, 1, 1, 8, 2, 0, -60602.7, 1, -1, -1
606, 1, 0, 8, 3, 1, 8613.33, 1, -1, -1
607, 1, 0, 3, 7, 0, -43552, 1, -1, -1
608, 1, 1, 1, 1, 2, -11952, 1, -1, -1
609, 1, 1, 3, 4, 1, 37733.3, 1, -1, -1
610, 1, 0, 5, 2, 1, 47605.3, 1, -1, -1
611, 1, 1, 3, 3, 0, -56810.7, 1, -1, -1
612, 1, 0, 0, 3, 0, 74042.7, 1, -1, -1
613, 1, 0, 7, 7, 2, 27333.3, 1, -1, -1
614, 1, 1, 5, 2, 2, 67034.7, 1, -1, -1
615, 1, 0, 3, 4, 2, -69184, 1, -1, -1
616, 1, 0, 0, 6, 1, 54544, 1, -1, -1
617, 1, 0, 7, 8, 0, -53914.7, 1, -1, -1
618, 1, 1, 3, 7, 2, -69818.7, 1, -1, -1
619, 1, 0, 1, 0, 1, 49418.7, 1, -1, -1
620, 1, 1, 6, 0, 1, 56101.3, 1, -1, -1
621, 1, 0, 4, 6, 2, 75184, 1, -1, -1
622, 1, 0, 7, 5, 0, 18096, 1, -1, -1
623, 1, 0, 3, 6, 2, 55696, 1, -1, -1
624, 1, 1, 5, 8, 2, 68170.7, 1, -1, -1
625, 1, 1, 3, 8, 2, 26181.3, 1, -1, -1
626, 1, 0, 4, 5, 0, -67770.7, 1, -1, -1
627, 1, 0, 1, 6, 2, -8629.33, 1, -1, -1
628, 1, 0, 2, 8, 1, -51925.3, 1, -1, -1
629, 1, 1, 3, 4, 0, 32485.3, 1, -1, -1
630, 1, 0, 1, 3, 2, 63237.3, 1, -1, -1
631, 1, 0, 5, 6, 0, -68928, 1, -1, -1
632, 1, 1, 3, 8, 1, -38853.3, 1, -1, -1
633, 1, 0, 0, 5, 2, 50800, 1, -1, -1
634, 1, 1, 8, 1, 1, 13696, 1, -1, -1
635, 1, 0, 5, 8, 1, 45856, 1, -1, -1
636, 1, 0, 7, 4, 0, -25573.3, 1, -1, -1
637, 1, 0, 7, 3, 2, 78618.7, 1, -1, -1
638, 1, 0, 2, 1, 2, 14426.7, 1, -1, -1
639, 1, 1, 3, 6, 1, -30826.7, 1, -1, -1
640, 1, 1, 8, 8, 2, 67317.3, 1, -1, -1
641, 1, 0, 6, 4, 2, 15818.7, 1, -1, -1
642, 1, 1, 5, 5, 0, 15562.7, 1, -1, -1
643, 1, 0, 5, 4, 1, 55274.7, 1, -1, -1
644, 1, 0, 4, 1, 1, 49674.7, 1, -1, -1
645, 1, 1, 4, 8, 2, -74538.7, 1, -1, -1
646, 1, 1, 6, 6, 2, 10960, 1, -1, -1
647, 1, 1, 2, 6, 1, -19653.3, 1, -1, -1
648, 1, 1, 6, 4, 0, -66426.7, 1, -1, -1
----------------------

