OctaneSinglePotato trial list
----------------------

Trial Number | Haptic Presence | Environment | Glossiness | Depth | Conflict | Timer 1 | Timer 2 | Timer 3 | GlossResult | DepthResult
----------------------
1, 1, 1, 4, 8, 2, -66208, 1, -1, -1
2, 1, 0, 0, 6, 1, -18224, 1, -1, -1
3, 1, 1, 4, 6, 1, 49045.3, 1, -1, -1
4, 1, 1, 3, 5, 0, -16181.3, 1, -1, -1
5, 1, 0, 8, 8, 0, 7088, 1, -1, -1
6, 1, 0, 3, 0, 0, 9429.33, 1, -1, -1
7, 1, 1, 8, 3, 0, -655.999, 1, -1, -1
8, 1, 0, 4, 2, 0, -56341.3, 1, -1, -1
9, 1, 1, 1, 8, 1, -37370.7, 1, -1, -1
10, 1, 0, 5, 6, 0, -70176, 1, -1, -1
11, 1, 0, 6, 2, 0, -55802.7, 1, -1, -1
12, 1, 1, 4, 0, 2, 75386.7, 1, -1, -1
13, 1, 0, 7, 4, 1, -38138.7, 1, -1, -1
14, 1, 1, 0, 3, 2, 67141.3, 1, -1, -1
15, 1, 0, 7, 3, 2, -45717.3, 1, -1, -1
16, 1, 0, 8, 6, 2, -36789.3, 1, -1, -1
17, 1, 0, 8, 1, 0, -42405.3, 1, -1, -1
18, 1, 1, 7, 5, 0, -31509.3, 1, -1, -1
19, 1, 1, 3, 8, 1, -77504, 1, -1, -1
20, 1, 1, 5, 8, 1, -66837.3, 1, -1, -1
21, 1, 0, 7, 1, 0, -72373.3, 1, -1, -1
22, 1, 1, 2, 2, 1, 69589.3, 1, -1, -1
23, 1, 1, 3, 0, 2, -48389.3, 1, -1, -1
24, 1, 1, 6, 8, 0, -75066.7, 1, -1, -1
25, 1, 1, 4, 0, 1, 25397.3, 1, -1, -1
26, 1, 0, 2, 7, 2, 64522.7, 1, -1, -1
27, 1, 0, 6, 5, 0, -29941.3, 1, -1, -1
28, 1, 0, 0, 4, 1, 4656, 1, -1, -1
29, 1, 0, 4, 1, 2, -54128, 1, -1, -1
30, 1, 0, 3, 5, 2, -69189.3, 1, -1, -1
31, 1, 0, 7, 3, 0, -49104, 1, -1, -1
32, 1, 0, 6, 1, 1, 19221.3, 1, -1, -1
33, 1, 0, 8, 7, 0, 49162.7, 1, -1, -1
34, 1, 1, 0, 1, 0, -51429.3, 1, -1, -1
35, 1, 1, 7, 0, 1, -39893.3, 1, -1, -1
36, 1, 0, 8, 5, 1, -65338.7, 1, -1, -1
37, 1, 0, 4, 0, 0, -79722.7, 1, -1, -1
38, 1, 0, 8, 2, 0, -24464, 1, -1, -1
39, 1, 0, 8, 8, 2, -22346.7, 1, -1, -1
40, 1, 0, 8, 1, 1, 12336, 1, -1, -1
41, 1, 0, 0, 2, 0, 54293.3, 1, -1, -1
42, 1, 0, 5, 2, 2, -42714.7, 1, -1, -1
43, 1, 0, 0, 3, 0, 11968, 1, -1, -1
44, 1, 1, 1, 2, 2, -58272, 1, -1, -1
45, 1, 0, 8, 2, 2, -1573.33, 1, -1, -1
46, 1, 1, 1, 7, 0, 3722.67, 1, -1, -1
47, 1, 1, 5, 7, 0, -13658.7, 1, -1, -1
48, 1, 1, 3, 6, 1, -57584, 1, -1, -1
49, 1, 0, 2, 5, 2, -8032, 1, -1, -1
50, 1, 1, 4, 4, 0, 44496, 1, -1, -1
51, 1, 1, 6, 0, 2, 8789.33, 1, -1, -1
52, 1, 0, 8, 0, 1, -35914.7, 1, -1, -1
53, 1, 1, 2, 7, 0, -48330.7, 1, -1, -1
54, 1, 1, 0, 3, 1, -49194.7, 1, -1, -1
55, 1, 1, 5, 2, 2, -30656, 1, -1, -1
56, 1, 0, 6, 3, 0, 77546.7, 1, -1, -1
57, 1, 0, 6, 4, 1, -77418.7, 1, -1, -1
58, 1, 0, 0, 3, 2, 69221.3, 1, -1, -1
59, 1, 1, 8, 0, 2, 24586.7, 1, -1, -1
60, 1, 0, 3, 4, 2, 42133.3, 1, -1, -1
61, 1, 0, 1, 3, 1, -13765.3, 1, -1, -1
62, 1, 0, 1, 7, 0, -13525.3, 1, -1, -1
63, 1, 0, 6, 0, 0, -35514.7, 1, -1, -1
64, 1, 1, 4, 6, 0, 23248, 1, -1, -1
65, 1, 1, 5, 0, 2, -42010.7, 1, -1, -1
66, 1, 0, 2, 6, 2, -79258.7, 1, -1, -1
67, 1, 1, 4, 4, 1, -37216, 1, -1, -1
68, 1, 1, 5, 3, 1, -36725.3, 1, -1, -1
69, 1, 1, 2, 0, 0, 70688, 1, -1, -1
70, 1, 0, 5, 4, 1, 75893.3, 1, -1, -1
71, 1, 0, 3, 8, 1, 50133.3, 1, -1, -1
72, 1, 0, 2, 4, 2, -54538.7, 1, -1, -1
73, 1, 1, 0, 4, 2, 22389.3, 1, -1, -1
74, 1, 0, 2, 0, 0, -75498.7, 1, -1, -1
75, 1, 0, 6, 8, 0, -15920, 1, -1, -1
76, 1, 0, 7, 4, 0, -69024, 1, -1, -1
77, 1, 0, 0, 8, 0, 72858.7, 1, -1, -1
78, 1, 0, 2, 6, 1, 74149.3, 1, -1, -1
79, 1, 1, 6, 7, 2, 11258.7, 1, -1, -1
80, 1, 0, 3, 1, 1, 41274.7, 1, -1, -1
81, 1, 0, 3, 7, 1, -67749.3, 1, -1, -1
82, 1, 0, 1, 7, 2, -41045.3, 1, -1, -1
83, 1, 0, 6, 3, 2, 52981.3, 1, -1, -1
84, 1, 1, 1, 7, 1, -78597.3, 1, -1, -1
85, 1, 0, 3, 6, 0, 28293.3, 1, -1, -1
86, 1, 1, 6, 4, 1, -34816, 1, -1, -1
87, 1, 1, 0, 5, 1, 78330.7, 1, -1, -1
88, 1, 0, 5, 1, 0, 68784, 1, -1, -1
89, 1, 1, 2, 0, 1, 78469.3, 1, -1, -1
90, 1, 0, 5, 5, 0, 56469.3, 1, -1, -1
91, 1, 0, 4, 4, 2, 56544, 1, -1, -1
92, 1, 1, 6, 6, 0, -77424, 1, -1, -1
93, 1, 1, 2, 5, 2, -28213.3, 1, -1, -1
94, 1, 0, 7, 0, 2, -2074.67, 1, -1, -1
95, 1, 0, 3, 2, 0, -66293.3, 1, -1, -1
96, 1, 0, 6, 5, 1, -8352, 1, -1, -1
97, 1, 0, 2, 0, 1, 54821.3, 1, -1, -1
98, 1, 0, 3, 4, 0, -21397.3, 1, -1, -1
99, 1, 0, 5, 7, 0, 36133.3, 1, -1, -1
100, 1, 0, 7, 7, 1, 66506.7, 1, -1, -1
101, 1, 1, 5, 4, 1, -1008, 1, -1, -1
102, 1, 0, 7, 5, 1, -38752, 1, -1, -1
103, 1, 0, 8, 5, 2, -38016, 1, -1, -1
104, 1, 1, 3, 5, 2, -76384, 1, -1, -1
105, 1, 0, 8, 4, 0, -61653.3, 1, -1, -1
106, 1, 0, 4, 4, 0, 73786.7, 1, -1, -1
107, 1, 1, 7, 8, 0, 51797.3, 1, -1, -1
108, 1, 0, 5, 0, 0, -36512, 1, -1, -1
109, 1, 1, 7, 1, 0, -27594.7, 1, -1, -1
110, 1, 0, 5, 3, 2, -71338.7, 1, -1, -1
111, 1, 1, 2, 8, 2, -76298.7, 1, -1, -1
112, 1, 1, 5, 5, 1, 68650.7, 1, -1, -1
113, 1, 1, 6, 1, 0, 51232, 1, -1, -1
114, 1, 1, 5, 8, 2, -69466.7, 1, -1, -1
115, 1, 1, 2, 0, 2, -25562.7, 1, -1, -1
116, 1, 1, 7, 4, 0, 78400, 1, -1, -1
117, 1, 1, 2, 1, 1, -24378.7, 1, -1, -1
118, 1, 0, 1, 0, 2, -33418.7, 1, -1, -1
119, 1, 0, 3, 5, 1, 58394.7, 1, -1, -1
120, 1, 1, 7, 2, 0, -42848, 1, -1, -1
121, 1, 0, 4, 8, 2, 35125.3, 1, -1, -1
122, 1, 0, 1, 0, 0, -62277.3, 1, -1, -1
123, 1, 1, 6, 7, 0, 29445.3, 1, -1, -1
124, 1, 0, 7, 5, 0, -30805.3, 1, -1, -1
125, 1, 1, 5, 0, 1, -2581.33, 1, -1, -1
126, 1, 1, 2, 2, 2, 39813.3, 1, -1, -1
127, 1, 1, 1, 2, 0, -77248, 1, -1, -1
128, 1, 0, 6, 0, 2, -51690.7, 1, -1, -1
129, 1, 0, 5, 5, 2, -69674.7, 1, -1, -1
130, 1, 1, 0, 2, 1, -20618.7, 1, -1, -1
131, 1, 1, 2, 2, 0, -64853.3, 1, -1, -1
132, 1, 0, 2, 0, 2, -52538.7, 1, -1, -1
133, 1, 1, 0, 6, 1, -65936, 1, -1, -1
134, 1, 1, 0, 8, 1, -65770.7, 1, -1, -1
135, 1, 0, 1, 1, 0, -54357.3, 1, -1, -1
136, 1, 1, 3, 4, 2, -62912, 1, -1, -1
137, 1, 0, 4, 7, 1, 9530.67, 1, -1, -1
138, 1, 0, 8, 0, 2, 4298.67, 1, -1, -1
139, 1, 1, 8, 1, 0, -76981.3, 1, -1, -1
140, 1, 1, 0, 2, 2, -79877.3, 1, -1, -1
141, 1, 0, 5, 6, 2, -36378.7, 1, -1, -1
142, 1, 1, 0, 0, 1, -12453.3, 1, -1, -1
143, 1, 1, 1, 0, 0, -42714.7, 1, -1, -1
144, 1, 1, 6, 5, 1, 4592, 1, -1, -1
145, 1, 0, 4, 3, 1, 3994.67, 1, -1, -1
146, 1, 1, 6, 0, 1, 17392, 1, -1, -1
147, 1, 0, 6, 4, 0, -55338.7, 1, -1, -1
148, 1, 1, 6, 0, 0, -48090.7, 1, -1, -1
149, 1, 1, 6, 4, 2, 55210.7, 1, -1, -1
150, 1, 1, 7, 3, 0, 16837.3, 1, -1, -1
151, 1, 0, 4, 4, 1, -39456, 1, -1, -1
152, 1, 1, 1, 1, 0, -20426.7, 1, -1, -1
153, 1, 0, 7, 1, 1, -47696, 1, -1, -1
154, 1, 0, 6, 2, 1, -61077.3, 1, -1, -1
155, 1, 1, 8, 4, 0, -19173.3, 1, -1, -1
156, 1, 0, 1, 7, 1, -655.999, 1, -1, -1
157, 1, 0, 4, 3, 0, 27136, 1, -1, -1
158, 1, 1, 4, 6, 2, 2485.33, 1, -1, -1
159, 1, 1, 7, 8, 2, -32442.7, 1, -1, -1
160, 1, 1, 3, 4, 1, -25349.3, 1, -1, -1
161, 1, 1, 4, 2, 0, 7877.33, 1, -1, -1
162, 1, 0, 7, 4, 2, 33674.7, 1, -1, -1
163, 1, 0, 0, 1, 2, -46053.3, 1, -1, -1
164, 1, 1, 2, 4, 1, 54645.3, 1, -1, -1
165, 1, 1, 7, 0, 0, 34325.3, 1, -1, -1
166, 1, 1, 0, 8, 0, 18432, 1, -1, -1
167, 1, 1, 0, 0, 2, -51904, 1, -1, -1
168, 1, 1, 4, 2, 2, 58464, 1, -1, -1
169, 1, 0, 5, 8, 0, -5125.33, 1, -1, -1
170, 1, 1, 0, 8, 2, 74592, 1, -1, -1
171, 1, 1, 5, 1, 1, -42949.3, 1, -1, -1
172, 1, 0, 7, 5, 2, -77797.3, 1, -1, -1
173, 1, 0, 2, 7, 0, -12949.3, 1, -1, -1
174, 1, 1, 7, 6, 0, 67706.7, 1, -1, -1
175, 1, 1, 1, 0, 1, -66416, 1, -1, -1
176, 1, 0, 5, 0, 1, -67306.7, 1, -1, -1
177, 1, 0, 5, 1, 1, 72026.7, 1, -1, -1
178, 1, 1, 3, 7, 1, -79322.7, 1, -1, -1
179, 1, 1, 3, 1, 1, -965.333, 1, -1, -1
180, 1, 0, 1, 6, 1, -65749.3, 1, -1, -1
181, 1, 0, 0, 4, 2, -36282.7, 1, -1, -1
182, 1, 1, 5, 1, 2, -36144, 1, -1, -1
183, 1, 0, 3, 4, 1, 43360, 1, -1, -1
184, 1, 1, 1, 6, 2, -2496, 1, -1, -1
185, 1, 1, 0, 5, 0, -15781.3, 1, -1, -1
186, 1, 1, 4, 7, 2, -26352, 1, -1, -1
187, 1, 1, 4, 5, 2, -75274.7, 1, -1, -1
188, 1, 0, 3, 7, 0, -43754.7, 1, -1, -1
189, 1, 1, 3, 4, 0, 37221.3, 1, -1, -1
190, 1, 0, 2, 6, 0, -19658.7, 1, -1, -1
191, 1, 0, 1, 1, 2, 49712, 1, -1, -1
192, 1, 1, 3, 3, 1, -77061.3, 1, -1, -1
193, 1, 1, 0, 7, 0, 59114.7, 1, -1, -1
194, 1, 0, 1, 4, 0, -25168, 1, -1, -1
195, 1, 1, 5, 6, 2, 15509.3, 1, -1, -1
196, 1, 0, 7, 8, 2, 11360, 1, -1, -1
197, 1, 1, 4, 8, 1, 5685.33, 1, -1, -1
198, 1, 1, 6, 8, 1, 288, 1, -1, -1
199, 1, 1, 7, 6, 1, 65493.3, 1, -1, -1
200, 1, 1, 3, 1, 0, 335.999, 1, -1, -1
201, 1, 1, 8, 0, 0, -69834.7, 1, -1, -1
202, 1, 1, 1, 8, 2, 4442.66, 1, -1, -1
203, 1, 0, 4, 3, 2, 53797.3, 1, -1, -1
204, 1, 1, 6, 2, 1, -26613.3, 1, -1, -1
205, 1, 0, 3, 0, 2, 55424, 1, -1, -1
206, 1, 1, 5, 5, 2, 31312, 1, -1, -1
207, 1, 0, 0, 8, 2, 9253.33, 1, -1, -1
208, 1, 1, 4, 3, 2, -69824, 1, -1, -1
209, 1, 1, 7, 5, 2, 40368, 1, -1, -1
210, 1, 1, 3, 6, 2, -71813.3, 1, -1, -1
211, 1, 1, 2, 3, 0, 38538.7, 1, -1, -1
212, 1, 1, 8, 8, 2, 51173.3, 1, -1, -1
213, 1, 1, 4, 5, 0, -18821.3, 1, -1, -1
214, 1, 1, 5, 6, 1, -31978.7, 1, -1, -1
215, 1, 0, 1, 8, 0, -33744, 1, -1, -1
216, 1, 0, 0, 7, 1, -78021.3, 1, -1, -1
217, 1, 1, 1, 5, 2, -35205.3, 1, -1, -1
218, 1, 0, 6, 6, 0, -22192, 1, -1, -1
219, 1, 0, 3, 8, 0, -202.665, 1, -1, -1
220, 1, 0, 4, 1, 0, 66912, 1, -1, -1
221, 1, 0, 5, 2, 1, -810.666, 1, -1, -1
222, 1, 0, 3, 3, 0, -73413.3, 1, -1, -1
223, 1, 0, 8, 8, 1, -2837.33, 1, -1, -1
224, 1, 0, 5, 1, 2, -49034.7, 1, -1, -1
225, 1, 1, 8, 2, 1, 12384, 1, -1, -1
226, 1, 0, 8, 6, 0, -44842.7, 1, -1, -1
227, 1, 1, 7, 1, 2, -2842.66, 1, -1, -1
228, 1, 0, 6, 5, 2, 869.331, 1, -1, -1
229, 1, 1, 8, 1, 2, -72117.3, 1, -1, -1
230, 1, 1, 0, 2, 0, -33829.3, 1, -1, -1
231, 1, 1, 4, 3, 1, 4602.67, 1, -1, -1
232, 1, 1, 3, 2, 1, -74661.3, 1, -1, -1
233, 1, 1, 8, 7, 1, -8378.67, 1, -1, -1
234, 1, 0, 1, 8, 2, 72128, 1, -1, -1
235, 1, 1, 5, 2, 0, 15317.3, 1, -1, -1
236, 1, 1, 6, 7, 1, 12218.7, 1, -1, -1
237, 1, 0, 3, 2, 1, -40069.3, 1, -1, -1
238, 1, 0, 1, 6, 0, -75093.3, 1, -1, -1
239, 1, 1, 6, 1, 2, 61872, 1, -1, -1
240, 1, 0, 1, 0, 1, -60480, 1, -1, -1
241, 1, 0, 1, 8, 1, 31930.7, 1, -1, -1
242, 1, 0, 6, 8, 1, 65034.7, 1, -1, -1
243, 1, 0, 0, 2, 2, -4138.67, 1, -1, -1
244, 1, 1, 3, 2, 0, 54298.7, 1, -1, -1
245, 1, 1, 3, 3, 0, 45333.3, 1, -1, -1
246, 1, 0, 5, 0, 2, 32016, 1, -1, -1
247, 1, 0, 7, 8, 0, -23466.7, 1, -1, -1
248, 1, 1, 3, 0, 0, 3402.66, 1, -1, -1
249, 1, 1, 8, 8, 1, -15146.7, 1, -1, -1
250, 1, 0, 3, 6, 1, 37221.3, 1, -1, -1
251, 1, 1, 7, 7, 0, -67802.7, 1, -1, -1
252, 1, 1, 6, 2, 2, -16208, 1, -1, -1
253, 1, 0, 2, 2, 1, 25072, 1, -1, -1
254, 1, 1, 6, 5, 2, 45536, 1, -1, -1
255, 1, 0, 2, 8, 2, -24549.3, 1, -1, -1
256, 1, 1, 7, 6, 2, -11728, 1, -1, -1
257, 1, 1, 2, 7, 1, 39354.7, 1, -1, -1
258, 1, 1, 5, 8, 0, -53578.7, 1, -1, -1
259, 1, 1, 5, 0, 0, -21978.7, 1, -1, -1
260, 1, 0, 8, 7, 1, 19242.7, 1, -1, -1
261, 1, 1, 6, 2, 0, 47941.3, 1, -1, -1
262, 1, 0, 0, 7, 0, 16394.7, 1, -1, -1
263, 1, 1, 8, 5, 2, -22181.3, 1, -1, -1
264, 1, 1, 6, 1, 1, -31541.3, 1, -1, -1
265, 1, 0, 3, 7, 2, -24640, 1, -1, -1
266, 1, 0, 3, 6, 2, -16874.7, 1, -1, -1
267, 1, 0, 6, 1, 2, -46885.3, 1, -1, -1
268, 1, 1, 4, 7, 0, -51450.7, 1, -1, -1
269, 1, 1, 1, 6, 0, -13728, 1, -1, -1
270, 1, 0, 5, 8, 2, 8053.33, 1, -1, -1
271, 1, 1, 3, 8, 2, -4106.66, 1, -1, -1
272, 1, 0, 0, 6, 0, -74970.7, 1, -1, -1
273, 1, 0, 1, 5, 1, 23904, 1, -1, -1
274, 1, 0, 2, 2, 2, -73258.7, 1, -1, -1
275, 1, 1, 4, 4, 2, 57973.3, 1, -1, -1
276, 1, 0, 8, 7, 2, -70026.7, 1, -1, -1
277, 1, 0, 7, 1, 2, 42160, 1, -1, -1
278, 1, 0, 6, 7, 2, -52880, 1, -1, -1
279, 1, 1, 2, 7, 2, -1450.67, 1, -1, -1
280, 1, 1, 1, 8, 0, -41152, 1, -1, -1
281, 1, 1, 8, 3, 1, -17040, 1, -1, -1
282, 1, 0, 2, 7, 1, -45440, 1, -1, -1
283, 1, 1, 1, 3, 2, 46442.7, 1, -1, -1
284, 1, 1, 1, 7, 2, 21093.3, 1, -1, -1
285, 1, 1, 2, 4, 2, -43904, 1, -1, -1
286, 1, 1, 3, 3, 2, 38298.7, 1, -1, -1
287, 1, 0, 2, 3, 2, -10245.3, 1, -1, -1
288, 1, 1, 7, 2, 2, -62874.7, 1, -1, -1
289, 1, 0, 3, 3, 1, -16042.7, 1, -1, -1
290, 1, 1, 0, 1, 1, 16378.7, 1, -1, -1
291, 1, 1, 7, 4, 2, -47434.7, 1, -1, -1
292, 1, 1, 8, 5, 1, 34330.7, 1, -1, -1
293, 1, 1, 2, 1, 2, -34234.7, 1, -1, -1
294, 1, 0, 1, 5, 2, -62698.7, 1, -1, -1
295, 1, 1, 1, 5, 0, 68885.3, 1, -1, -1
296, 1, 0, 3, 5, 0, 76906.7, 1, -1, -1
297, 1, 0, 6, 2, 2, 2256, 1, -1, -1
298, 1, 1, 2, 3, 2, 62330.7, 1, -1, -1
299, 1, 1, 7, 4, 1, 32448, 1, -1, -1
300, 1, 0, 5, 8, 1, -28592, 1, -1, -1
301, 1, 1, 2, 4, 0, -49781.3, 1, -1, -1
302, 1, 1, 4, 1, 0, -35237.3, 1, -1, -1
303, 1, 1, 6, 8, 2, -65258.7, 1, -1, -1
304, 1, 0, 6, 1, 0, 4965.33, 1, -1, -1
305, 1, 0, 0, 7, 2, -75616, 1, -1, -1
306, 1, 0, 0, 1, 0, -70149.3, 1, -1, -1
307, 1, 0, 4, 6, 0, 47637.3, 1, -1, -1
308, 1, 1, 6, 6, 2, -59808, 1, -1, -1
309, 1, 1, 5, 6, 0, 43514.7, 1, -1, -1
310, 1, 0, 5, 4, 2, -36293.3, 1, -1, -1
311, 1, 1, 1, 4, 2, 53792, 1, -1, -1
312, 1, 0, 0, 5, 1, -71322.7, 1, -1, -1
313, 1, 0, 4, 8, 0, -51386.7, 1, -1, -1
314, 1, 0, 2, 1, 1, 5274.67, 1, -1, -1
315, 1, 0, 2, 1, 0, 70282.7, 1, -1, -1
316, 1, 0, 4, 8, 1, -20448, 1, -1, -1
317, 1, 1, 6, 6, 1, 1013.34, 1, -1, -1
318, 1, 0, 2, 5, 1, 73344, 1, -1, -1
319, 1, 0, 3, 8, 2, -42149.3, 1, -1, -1
320, 1, 1, 6, 5, 0, -13104, 1, -1, -1
321, 1, 1, 8, 7, 2, -60970.7, 1, -1, -1
322, 1, 0, 6, 0, 1, -71824, 1, -1, -1
323, 1, 0, 5, 3, 0, -6373.33, 1, -1, -1
324, 1, 1, 8, 7, 0, 7642.67, 1, -1, -1
325, 1, 1, 6, 3, 0, -65397.3, 1, -1, -1
326, 1, 1, 8, 2, 0, -68176, 1, -1, -1
327, 1, 0, 0, 0, 2, -1141.33, 1, -1, -1
328, 1, 1, 8, 6, 1, -67610.7, 1, -1, -1
329, 1, 0, 7, 7, 0, -22298.7, 1, -1, -1
330, 1, 0, 2, 8, 1, 44064, 1, -1, -1
331, 1, 1, 7, 7, 2, -65274.7, 1, -1, -1
332, 1, 1, 0, 6, 0, 53765.3, 1, -1, -1
333, 1, 1, 2, 1, 0, 47920, 1, -1, -1
334, 1, 1, 2, 3, 1, -67168, 1, -1, -1
335, 1, 1, 7, 8, 1, -66960, 1, -1, -1
336, 1, 1, 8, 1, 1, 16992, 1, -1, -1
337, 1, 1, 4, 5, 1, 46304, 1, -1, -1
338, 1, 0, 5, 7, 1, -77738.7, 1, -1, -1
339, 1, 1, 1, 4, 1, -40602.7, 1, -1, -1
340, 1, 1, 3, 0, 1, -42288, 1, -1, -1
341, 1, 0, 4, 0, 2, -18021.3, 1, -1, -1
342, 1, 0, 0, 1, 1, -57077.3, 1, -1, -1
343, 1, 1, 8, 8, 0, -42661.3, 1, -1, -1
344, 1, 0, 1, 3, 0, 43637.3, 1, -1, -1
345, 1, 1, 0, 5, 2, -9104, 1, -1, -1
346, 1, 1, 8, 3, 2, 45557.3, 1, -1, -1
347, 1, 0, 6, 6, 2, 15546.7, 1, -1, -1
348, 1, 0, 7, 7, 2, -3754.67, 1, -1, -1
349, 1, 1, 8, 2, 2, 17610.7, 1, -1, -1
350, 1, 0, 8, 1, 2, -42949.3, 1, -1, -1
351, 1, 0, 8, 4, 2, 30896, 1, -1, -1
352, 1, 0, 5, 4, 0, 31216, 1, -1, -1
353, 1, 0, 7, 6, 2, 39120, 1, -1, -1
354, 1, 0, 7, 0, 1, -2698.66, 1, -1, -1
355, 1, 0, 7, 3, 1, -7520, 1, -1, -1
356, 1, 0, 4, 7, 2, -27232, 1, -1, -1
357, 1, 1, 1, 5, 1, 72826.7, 1, -1, -1
358, 1, 0, 0, 5, 0, 65648, 1, -1, -1
359, 1, 0, 2, 3, 0, 27157.3, 1, -1, -1
360, 1, 1, 3, 7, 2, 49930.7, 1, -1, -1
361, 1, 0, 1, 2, 2, -76453.3, 1, -1, -1
362, 1, 0, 5, 7, 2, -34170.7, 1, -1, -1
363, 1, 0, 1, 4, 2, 55520, 1, -1, -1
364, 1, 0, 1, 5, 0, 16522.7, 1, -1, -1
365, 1, 0, 1, 6, 2, -79994.7, 1, -1, -1
366, 1, 0, 3, 0, 1, -72197.3, 1, -1, -1
367, 1, 0, 1, 4, 1, 57845.3, 1, -1, -1
368, 1, 0, 4, 7, 0, -76208, 1, -1, -1
369, 1, 0, 0, 6, 2, -42592, 1, -1, -1
370, 1, 0, 2, 2, 0, -12901.3, 1, -1, -1
371, 1, 1, 5, 5, 0, -9488, 1, -1, -1
372, 1, 1, 0, 0, 0, -688, 1, -1, -1
373, 1, 0, 2, 1, 2, -74506.7, 1, -1, -1
374, 1, 1, 4, 0, 0, 67301.3, 1, -1, -1
375, 1, 1, 5, 4, 0, -28304, 1, -1, -1
376, 1, 0, 2, 4, 1, 38464, 1, -1, -1
377, 1, 1, 7, 5, 1, -10325.3, 1, -1, -1
378, 1, 1, 2, 6, 2, -10026.7, 1, -1, -1
379, 1, 0, 0, 0, 1, -59045.3, 1, -1, -1
380, 1, 1, 5, 2, 1, -11749.3, 1, -1, -1
381, 1, 1, 3, 6, 0, -78800, 1, -1, -1
382, 1, 0, 0, 3, 1, -40848, 1, -1, -1
383, 1, 0, 8, 3, 1, 35754.7, 1, -1, -1
384, 1, 1, 0, 4, 1, 67370.7, 1, -1, -1
385, 1, 1, 3, 1, 2, -4101.33, 1, -1, -1
386, 1, 1, 8, 6, 0, -67728, 1, -1, -1
387, 1, 1, 2, 6, 0, -42202.7, 1, -1, -1
388, 1, 0, 7, 0, 0, 64885.3, 1, -1, -1
389, 1, 0, 4, 6, 2, 12565.3, 1, -1, -1
390, 1, 1, 3, 8, 0, -67418.7, 1, -1, -1
391, 1, 0, 8, 4, 1, -68309.3, 1, -1, -1
392, 1, 0, 5, 3, 1, -77792, 1, -1, -1
393, 1, 1, 7, 2, 1, -74144, 1, -1, -1
394, 1, 1, 4, 3, 0, -50922.7, 1, -1, -1
395, 1, 1, 1, 2, 1, 10474.7, 1, -1, -1
396, 1, 1, 5, 3, 0, -67493.3, 1, -1, -1
397, 1, 1, 5, 1, 0, -79664, 1, -1, -1
398, 1, 1, 3, 2, 2, -25834.7, 1, -1, -1
399, 1, 0, 6, 4, 2, 61834.7, 1, -1, -1
400, 1, 1, 8, 5, 0, -60010.7, 1, -1, -1
401, 1, 0, 6, 3, 1, 16896, 1, -1, -1
402, 1, 0, 0, 8, 1, -75040, 1, -1, -1
403, 1, 0, 7, 6, 1, -50314.7, 1, -1, -1
404, 1, 1, 7, 1, 1, 4250.67, 1, -1, -1
405, 1, 1, 2, 8, 0, -6250.67, 1, -1, -1
406, 1, 1, 8, 4, 2, 29989.3, 1, -1, -1
407, 1, 1, 0, 4, 0, -22448, 1, -1, -1
408, 1, 0, 6, 7, 1, 71978.7, 1, -1, -1
409, 1, 0, 0, 0, 0, 1093.33, 1, -1, -1
410, 1, 0, 6, 8, 2, 49376, 1, -1, -1
411, 1, 0, 5, 2, 0, 47664, 1, -1, -1
412, 1, 1, 7, 0, 2, -28720, 1, -1, -1
413, 1, 1, 4, 1, 2, 14645.3, 1, -1, -1
414, 1, 0, 4, 5, 1, -38026.7, 1, -1, -1
415, 1, 1, 6, 3, 2, -55882.7, 1, -1, -1
416, 1, 0, 7, 2, 1, 70144, 1, -1, -1
417, 1, 1, 1, 3, 1, 2304, 1, -1, -1
418, 1, 0, 8, 0, 0, 19888, 1, -1, -1
419, 1, 1, 4, 1, 1, -44357.3, 1, -1, -1
420, 1, 1, 0, 7, 1, 78570.7, 1, -1, -1
421, 1, 0, 7, 6, 0, 44592, 1, -1, -1
422, 1, 0, 3, 3, 2, -69034.7, 1, -1, -1
423, 1, 1, 5, 4, 2, -37194.7, 1, -1, -1
424, 1, 0, 7, 2, 2, 1536, 1, -1, -1
425, 1, 1, 0, 3, 0, 50314.7, 1, -1, -1
426, 1, 0, 6, 6, 1, -34800, 1, -1, -1
427, 1, 0, 7, 8, 1, -69845.3, 1, -1, -1
428, 1, 0, 3, 1, 0, 22106.7, 1, -1, -1
429, 1, 0, 7, 2, 0, 28272, 1, -1, -1
430, 1, 0, 3, 2, 2, -65722.7, 1, -1, -1
431, 1, 1, 8, 6, 2, -21994.7, 1, -1, -1
432, 1, 1, 3, 5, 1, -77589.3, 1, -1, -1
433, 1, 0, 1, 3, 2, -38229.3, 1, -1, -1
434, 1, 0, 2, 5, 0, 78949.3, 1, -1, -1
435, 1, 0, 1, 2, 0, -72330.7, 1, -1, -1
436, 1, 1, 2, 6, 1, 27930.7, 1, -1, -1
437, 1, 1, 6, 3, 1, 42917.3, 1, -1, -1
438, 1, 1, 7, 3, 1, -72565.3, 1, -1, -1
439, 1, 0, 8, 5, 0, 47322.7, 1, -1, -1
440, 1, 1, 0, 7, 2, 60682.7, 1, -1, -1
441, 1, 1, 8, 0, 1, -49637.3, 1, -1, -1
442, 1, 0, 0, 2, 1, -63050.7, 1, -1, -1
443, 1, 1, 5, 3, 2, -28224, 1, -1, -1
444, 1, 1, 7, 7, 1, -9168, 1, -1, -1
445, 1, 1, 4, 8, 0, -60458.7, 1, -1, -1
446, 1, 0, 4, 6, 1, 57808, 1, -1, -1
447, 1, 0, 2, 3, 1, 57562.7, 1, -1, -1
448, 1, 0, 4, 5, 0, 50101.3, 1, -1, -1
449, 1, 0, 4, 5, 2, -2634.67, 1, -1, -1
450, 1, 0, 6, 7, 0, -71344, 1, -1, -1
451, 1, 0, 4, 2, 2, 24570.7, 1, -1, -1
452, 1, 1, 2, 8, 1, -78197.3, 1, -1, -1
453, 1, 1, 2, 5, 0, -70533.3, 1, -1, -1
454, 1, 1, 1, 3, 0, -31584, 1, -1, -1
455, 1, 0, 8, 3, 2, -67130.7, 1, -1, -1
456, 1, 1, 5, 7, 1, 43781.3, 1, -1, -1
457, 1, 0, 2, 8, 0, -52394.7, 1, -1, -1
458, 1, 1, 3, 7, 0, 54613.3, 1, -1, -1
459, 1, 1, 5, 7, 2, -6704, 1, -1, -1
460, 1, 1, 0, 6, 2, -42229.3, 1, -1, -1
461, 1, 1, 7, 3, 2, 61424, 1, -1, -1
462, 1, 1, 6, 4, 0, 23386.7, 1, -1, -1
463, 1, 0, 5, 6, 1, 50432, 1, -1, -1
464, 1, 0, 5, 5, 1, -76810.7, 1, -1, -1
465, 1, 1, 0, 1, 2, 21568, 1, -1, -1
466, 1, 0, 8, 6, 1, -38554.7, 1, -1, -1
467, 1, 1, 2, 5, 1, 41258.7, 1, -1, -1
468, 1, 1, 1, 0, 2, -73018.7, 1, -1, -1
469, 1, 1, 1, 1, 2, 56512, 1, -1, -1
470, 1, 0, 8, 2, 1, -74053.3, 1, -1, -1
471, 1, 0, 4, 2, 1, -1386.67, 1, -1, -1
472, 1, 0, 2, 4, 0, 77130.7, 1, -1, -1
473, 1, 1, 1, 4, 0, 23370.7, 1, -1, -1
474, 1, 0, 0, 5, 2, 69690.7, 1, -1, -1
475, 1, 1, 4, 2, 1, 32789.3, 1, -1, -1
476, 1, 1, 1, 6, 1, 69456, 1, -1, -1
477, 1, 0, 8, 3, 0, 14810.7, 1, -1, -1
478, 1, 0, 4, 0, 1, 23594.7, 1, -1, -1
479, 1, 1, 4, 7, 1, 33365.3, 1, -1, -1
480, 1, 1, 8, 4, 1, -72730.7, 1, -1, -1
481, 1, 0, 4, 1, 1, -53242.7, 1, -1, -1
482, 1, 1, 1, 1, 1, -21424, 1, -1, -1
483, 1, 0, 0, 4, 0, -17632, 1, -1, -1
484, 1, 0, 3, 1, 2, -17680, 1, -1, -1
485, 1, 0, 1, 2, 1, -5530.67, 1, -1, -1
486, 1, 0, 1, 1, 1, -33408, 1, -1, -1
487, 0, 1, 3, 5, 0, -54128, 0, -1, -1
488, 0, 0, 6, 8, 0, -73258.7, 0, -1, -1
489, 0, 1, 2, 3, 0, -43754.7, 0, -1, -1
490, 0, 0, 6, 1, 0, 54821.3, 0, -1, -1
491, 0, 0, 0, 3, 0, -70149.3, 0, -1, -1
492, 0, 0, 5, 8, 0, 72128, 0, -1, -1
493, 0, 1, 3, 1, 0, 23594.7, 0, -1, -1
494, 0, 1, 7, 2, 0, -71338.7, 0, -1, -1
495, 0, 0, 3, 6, 0, -72330.7, 0, -1, -1
496, 0, 1, 4, 5, 0, 56544, 0, -1, -1
497, 0, 0, 2, 6, 0, 72858.7, 0, -1, -1
498, 0, 0, 6, 3, 0, 70282.7, 0, -1, -1
499, 0, 1, 0, 7, 0, -40069.3, 0, -1, -1
500, 0, 1, 8, 7, 0, -28592, 0, -1, -1
501, 0, 0, 2, 8, 0, 9253.33, 0, -1, -1
502, 0, 1, 7, 8, 0, -69674.7, 0, -1, -1
503, 0, 1, 7, 6, 0, 56469.3, 0, -1, -1
504, 0, 1, 1, 7, 0, 58394.7, 0, -1, -1
505, 0, 1, 7, 3, 0, 31216, 0, -1, -1
506, 0, 0, 5, 6, 0, -33744, 0, -1, -1
507, 0, 1, 1, 5, 0, 42133.3, 0, -1, -1
508, 0, 0, 0, 8, 0, -4138.67, 0, -1, -1
509, 0, 1, 6, 7, 0, -810.666, 0, -1, -1
510, 0, 0, 3, 1, 0, -60480, 0, -1, -1
511, 0, 1, 3, 7, 0, -1386.67, 0, -1, -1
512, 0, 1, 3, 0, 0, -79722.7, 0, -1, -1
513, 0, 1, 4, 3, 0, 73786.7, 0, -1, -1
514, 0, 1, 3, 4, 0, -53242.7, 0, -1, -1
515, 0, 0, 8, 4, 0, -45440, 0, -1, -1
516, 0, 1, 0, 1, 0, -72197.3, 0, -1, -1
517, 0, 0, 4, 3, 0, -25168, 0, -1, -1
518, 0, 0, 2, 5, 0, -75616, 0, -1, -1
519, 0, 0, 4, 1, 0, -13765.3, 0, -1, -1
520, 0, 0, 5, 0, 0, -75093.3, 0, -1, -1
521, 0, 1, 5, 0, 0, 47637.3, 0, -1, -1
522, 0, 0, 6, 6, 0, -12901.3, 0, -1, -1
523, 0, 1, 4, 6, 0, 50101.3, 0, -1, -1
524, 0, 1, 7, 0, 0, -6373.33, 0, -1, -1
525, 0, 0, 7, 3, 0, 77130.7, 0, -1, -1
526, 0, 1, 3, 6, 0, -56341.3, 0, -1, -1
527, 0, 0, 5, 5, 0, -41045.3, 0, -1, -1
528, 0, 0, 1, 8, 0, 69690.7, 0, -1, -1
529, 0, 0, 8, 5, 0, 64522.7, 0, -1, -1
530, 0, 0, 4, 2, 0, -38229.3, 0, -1, -1
531, 0, 1, 8, 2, 0, -36378.7, 0, -1, -1
532, 0, 0, 3, 8, 0, -76453.3, 0, -1, -1
533, 0, 0, 6, 4, 0, 5274.67, 0, -1, -1
534, 0, 1, 6, 6, 0, 47664, 0, -1, -1
535, 0, 1, 5, 1, 0, 57808, 0, -1, -1
536, 0, 0, 1, 0, 0, 11968, 0, -1, -1
537, 0, 0, 0, 0, 0, 1093.33, 0, -1, -1
538, 0, 0, 7, 7, 0, 73344, 0, -1, -1
539, 0, 0, 4, 0, 0, 43637.3, 0, -1, -1
540, 0, 0, 7, 8, 0, -8032, 0, -1, -1
541, 0, 1, 2, 0, 0, 28293.3, 0, -1, -1
542, 0, 1, 1, 3, 0, -21397.3, 0, -1, -1
543, 0, 1, 7, 7, 0, -76810.7, 0, -1, -1
544, 0, 0, 7, 5, 0, -54538.7, 0, -1, -1
545, 0, 0, 5, 3, 0, -13525.3, 0, -1, -1
546, 0, 0, 7, 6, 0, 78949.3, 0, -1, -1
547, 0, 0, 2, 1, 0, -18224, 0, -1, -1
548, 0, 1, 6, 4, 0, 72026.7, 0, -1, -1
549, 0, 1, 4, 8, 0, -2634.67, 0, -1, -1
550, 0, 1, 4, 2, 0, 53797.3, 0, -1, -1
551, 0, 1, 8, 5, 0, -34170.7, 0, -1, -1
552, 0, 1, 7, 1, 0, -77792, 0, -1, -1
553, 0, 1, 6, 0, 0, -36512, 0, -1, -1
554, 0, 0, 0, 4, 0, -57077.3, 0, -1, -1
555, 0, 1, 0, 2, 0, 55424, 0, -1, -1
556, 0, 1, 6, 8, 0, -42714.7, 0, -1, -1
557, 0, 1, 8, 4, 0, -77738.7, 0, -1, -1
558, 0, 1, 0, 6, 0, -66293.3, 0, -1, -1
559, 0, 0, 1, 1, 0, -40848, 0, -1, -1
560, 0, 0, 2, 3, 0, 16394.7, 0, -1, -1
561, 0, 0, 3, 3, 0, -54357.3, 0, -1, -1
562, 0, 1, 2, 1, 0, 37221.3, 0, -1, -1
563, 0, 1, 8, 8, 0, 8053.33, 0, -1, -1
564, 0, 0, 1, 3, 0, -17632, 0, -1, -1
565, 0, 1, 5, 3, 0, -76208, 0, -1, -1
566, 0, 0, 8, 1, 0, 74149.3, 0, -1, -1
567, 0, 1, 4, 1, 0, 3994.67, 0, -1, -1
568, 0, 0, 8, 6, 0, -52394.7, 0, -1, -1
569, 0, 0, 2, 2, 0, -42592, 0, -1, -1
570, 0, 1, 0, 3, 0, 22106.7, 0, -1, -1
571, 0, 0, 6, 7, 0, 25072, 0, -1, -1
572, 0, 0, 4, 8, 0, -62698.7, 0, -1, -1
573, 0, 0, 5, 1, 0, -65749.3, 0, -1, -1
574, 0, 1, 1, 6, 0, 76906.7, 0, -1, -1
575, 0, 0, 8, 3, 0, -12949.3, 0, -1, -1
576, 0, 0, 4, 7, 0, 23904, 0, -1, -1
577, 0, 1, 5, 8, 0, 35125.3, 0, -1, -1
578, 0, 1, 2, 7, 0, 50133.3, 0, -1, -1
579, 0, 1, 1, 4, 0, 43360, 0, -1, -1
580, 0, 0, 6, 0, 0, -75498.7, 0, -1, -1
581, 0, 0, 4, 5, 0, 55520, 0, -1, -1
582, 0, 0, 3, 4, 0, -33408, 0, -1, -1
583, 0, 1, 0, 4, 0, 41274.7, 0, -1, -1
584, 0, 1, 4, 4, 0, -39456, 0, -1, -1
585, 0, 0, 6, 2, 0, -52538.7, 0, -1, -1
586, 0, 1, 5, 7, 0, -20448, 0, -1, -1
587, 0, 0, 8, 8, 0, -24549.3, 0, -1, -1
588, 0, 0, 7, 4, 0, 38464, 0, -1, -1
589, 0, 0, 8, 2, 0, -79258.7, 0, -1, -1
590, 0, 1, 1, 0, 0, -73413.3, 0, -1, -1
591, 0, 0, 0, 5, 0, -46053.3, 0, -1, -1
592, 0, 0, 1, 7, 0, -71322.7, 0, -1, -1
593, 0, 1, 5, 6, 0, -51386.7, 0, -1, -1
594, 0, 0, 0, 1, 0, -59045.3, 0, -1, -1
595, 0, 1, 6, 5, 0, -49034.7, 0, -1, -1
596, 0, 0, 0, 2, 0, -1141.33, 0, -1, -1
597, 0, 0, 1, 5, 0, -36282.7, 0, -1, -1
598, 0, 1, 8, 1, 0, 50432, 0, -1, -1
599, 0, 1, 0, 0, 0, 9429.33, 0, -1, -1
600, 0, 0, 8, 7, 0, 44064, 0, -1, -1
601, 0, 1, 5, 2, 0, 12565.3, 0, -1, -1
602, 0, 1, 2, 2, 0, -16874.7, 0, -1, -1
603, 0, 0, 3, 0, 0, -62277.3, 0, -1, -1
604, 0, 1, 2, 6, 0, -202.665, 0, -1, -1
605, 0, 0, 1, 6, 0, 65648, 0, -1, -1
606, 0, 0, 8, 0, 0, -19658.7, 0, -1, -1
607, 0, 1, 0, 5, 0, -17680, 0, -1, -1
608, 0, 1, 8, 0, 0, -70176, 0, -1, -1
609, 0, 1, 6, 3, 0, 68784, 0, -1, -1
610, 0, 0, 4, 6, 0, 16522.7, 0, -1, -1
611, 0, 0, 6, 5, 0, -74506.7, 0, -1, -1
612, 0, 1, 6, 2, 0, 32016, 0, -1, -1
613, 0, 1, 7, 5, 0, -36293.3, 0, -1, -1
614, 0, 1, 8, 6, 0, -5125.33, 0, -1, -1
615, 0, 0, 3, 7, 0, -5530.67, 0, -1, -1
616, 0, 0, 2, 4, 0, -78021.3, 0, -1, -1
617, 0, 1, 5, 5, 0, -27232, 0, -1, -1
618, 0, 0, 0, 6, 0, 54293.3, 0, -1, -1
619, 0, 1, 8, 3, 0, 36133.3, 0, -1, -1
620, 0, 1, 6, 1, 0, -67306.7, 0, -1, -1
621, 0, 0, 5, 4, 0, -655.999, 0, -1, -1
622, 0, 1, 3, 2, 0, -18021.3, 0, -1, -1
623, 0, 0, 1, 2, 0, 69221.3, 0, -1, -1
624, 0, 1, 5, 4, 0, 9530.67, 0, -1, -1
625, 0, 0, 7, 2, 0, -10245.3, 0, -1, -1
626, 0, 1, 7, 4, 0, 75893.3, 0, -1, -1
627, 0, 0, 4, 4, 0, 57845.3, 0, -1, -1
628, 0, 1, 2, 4, 0, -67749.3, 0, -1, -1
629, 0, 0, 0, 7, 0, -63050.7, 0, -1, -1
630, 0, 1, 4, 0, 0, 27136, 0, -1, -1
631, 0, 0, 3, 2, 0, -33418.7, 0, -1, -1
632, 0, 1, 1, 8, 0, -69189.3, 0, -1, -1
633, 0, 1, 2, 5, 0, -24640, 0, -1, -1
634, 0, 0, 7, 1, 0, 57562.7, 0, -1, -1
635, 0, 0, 2, 0, 0, -74970.7, 0, -1, -1
636, 0, 1, 3, 3, 0, 66912, 0, -1, -1
637, 0, 0, 7, 0, 0, 27157.3, 0, -1, -1
638, 0, 0, 3, 5, 0, 49712, 0, -1, -1
639, 0, 0, 5, 7, 0, 31930.7, 0, -1, -1
640, 0, 1, 1, 2, 0, -69034.7, 0, -1, -1
641, 0, 1, 4, 7, 0, -38026.7, 0, -1, -1
642, 0, 0, 1, 4, 0, 4656, 0, -1, -1
643, 0, 1, 1, 1, 0, -16042.7, 0, -1, -1
644, 0, 1, 2, 8, 0, -42149.3, 0, -1, -1
645, 0, 1, 3, 8, 0, 24570.7, 0, -1, -1
646, 0, 0, 5, 2, 0, -79994.7, 0, -1, -1
647, 0, 1, 0, 8, 0, -65722.7, 0, -1, -1
648, 0, 0, 2, 7, 0, -75040, 0, -1, -1
----------------------

