OctaneSinglePotato trial list
----------------------

Trial Number | Haptic Presence | Environment | Glossiness | Depth | Conflict | Timer 1 | Timer 2 | Timer 3 | GlossResult | DepthResult
----------------------
1, 1, 0, 0, 1, 1, 71738.7, 1, -1, -1
2, 1, 0, 8, 0, 0, -6037.34, 1, -1, -1
3, 1, 0, 4, 6, 1, 30320, 1, -1, -1
4, 1, 0, 2, 6, 0, 18490.7, 1, -1, -1
5, 1, 0, 7, 5, 1, -61397.3, 1, -1, -1
6, 1, 1, 6, 6, 0, 56186.7, 1, -1, -1
7, 1, 0, 5, 4, 1, 38826.7, 1, -1, -1
8, 1, 1, 5, 7, 2, -41989.3, 1, -1, -1
9, 1, 1, 2, 7, 1, -39525.3, 1, -1, -1
10, 1, 0, 1, 7, 1, -75525.3, 1, -1, -1
11, 1, 0, 1, 6, 2, 53450.7, 1, -1, -1
12, 1, 0, 1, 6, 1, 48181.3, 1, -1, -1
13, 1, 1, 3, 0, 1, -40576, 1, -1, -1
14, 1, 0, 2, 2, 0, 24618.7, 1, -1, -1
15, 1, 0, 0, 2, 2, -73264, 1, -1, -1
16, 1, 1, 2, 0, 0, 9173.34, 1, -1, -1
17, 1, 1, 1, 4, 2, -74090.7, 1, -1, -1
18, 1, 1, 6, 2, 2, 39616, 1, -1, -1
19, 1, 0, 1, 4, 0, 73616, 1, -1, -1
20, 1, 0, 8, 1, 0, -16192, 1, -1, -1
21, 1, 1, 4, 1, 2, 62186.7, 1, -1, -1
22, 1, 0, 4, 1, 1, 23338.7, 1, -1, -1
23, 1, 0, 1, 1, 0, -45066.7, 1, -1, -1
24, 1, 0, 2, 2, 2, 32560, 1, -1, -1
25, 1, 0, 0, 8, 0, -77722.7, 1, -1, -1
26, 1, 0, 3, 8, 2, -18154.7, 1, -1, -1
27, 1, 0, 1, 5, 0, -78496, 1, -1, -1
28, 1, 0, 7, 0, 0, 26362.7, 1, -1, -1
29, 1, 1, 2, 2, 0, -73381.3, 1, -1, -1
30, 1, 0, 5, 6, 2, 38714.7, 1, -1, -1
31, 1, 1, 2, 1, 0, -66373.3, 1, -1, -1
32, 1, 0, 7, 3, 0, -67056, 1, -1, -1
33, 1, 0, 6, 4, 1, 11514.7, 1, -1, -1
34, 1, 1, 2, 0, 2, -1989.33, 1, -1, -1
35, 1, 0, 0, 0, 1, 46906.7, 1, -1, -1
36, 1, 0, 6, 5, 1, -50181.3, 1, -1, -1
37, 1, 1, 4, 3, 0, -73472, 1, -1, -1
38, 1, 1, 0, 5, 1, -18154.7, 1, -1, -1
39, 1, 0, 8, 0, 2, -58608, 1, -1, -1
40, 1, 0, 2, 4, 1, 40170.7, 1, -1, -1
41, 1, 1, 6, 3, 0, 8080, 1, -1, -1
42, 1, 0, 1, 4, 2, 28304, 1, -1, -1
43, 1, 0, 4, 7, 2, -49338.7, 1, -1, -1
44, 1, 0, 0, 1, 0, 853.329, 1, -1, -1
45, 1, 1, 0, 6, 1, 67333.3, 1, -1, -1
46, 1, 1, 6, 1, 1, 75040, 1, -1, -1
47, 1, 0, 6, 7, 1, -46154.7, 1, -1, -1
48, 1, 0, 5, 8, 1, -68922.7, 1, -1, -1
49, 1, 0, 1, 0, 1, -76901.3, 1, -1, -1
50, 1, 1, 0, 6, 2, -22240, 1, -1, -1
51, 1, 1, 5, 1, 2, 12138.7, 1, -1, -1
52, 1, 1, 5, 2, 0, -47226.7, 1, -1, -1
53, 1, 1, 2, 1, 2, 55994.7, 1, -1, -1
54, 1, 0, 8, 6, 0, -62128, 1, -1, -1
55, 1, 1, 6, 6, 2, 67584, 1, -1, -1
56, 1, 0, 2, 8, 1, 51834.7, 1, -1, -1
57, 1, 0, 3, 7, 0, -50421.3, 1, -1, -1
58, 1, 1, 4, 8, 0, 66474.7, 1, -1, -1
59, 1, 0, 6, 8, 2, 64949.3, 1, -1, -1
60, 1, 0, 8, 2, 1, 3989.33, 1, -1, -1
61, 1, 0, 5, 5, 0, 35317.3, 1, -1, -1
62, 1, 1, 3, 7, 0, 15514.7, 1, -1, -1
63, 1, 1, 6, 7, 0, -48208, 1, -1, -1
64, 1, 0, 6, 5, 2, -66176, 1, -1, -1
65, 1, 1, 5, 7, 0, -1381.34, 1, -1, -1
66, 1, 0, 7, 7, 1, 17946.7, 1, -1, -1
67, 1, 0, 6, 0, 2, 48864, 1, -1, -1
68, 1, 1, 4, 7, 0, 46741.3, 1, -1, -1
69, 1, 1, 8, 3, 0, -6400, 1, -1, -1
70, 1, 0, 1, 3, 1, -72981.3, 1, -1, -1
71, 1, 1, 0, 8, 2, -52352, 1, -1, -1
72, 1, 1, 8, 4, 2, 65600, 1, -1, -1
73, 1, 1, 8, 8, 0, -28122.7, 1, -1, -1
74, 1, 1, 1, 3, 2, -19109.3, 1, -1, -1
75, 1, 0, 2, 8, 0, 2826.66, 1, -1, -1
76, 1, 0, 8, 2, 0, -70229.3, 1, -1, -1
77, 1, 1, 0, 7, 1, 55856, 1, -1, -1
78, 1, 0, 7, 6, 0, 33381.3, 1, -1, -1
79, 1, 0, 4, 5, 0, -34570.7, 1, -1, -1
80, 1, 0, 3, 3, 2, 22890.7, 1, -1, -1
81, 1, 1, 5, 6, 2, 50757.3, 1, -1, -1
82, 1, 1, 1, 7, 0, 19994.7, 1, -1, -1
83, 1, 1, 1, 5, 1, -50010.7, 1, -1, -1
84, 1, 1, 2, 8, 0, 43520, 1, -1, -1
85, 1, 0, 0, 0, 2, 21370.7, 1, -1, -1
86, 1, 0, 6, 2, 1, 37040, 1, -1, -1
87, 1, 1, 4, 3, 1, 30837.3, 1, -1, -1
88, 1, 1, 0, 1, 2, -49968, 1, -1, -1
89, 1, 0, 1, 2, 1, -79930.7, 1, -1, -1
90, 1, 1, 7, 5, 0, -74085.3, 1, -1, -1
91, 1, 0, 0, 4, 1, 41866.7, 1, -1, -1
92, 1, 0, 1, 5, 1, -78346.7, 1, -1, -1
93, 1, 1, 2, 3, 0, -50069.3, 1, -1, -1
94, 1, 1, 6, 7, 1, 74533.3, 1, -1, -1
95, 1, 0, 5, 3, 0, -68784, 1, -1, -1
96, 1, 0, 2, 3, 0, 71888, 1, -1, -1
97, 1, 0, 3, 2, 0, 11541.3, 1, -1, -1
98, 1, 0, 6, 4, 0, -68650.7, 1, -1, -1
99, 1, 0, 6, 1, 0, 39589.3, 1, -1, -1
100, 1, 1, 1, 1, 2, 36517.3, 1, -1, -1
101, 1, 0, 5, 3, 2, -9152, 1, -1, -1
102, 1, 0, 4, 6, 2, -36522.7, 1, -1, -1
103, 1, 1, 0, 0, 2, 33445.3, 1, -1, -1
104, 1, 1, 3, 3, 0, 71381.3, 1, -1, -1
105, 1, 1, 8, 1, 2, 65013.3, 1, -1, -1
106, 1, 1, 6, 3, 2, -15274.7, 1, -1, -1
107, 1, 1, 8, 2, 0, 41253.3, 1, -1, -1
108, 1, 0, 3, 0, 1, 61184, 1, -1, -1
109, 1, 0, 3, 4, 1, -20997.3, 1, -1, -1
110, 1, 0, 0, 7, 0, -69221.3, 1, -1, -1
111, 1, 0, 1, 3, 0, 72586.7, 1, -1, -1
112, 1, 0, 0, 6, 1, -21690.7, 1, -1, -1
113, 1, 0, 0, 8, 1, -41088, 1, -1, -1
114, 1, 0, 4, 8, 2, 67989.3, 1, -1, -1
115, 1, 0, 2, 7, 2, -66085.3, 1, -1, -1
116, 1, 0, 5, 0, 1, -4186.67, 1, -1, -1
117, 1, 0, 2, 6, 1, 1728, 1, -1, -1
118, 1, 0, 6, 3, 2, 68202.7, 1, -1, -1
119, 1, 1, 6, 4, 0, -21210.7, 1, -1, -1
120, 1, 1, 4, 7, 2, 64410.7, 1, -1, -1
121, 1, 1, 8, 7, 0, 23285.3, 1, -1, -1
122, 1, 1, 7, 2, 1, -48288, 1, -1, -1
123, 1, 1, 2, 3, 2, -74277.3, 1, -1, -1
124, 1, 0, 7, 2, 1, 21344, 1, -1, -1
125, 1, 1, 0, 6, 0, -21941.3, 1, -1, -1
126, 1, 0, 1, 8, 1, 66048, 1, -1, -1
127, 1, 1, 5, 8, 0, 5952, 1, -1, -1
128, 1, 0, 5, 1, 0, -73616, 1, -1, -1
129, 1, 1, 7, 1, 2, -2154.67, 1, -1, -1
130, 1, 1, 1, 6, 0, 32341.3, 1, -1, -1
131, 1, 0, 8, 5, 0, 57701.3, 1, -1, -1
132, 1, 1, 3, 5, 0, 15098.7, 1, -1, -1
133, 1, 0, 1, 2, 2, -72421.3, 1, -1, -1
134, 1, 1, 0, 8, 1, -58565.3, 1, -1, -1
135, 1, 0, 4, 2, 2, -63669.3, 1, -1, -1
136, 1, 0, 4, 2, 0, -8992, 1, -1, -1
137, 1, 0, 2, 4, 0, 34261.3, 1, -1, -1
138, 1, 1, 7, 1, 1, -39696, 1, -1, -1
139, 1, 0, 7, 4, 0, -53898.7, 1, -1, -1
140, 1, 0, 1, 4, 1, 10490.7, 1, -1, -1
141, 1, 0, 4, 8, 0, -76645.3, 1, -1, -1
142, 1, 0, 4, 3, 0, 14394.7, 1, -1, -1
143, 1, 0, 5, 2, 1, 4912, 1, -1, -1
144, 1, 1, 5, 0, 2, 35034.7, 1, -1, -1
145, 1, 0, 6, 3, 0, -33834.7, 1, -1, -1
146, 1, 1, 3, 5, 2, -12160, 1, -1, -1
147, 1, 1, 1, 8, 0, -37200, 1, -1, -1
148, 1, 1, 0, 2, 2, 59472, 1, -1, -1
149, 1, 0, 8, 6, 2, 71978.7, 1, -1, -1
150, 1, 0, 6, 8, 1, 11770.7, 1, -1, -1
151, 1, 0, 6, 2, 2, -60789.3, 1, -1, -1
152, 1, 0, 3, 6, 1, -4933.33, 1, -1, -1
153, 1, 0, 2, 0, 1, 47882.7, 1, -1, -1
154, 1, 0, 6, 8, 0, 72416, 1, -1, -1
155, 1, 0, 7, 6, 2, -15274.7, 1, -1, -1
156, 1, 0, 3, 1, 2, 26746.7, 1, -1, -1
157, 1, 0, 0, 7, 1, -32304, 1, -1, -1
158, 1, 0, 5, 3, 1, -74453.3, 1, -1, -1
159, 1, 0, 6, 2, 0, -25216, 1, -1, -1
160, 1, 1, 1, 2, 0, -68341.3, 1, -1, -1
161, 1, 1, 1, 7, 2, -45973.3, 1, -1, -1
162, 1, 0, 8, 6, 1, -74528, 1, -1, -1
163, 1, 1, 7, 8, 0, -47056, 1, -1, -1
164, 1, 0, 5, 7, 2, -1280, 1, -1, -1
165, 1, 0, 7, 8, 1, 29253.3, 1, -1, -1
166, 1, 0, 7, 0, 1, -36469.3, 1, -1, -1
167, 1, 0, 6, 7, 2, -46368, 1, -1, -1
168, 1, 1, 8, 8, 1, -70741.3, 1, -1, -1
169, 1, 1, 1, 1, 0, 43408, 1, -1, -1
170, 1, 1, 2, 1, 1, -28650.7, 1, -1, -1
171, 1, 0, 8, 7, 2, -20954.7, 1, -1, -1
172, 1, 1, 7, 3, 1, 29546.7, 1, -1, -1
173, 1, 1, 5, 4, 1, 19728, 1, -1, -1
174, 1, 0, 8, 4, 2, -69637.3, 1, -1, -1
175, 1, 0, 8, 0, 1, -22357.3, 1, -1, -1
176, 1, 1, 2, 5, 1, 24037.3, 1, -1, -1
177, 1, 1, 2, 7, 0, -60800, 1, -1, -1
178, 1, 0, 5, 7, 0, -77130.7, 1, -1, -1
179, 1, 0, 5, 1, 1, 47893.3, 1, -1, -1
180, 1, 1, 6, 3, 1, -24842.7, 1, -1, -1
181, 1, 0, 6, 6, 2, 58501.3, 1, -1, -1
182, 1, 0, 4, 8, 1, 65200, 1, -1, -1
183, 1, 0, 1, 0, 2, -78458.7, 1, -1, -1
184, 1, 1, 1, 0, 0, -73194.7, 1, -1, -1
185, 1, 0, 0, 3, 1, 2181.33, 1, -1, -1
186, 1, 0, 8, 1, 2, -7861.33, 1, -1, -1
187, 1, 1, 0, 1, 1, -48917.3, 1, -1, -1
188, 1, 1, 0, 2, 0, -1168, 1, -1, -1
189, 1, 1, 4, 2, 0, 69221.3, 1, -1, -1
190, 1, 1, 1, 6, 1, -9360, 1, -1, -1
191, 1, 1, 7, 1, 0, -77690.7, 1, -1, -1
192, 1, 0, 4, 7, 1, -42336, 1, -1, -1
193, 1, 0, 2, 5, 0, -60848, 1, -1, -1
194, 1, 1, 1, 0, 2, -47562.7, 1, -1, -1
195, 1, 1, 3, 4, 0, 63728, 1, -1, -1
196, 1, 1, 0, 3, 1, -45306.7, 1, -1, -1
197, 1, 0, 8, 1, 1, 60266.7, 1, -1, -1
198, 1, 0, 6, 3, 1, 72458.7, 1, -1, -1
199, 1, 0, 4, 4, 2, -3845.33, 1, -1, -1
200, 1, 1, 6, 4, 1, 51088, 1, -1, -1
201, 1, 1, 2, 8, 2, 7637.33, 1, -1, -1
202, 1, 1, 5, 3, 1, -38656, 1, -1, -1
203, 1, 1, 7, 7, 2, -69669.3, 1, -1, -1
204, 1, 1, 2, 2, 1, -77440, 1, -1, -1
205, 1, 1, 8, 5, 1, -27360, 1, -1, -1
206, 1, 0, 0, 1, 2, 65482.7, 1, -1, -1
207, 1, 1, 4, 5, 0, -5296, 1, -1, -1
208, 1, 1, 3, 8, 2, -24933.3, 1, -1, -1
209, 1, 1, 0, 3, 0, -11952, 1, -1, -1
210, 1, 1, 5, 7, 1, -17189.3, 1, -1, -1
211, 1, 1, 4, 5, 2, -35669.3, 1, -1, -1
212, 1, 0, 3, 1, 0, 55098.7, 1, -1, -1
213, 1, 1, 7, 7, 1, -70794.7, 1, -1, -1
214, 1, 1, 3, 1, 1, 63856, 1, -1, -1
215, 1, 1, 2, 0, 1, 72186.7, 1, -1, -1
216, 1, 1, 8, 4, 0, 60170.7, 1, -1, -1
217, 1, 0, 3, 7, 1, 50138.7, 1, -1, -1
218, 1, 1, 0, 1, 0, -67056, 1, -1, -1
219, 1, 1, 7, 0, 2, -28725.3, 1, -1, -1
220, 1, 1, 2, 8, 1, -68437.3, 1, -1, -1
221, 1, 0, 5, 1, 2, -41306.7, 1, -1, -1
222, 1, 1, 4, 1, 0, -47578.7, 1, -1, -1
223, 1, 1, 0, 0, 0, -73818.7, 1, -1, -1
224, 1, 0, 3, 2, 1, -47290.7, 1, -1, -1
225, 1, 1, 6, 0, 2, -76864, 1, -1, -1
226, 1, 0, 0, 8, 2, -14693.3, 1, -1, -1
227, 1, 0, 1, 8, 2, 54085.3, 1, -1, -1
228, 1, 1, 4, 8, 2, -20917.3, 1, -1, -1
229, 1, 0, 8, 8, 0, -63098.7, 1, -1, -1
230, 1, 1, 7, 4, 0, -15157.3, 1, -1, -1
231, 1, 1, 8, 3, 1, -12853.3, 1, -1, -1
232, 1, 1, 7, 0, 0, 24325.3, 1, -1, -1
233, 1, 1, 1, 3, 0, -38544, 1, -1, -1
234, 1, 1, 7, 4, 1, 59349.3, 1, -1, -1
235, 1, 1, 4, 2, 1, -74192, 1, -1, -1
236, 1, 1, 2, 6, 0, -66144, 1, -1, -1
237, 1, 0, 5, 4, 0, -58704, 1, -1, -1
238, 1, 1, 3, 5, 1, -5637.33, 1, -1, -1
239, 1, 0, 1, 1, 1, -30469.3, 1, -1, -1
240, 1, 1, 6, 4, 2, -71194.7, 1, -1, -1
241, 1, 0, 5, 0, 2, -23130.7, 1, -1, -1
242, 1, 1, 2, 7, 2, 72880, 1, -1, -1
243, 1, 1, 1, 2, 2, -42992, 1, -1, -1
244, 1, 1, 6, 2, 0, -78912, 1, -1, -1
245, 1, 0, 3, 1, 1, 68261.3, 1, -1, -1
246, 1, 0, 8, 7, 1, 38261.3, 1, -1, -1
247, 1, 1, 5, 8, 1, 59162.7, 1, -1, -1
248, 1, 1, 4, 2, 2, 3701.33, 1, -1, -1
249, 1, 1, 2, 4, 2, 74117.3, 1, -1, -1
250, 1, 1, 6, 0, 1, 19477.3, 1, -1, -1
251, 1, 1, 7, 5, 1, -24778.7, 1, -1, -1
252, 1, 1, 4, 6, 1, -79082.7, 1, -1, -1
253, 1, 0, 5, 6, 0, -75114.7, 1, -1, -1
254, 1, 0, 7, 7, 0, 46480, 1, -1, -1
255, 1, 1, 5, 2, 1, -66725.3, 1, -1, -1
256, 1, 1, 5, 6, 1, -62586.7, 1, -1, -1
257, 1, 0, 6, 7, 0, -64037.3, 1, -1, -1
258, 1, 0, 5, 8, 0, -61296, 1, -1, -1
259, 1, 1, 4, 6, 2, -2906.67, 1, -1, -1
260, 1, 0, 8, 3, 0, -3488, 1, -1, -1
261, 1, 0, 1, 7, 2, 77440, 1, -1, -1
262, 1, 0, 1, 6, 0, -69088, 1, -1, -1
263, 1, 1, 0, 7, 2, -15194.7, 1, -1, -1
264, 1, 1, 8, 6, 1, -35285.3, 1, -1, -1
265, 1, 1, 4, 4, 1, -15173.3, 1, -1, -1
266, 1, 1, 5, 4, 2, -30810.7, 1, -1, -1
267, 1, 1, 3, 1, 0, -65840, 1, -1, -1
268, 1, 0, 3, 4, 0, 23610.7, 1, -1, -1
269, 1, 0, 7, 3, 2, 72048, 1, -1, -1
270, 1, 0, 3, 3, 0, 57077.3, 1, -1, -1
271, 1, 1, 8, 7, 1, 69066.7, 1, -1, -1
272, 1, 1, 7, 3, 0, 75936, 1, -1, -1
273, 1, 0, 2, 6, 2, 33541.3, 1, -1, -1
274, 1, 0, 2, 8, 2, 67541.3, 1, -1, -1
275, 1, 0, 5, 8, 2, -76181.3, 1, -1, -1
276, 1, 0, 3, 0, 0, -73616, 1, -1, -1
277, 1, 0, 2, 2, 1, 29845.3, 1, -1, -1
278, 1, 0, 3, 0, 2, 50624, 1, -1, -1
279, 1, 0, 3, 8, 1, -52480, 1, -1, -1
280, 1, 1, 4, 0, 1, 26090.7, 1, -1, -1
281, 1, 0, 4, 0, 0, -14496, 1, -1, -1
282, 1, 0, 4, 3, 1, 1653.34, 1, -1, -1
283, 1, 1, 0, 4, 0, 71210.7, 1, -1, -1
284, 1, 0, 6, 1, 2, 73392, 1, -1, -1
285, 1, 1, 3, 2, 2, -44842.7, 1, -1, -1
286, 1, 1, 7, 8, 1, -16229.3, 1, -1, -1
287, 1, 0, 2, 0, 2, 30613.3, 1, -1, -1
288, 1, 1, 8, 5, 0, 4288, 1, -1, -1
289, 1, 0, 7, 8, 0, 41274.7, 1, -1, -1
290, 1, 1, 6, 0, 0, -45893.3, 1, -1, -1
291, 1, 0, 6, 1, 1, -11322.7, 1, -1, -1
292, 1, 1, 7, 6, 2, 79157.3, 1, -1, -1
293, 1, 0, 5, 5, 1, 12714.7, 1, -1, -1
294, 1, 1, 1, 2, 1, -74464, 1, -1, -1
295, 1, 1, 3, 2, 0, -72250.7, 1, -1, -1
296, 1, 1, 6, 1, 2, -64090.7, 1, -1, -1
297, 1, 1, 4, 8, 1, 7786.67, 1, -1, -1
298, 1, 1, 8, 4, 1, -73893.3, 1, -1, -1
299, 1, 1, 8, 2, 2, 12042.7, 1, -1, -1
300, 1, 0, 1, 1, 2, -60250.7, 1, -1, -1
301, 1, 1, 7, 6, 1, -26517.3, 1, -1, -1
302, 1, 1, 8, 1, 1, -71909.3, 1, -1, -1
303, 1, 1, 3, 6, 1, -43866.7, 1, -1, -1
304, 1, 0, 2, 4, 2, -12602.7, 1, -1, -1
305, 1, 0, 5, 2, 2, -41706.7, 1, -1, -1
306, 1, 0, 0, 2, 1, -75829.3, 1, -1, -1
307, 1, 0, 0, 6, 0, 30506.7, 1, -1, -1
308, 1, 0, 7, 7, 2, 44901.3, 1, -1, -1
309, 1, 0, 5, 0, 0, 8709.33, 1, -1, -1
310, 1, 0, 4, 3, 2, 5210.67, 1, -1, -1
311, 1, 1, 4, 7, 1, -41530.7, 1, -1, -1
312, 1, 0, 7, 1, 0, 18501.3, 1, -1, -1
313, 1, 0, 8, 4, 1, 5706.66, 1, -1, -1
314, 1, 0, 2, 1, 1, 29696, 1, -1, -1
315, 1, 1, 4, 4, 0, 59872, 1, -1, -1
316, 1, 1, 1, 4, 1, -623.999, 1, -1, -1
317, 1, 0, 8, 3, 2, 16533.3, 1, -1, -1
318, 1, 0, 4, 2, 1, 52352, 1, -1, -1
319, 1, 1, 4, 5, 1, -45749.3, 1, -1, -1
320, 1, 0, 3, 6, 2, -41594.7, 1, -1, -1
321, 1, 1, 4, 4, 2, -36368, 1, -1, -1
322, 1, 0, 0, 4, 0, -24954.7, 1, -1, -1
323, 1, 1, 7, 2, 0, 43589.3, 1, -1, -1
324, 1, 1, 3, 6, 0, 29184, 1, -1, -1
325, 1, 0, 6, 4, 2, -42133.3, 1, -1, -1
326, 1, 0, 2, 0, 0, 32394.7, 1, -1, -1
327, 1, 0, 7, 8, 2, -55525.3, 1, -1, -1
328, 1, 0, 8, 4, 0, -60602.7, 1, -1, -1
329, 1, 0, 2, 1, 2, 22496, 1, -1, -1
330, 1, 1, 7, 3, 2, -23440, 1, -1, -1
331, 1, 1, 1, 8, 1, 4773.33, 1, -1, -1
332, 1, 1, 0, 8, 0, 1072, 1, -1, -1
333, 1, 1, 6, 8, 2, 74560, 1, -1, -1
334, 1, 0, 7, 1, 2, -75914.7, 1, -1, -1
335, 1, 0, 8, 5, 2, -12768, 1, -1, -1
336, 1, 0, 4, 6, 0, -38773.3, 1, -1, -1
337, 1, 1, 0, 5, 2, 74773.3, 1, -1, -1
338, 1, 0, 3, 5, 1, -14026.7, 1, -1, -1
339, 1, 0, 7, 5, 2, 73210.7, 1, -1, -1
340, 1, 1, 8, 0, 2, -40229.3, 1, -1, -1
341, 1, 1, 5, 1, 0, 59589.3, 1, -1, -1
342, 1, 0, 8, 8, 2, 49792, 1, -1, -1
343, 1, 1, 3, 0, 2, -67466.7, 1, -1, -1
344, 1, 1, 1, 5, 2, -78336, 1, -1, -1
345, 1, 0, 3, 6, 0, 46570.7, 1, -1, -1
346, 1, 0, 6, 0, 0, 14757.3, 1, -1, -1
347, 1, 0, 1, 8, 0, -70496, 1, -1, -1
348, 1, 0, 4, 0, 2, -71797.3, 1, -1, -1
349, 1, 0, 3, 4, 2, 69781.3, 1, -1, -1
350, 1, 1, 8, 8, 2, 53381.3, 1, -1, -1
351, 1, 0, 4, 1, 0, 11397.3, 1, -1, -1
352, 1, 0, 0, 4, 2, -74266.7, 1, -1, -1
353, 1, 1, 4, 6, 0, 39504, 1, -1, -1
354, 1, 0, 6, 5, 0, -38453.3, 1, -1, -1
355, 1, 0, 0, 3, 0, -38373.3, 1, -1, -1
356, 1, 1, 0, 0, 1, 442.667, 1, -1, -1
357, 1, 0, 7, 0, 2, 47728, 1, -1, -1
358, 1, 1, 5, 3, 2, 58000, 1, -1, -1
359, 1, 0, 7, 3, 1, 17738.7, 1, -1, -1
360, 1, 0, 5, 4, 2, -2512, 1, -1, -1
361, 1, 1, 8, 7, 2, -74656, 1, -1, -1
362, 1, 1, 1, 0, 1, 71274.7, 1, -1, -1
363, 1, 1, 3, 8, 0, -72485.3, 1, -1, -1
364, 1, 1, 5, 3, 0, 64357.3, 1, -1, -1
365, 1, 1, 7, 6, 0, -5504, 1, -1, -1
366, 1, 0, 1, 2, 0, 48064, 1, -1, -1
367, 1, 0, 3, 5, 2, -33658.7, 1, -1, -1
368, 1, 1, 3, 4, 2, -41882.7, 1, -1, -1
369, 1, 1, 6, 8, 1, -33312, 1, -1, -1
370, 1, 0, 5, 6, 1, 65082.7, 1, -1, -1
371, 1, 1, 3, 7, 2, -60330.7, 1, -1, -1
372, 1, 1, 0, 4, 2, 12474.7, 1, -1, -1
373, 1, 0, 5, 5, 2, 48768, 1, -1, -1
374, 1, 0, 4, 5, 2, 36506.7, 1, -1, -1
375, 1, 1, 3, 6, 2, -64426.7, 1, -1, -1
376, 1, 1, 6, 7, 2, 29914.7, 1, -1, -1
377, 1, 0, 4, 0, 1, 28314.7, 1, -1, -1
378, 1, 1, 4, 0, 2, 70634.7, 1, -1, -1
379, 1, 1, 8, 3, 2, -36272, 1, -1, -1
380, 1, 0, 2, 5, 1, -21520, 1, -1, -1
381, 1, 1, 0, 4, 1, -70560, 1, -1, -1
382, 1, 1, 8, 6, 0, -65925.3, 1, -1, -1
383, 1, 0, 1, 3, 2, 2762.67, 1, -1, -1
384, 1, 0, 8, 2, 2, -24160, 1, -1, -1
385, 1, 0, 8, 7, 0, -15978.7, 1, -1, -1
386, 1, 1, 6, 6, 1, 13706.7, 1, -1, -1
387, 1, 0, 6, 6, 1, -3066.67, 1, -1, -1
388, 1, 1, 5, 6, 0, -74010.7, 1, -1, -1
389, 1, 0, 2, 3, 2, 75808, 1, -1, -1
390, 1, 1, 0, 2, 1, 59472, 1, -1, -1
391, 1, 0, 6, 0, 1, -48677.3, 1, -1, -1
392, 1, 0, 0, 0, 0, 52757.3, 1, -1, -1
393, 1, 1, 5, 5, 1, 27850.7, 1, -1, -1
394, 1, 0, 4, 1, 2, -64341.3, 1, -1, -1
395, 1, 0, 4, 4, 1, 26005.3, 1, -1, -1
396, 1, 1, 7, 7, 0, 65226.7, 1, -1, -1
397, 1, 1, 5, 2, 2, -24480, 1, -1, -1
398, 1, 1, 7, 8, 2, -22517.3, 1, -1, -1
399, 1, 1, 5, 4, 0, 7781.33, 1, -1, -1
400, 1, 1, 0, 3, 2, -1141.33, 1, -1, -1
401, 1, 0, 3, 3, 1, 47701.3, 1, -1, -1
402, 1, 0, 0, 3, 2, -63360, 1, -1, -1
403, 1, 1, 6, 8, 0, -18320, 1, -1, -1
404, 1, 1, 0, 7, 0, 23616, 1, -1, -1
405, 1, 1, 5, 5, 2, 28277.3, 1, -1, -1
406, 1, 1, 7, 5, 2, -7989.33, 1, -1, -1
407, 1, 1, 1, 7, 1, -16224, 1, -1, -1
408, 1, 0, 2, 3, 1, -59578.7, 1, -1, -1
409, 1, 0, 2, 7, 1, -54688, 1, -1, -1
410, 1, 1, 6, 5, 1, -75722.7, 1, -1, -1
411, 1, 0, 6, 6, 0, -23754.7, 1, -1, -1
412, 1, 0, 2, 1, 0, -68640, 1, -1, -1
413, 1, 1, 7, 2, 2, 15429.3, 1, -1, -1
414, 1, 0, 3, 7, 2, -63557.3, 1, -1, -1
415, 1, 0, 8, 8, 1, 13648, 1, -1, -1
416, 1, 0, 4, 5, 1, 62688, 1, -1, -1
417, 1, 1, 3, 2, 1, -52778.7, 1, -1, -1
418, 1, 1, 2, 4, 0, 68298.7, 1, -1, -1
419, 1, 0, 7, 5, 0, -6298.67, 1, -1, -1
420, 1, 1, 5, 1, 1, -66528, 1, -1, -1
421, 1, 1, 8, 0, 0, 76645.3, 1, -1, -1
422, 1, 1, 6, 2, 1, 65424, 1, -1, -1
423, 1, 1, 3, 3, 2, -46469.3, 1, -1, -1
424, 1, 1, 3, 3, 1, 71216, 1, -1, -1
425, 1, 1, 4, 3, 2, 33930.7, 1, -1, -1
426, 1, 0, 7, 4, 1, -16442.7, 1, -1, -1
427, 1, 1, 3, 7, 1, -11578.7, 1, -1, -1
428, 1, 1, 8, 5, 2, -67402.7, 1, -1, -1
429, 1, 1, 2, 4, 1, -33344, 1, -1, -1
430, 1, 1, 5, 8, 2, -68645.3, 1, -1, -1
431, 1, 1, 1, 3, 1, 23472, 1, -1, -1
432, 1, 0, 4, 4, 0, 44533.3, 1, -1, -1
433, 1, 1, 2, 6, 1, 50784, 1, -1, -1
434, 1, 0, 1, 7, 0, -76170.7, 1, -1, -1
435, 1, 0, 5, 7, 1, 76608, 1, -1, -1
436, 1, 1, 3, 1, 2, 15664, 1, -1, -1
437, 1, 1, 3, 4, 1, 69434.7, 1, -1, -1
438, 1, 1, 8, 2, 1, 39130.7, 1, -1, -1
439, 1, 0, 0, 5, 0, -77072, 1, -1, -1
440, 1, 0, 0, 5, 1, 3210.67, 1, -1, -1
441, 1, 0, 7, 2, 2, 60304, 1, -1, -1
442, 1, 1, 3, 0, 0, -79856, 1, -1, -1
443, 1, 1, 2, 5, 0, -37562.7, 1, -1, -1
444, 1, 1, 1, 8, 2, -68741.3, 1, -1, -1
445, 1, 0, 1, 5, 2, -36314.7, 1, -1, -1
446, 1, 1, 7, 4, 2, -15850.7, 1, -1, -1
447, 1, 1, 1, 6, 2, -22581.3, 1, -1, -1
448, 1, 1, 1, 4, 0, 54992, 1, -1, -1
449, 1, 1, 1, 1, 1, 18165.3, 1, -1, -1
450, 1, 1, 5, 0, 1, 12853.3, 1, -1, -1
451, 1, 1, 2, 2, 2, 30874.7, 1, -1, -1
452, 1, 0, 7, 6, 1, -79957.3, 1, -1, -1
453, 1, 1, 8, 0, 1, 7184, 1, -1, -1
454, 1, 1, 7, 0, 1, -21562.7, 1, -1, -1
455, 1, 1, 2, 5, 2, 20480, 1, -1, -1
456, 1, 1, 8, 6, 2, 34688, 1, -1, -1
457, 1, 0, 2, 5, 2, -7344, 1, -1, -1
458, 1, 0, 3, 2, 2, 3861.33, 1, -1, -1
459, 1, 0, 5, 2, 0, -20261.3, 1, -1, -1
460, 1, 0, 1, 0, 0, -18240, 1, -1, -1
461, 1, 1, 6, 5, 2, 37082.7, 1, -1, -1
462, 1, 0, 0, 7, 2, 48485.3, 1, -1, -1
463, 1, 0, 8, 5, 1, 33018.7, 1, -1, -1
464, 1, 1, 8, 1, 0, 21418.7, 1, -1, -1
465, 1, 1, 2, 3, 1, 48106.7, 1, -1, -1
466, 1, 1, 4, 0, 0, 75125.3, 1, -1, -1
467, 1, 1, 0, 5, 0, -65616, 1, -1, -1
468, 1, 0, 3, 8, 0, -31536, 1, -1, -1
469, 1, 1, 3, 8, 1, 18357.3, 1, -1, -1
470, 1, 1, 5, 0, 0, -68794.7, 1, -1, -1
471, 1, 1, 1, 5, 0, -56064, 1, -1, -1
472, 1, 0, 0, 5, 2, 48933.3, 1, -1, -1
473, 1, 1, 6, 1, 0, -34560, 1, -1, -1
474, 1, 0, 8, 3, 1, 52016, 1, -1, -1
475, 1, 0, 0, 2, 0, 72560, 1, -1, -1
476, 1, 1, 5, 5, 0, -28048, 1, -1, -1
477, 1, 0, 7, 1, 1, -33221.3, 1, -1, -1
478, 1, 0, 7, 4, 2, -79493.3, 1, -1, -1
479, 1, 1, 6, 5, 0, -32560, 1, -1, -1
480, 1, 1, 4, 1, 1, 1648, 1, -1, -1
481, 1, 0, 4, 7, 0, -54325.3, 1, -1, -1
482, 1, 0, 7, 2, 0, 78106.7, 1, -1, -1
483, 1, 0, 2, 7, 0, -60848, 1, -1, -1
484, 1, 1, 2, 6, 2, 38928, 1, -1, -1
485, 1, 0, 0, 6, 2, -26773.3, 1, -1, -1
486, 1, 0, 3, 5, 0, 885.334, 1, -1, -1
487, 0, 0, 8, 1, 0, 12981.3, 0, -1, -1
488, 0, 0, 0, 8, 0, 7408, 0, -1, -1
489, 0, 0, 4, 4, 0, -17813.3, 0, -1, -1
490, 0, 0, 4, 8, 0, 61253.3, 0, -1, -1
491, 0, 1, 4, 0, 0, 66080, 0, -1, -1
492, 0, 0, 2, 7, 0, 72453.3, 0, -1, -1
493, 0, 1, 3, 0, 0, 47504, 0, -1, -1
494, 0, 1, 7, 1, 0, 78240, 0, -1, -1
495, 0, 0, 4, 5, 0, -4250.66, 0, -1, -1
496, 0, 1, 0, 2, 0, -58144, 0, -1, -1
497, 0, 0, 0, 2, 0, -72688, 0, -1, -1
498, 0, 1, 2, 1, 0, 44554.7, 0, -1, -1
499, 0, 0, 2, 2, 0, -68021.3, 0, -1, -1
500, 0, 0, 7, 6, 0, -72842.7, 0, -1, -1
501, 0, 1, 1, 3, 0, -19696, 0, -1, -1
502, 0, 1, 8, 4, 0, -68192, 0, -1, -1
503, 0, 1, 6, 0, 0, -66032, 0, -1, -1
504, 0, 1, 3, 7, 0, -46170.7, 0, -1, -1
505, 0, 1, 1, 5, 0, 48645.3, 0, -1, -1
506, 0, 0, 2, 5, 0, -71045.3, 0, -1, -1
507, 0, 0, 8, 5, 0, -19605.3, 0, -1, -1
508, 0, 1, 8, 8, 0, -57136, 0, -1, -1
509, 0, 0, 8, 0, 0, -23013.3, 0, -1, -1
510, 0, 1, 0, 5, 0, 37664, 0, -1, -1
511, 0, 1, 4, 4, 0, 62426.7, 0, -1, -1
512, 0, 0, 5, 6, 0, 17274.7, 0, -1, -1
513, 0, 1, 3, 8, 0, 72485.3, 0, -1, -1
514, 0, 0, 3, 4, 0, -40725.3, 0, -1, -1
515, 0, 1, 6, 4, 0, -73845.3, 0, -1, -1
516, 0, 0, 5, 8, 0, -77509.3, 0, -1, -1
517, 0, 1, 5, 2, 0, -55712, 0, -1, -1
518, 0, 1, 4, 1, 0, -66736, 0, -1, -1
519, 0, 1, 3, 5, 0, 35216, 0, -1, -1
520, 0, 0, 5, 0, 0, 55733.3, 0, -1, -1
521, 0, 1, 2, 5, 0, -14965.3, 0, -1, -1
522, 0, 1, 3, 6, 0, -22496, 0, -1, -1
523, 0, 0, 2, 0, 0, -14544, 0, -1, -1
524, 0, 0, 1, 3, 0, 71642.7, 0, -1, -1
525, 0, 0, 0, 5, 0, -60757.3, 0, -1, -1
526, 0, 1, 5, 1, 0, -67013.3, 0, -1, -1
527, 0, 1, 5, 4, 0, 31642.7, 0, -1, -1
528, 0, 0, 6, 4, 0, -60261.3, 0, -1, -1
529, 0, 0, 5, 5, 0, 3429.34, 0, -1, -1
530, 0, 0, 0, 3, 0, -21237.3, 0, -1, -1
531, 0, 0, 6, 6, 0, 78352, 0, -1, -1
532, 0, 0, 1, 8, 0, -76362.7, 0, -1, -1
533, 0, 0, 7, 4, 0, 45157.3, 0, -1, -1
534, 0, 0, 1, 2, 0, 2672, 0, -1, -1
535, 0, 0, 1, 5, 0, 76405.3, 0, -1, -1
536, 0, 0, 6, 5, 0, -400, 0, -1, -1
537, 0, 1, 4, 8, 0, -24592, 0, -1, -1
538, 0, 1, 6, 7, 0, -26528, 0, -1, -1
539, 0, 0, 8, 4, 0, 3360, 0, -1, -1
540, 0, 1, 6, 5, 0, 64709.3, 0, -1, -1
541, 0, 0, 6, 3, 0, -746.665, 0, -1, -1
542, 0, 0, 5, 1, 0, -71920, 0, -1, -1
543, 0, 0, 8, 8, 0, -5914.67, 0, -1, -1
544, 0, 0, 7, 1, 0, -59509.3, 0, -1, -1
545, 0, 0, 4, 0, 0, 63541.3, 0, -1, -1
546, 0, 0, 7, 2, 0, -73936, 0, -1, -1
547, 0, 0, 2, 4, 0, 29253.3, 0, -1, -1
548, 0, 0, 1, 7, 0, -49680, 0, -1, -1
549, 0, 1, 2, 7, 0, 72016, 0, -1, -1
550, 0, 1, 6, 1, 0, -16837.3, 0, -1, -1
551, 0, 0, 4, 2, 0, 12144, 0, -1, -1
552, 0, 0, 5, 2, 0, 23072, 0, -1, -1
553, 0, 0, 3, 8, 0, 78336, 0, -1, -1
554, 0, 0, 8, 2, 0, -4880, 0, -1, -1
555, 0, 0, 5, 4, 0, 36976, 0, -1, -1
556, 0, 1, 5, 5, 0, 51061.3, 0, -1, -1
557, 0, 0, 7, 7, 0, -47274.7, 0, -1, -1
558, 0, 1, 2, 8, 0, -10949.3, 0, -1, -1
559, 0, 0, 0, 4, 0, -26378.7, 0, -1, -1
560, 0, 1, 7, 4, 0, -54832, 0, -1, -1
561, 0, 1, 3, 4, 0, -3338.67, 0, -1, -1
562, 0, 1, 4, 7, 0, 79781.3, 0, -1, -1
563, 0, 0, 5, 3, 0, 55109.3, 0, -1, -1
564, 0, 0, 3, 1, 0, -9786.67, 0, -1, -1
565, 0, 1, 2, 3, 0, -64640, 0, -1, -1
566, 0, 0, 6, 7, 0, -28117.3, 0, -1, -1
567, 0, 0, 2, 3, 0, 78912, 0, -1, -1
568, 0, 1, 6, 8, 0, 57904, 0, -1, -1
569, 0, 1, 8, 3, 0, -75365.3, 0, -1, -1
570, 0, 1, 0, 7, 0, 11824, 0, -1, -1
571, 0, 1, 8, 2, 0, -22288, 0, -1, -1
572, 0, 1, 1, 2, 0, -11728, 0, -1, -1
573, 0, 0, 7, 5, 0, -7717.33, 0, -1, -1
574, 0, 1, 6, 3, 0, 5674.67, 0, -1, -1
575, 0, 1, 2, 0, 0, -26357.3, 0, -1, -1
576, 0, 1, 2, 6, 0, 14032, 0, -1, -1
577, 0, 0, 1, 4, 0, 40464, 0, -1, -1
578, 0, 1, 5, 6, 0, 51786.7, 0, -1, -1
579, 0, 1, 4, 2, 0, 50874.7, 0, -1, -1
580, 0, 0, 7, 3, 0, -55504, 0, -1, -1
581, 0, 0, 3, 6, 0, 21797.3, 0, -1, -1
582, 0, 1, 8, 6, 0, 5397.33, 0, -1, -1
583, 0, 0, 7, 0, 0, 13477.3, 0, -1, -1
584, 0, 0, 3, 3, 0, -1290.66, 0, -1, -1
585, 0, 1, 1, 4, 0, -17882.7, 0, -1, -1
586, 0, 1, 5, 0, 0, -73706.7, 0, -1, -1
587, 0, 0, 2, 6, 0, -8858.67, 0, -1, -1
588, 0, 1, 7, 6, 0, -53925.3, 0, -1, -1
589, 0, 1, 2, 2, 0, -27952, 0, -1, -1
590, 0, 0, 3, 5, 0, -2538.67, 0, -1, -1
591, 0, 0, 7, 8, 0, -58789.3, 0, -1, -1
592, 0, 0, 4, 6, 0, 70869.3, 0, -1, -1
593, 0, 1, 1, 0, 0, -4608, 0, -1, -1
594, 0, 0, 1, 0, 0, 73050.7, 0, -1, -1
595, 0, 0, 0, 7, 0, -74218.7, 0, -1, -1
596, 0, 0, 6, 8, 0, 71152, 0, -1, -1
597, 0, 1, 1, 7, 0, 4304, 0, -1, -1
598, 0, 1, 0, 0, 0, -60501.3, 0, -1, -1
599, 0, 1, 5, 3, 0, -57040, 0, -1, -1
600, 0, 0, 6, 2, 0, -40629.3, 0, -1, -1
601, 0, 1, 7, 0, 0, -73648, 0, -1, -1
602, 0, 1, 7, 3, 0, 24725.3, 0, -1, -1
603, 0, 1, 0, 6, 0, 44880, 0, -1, -1
604, 0, 0, 1, 6, 0, 43328, 0, -1, -1
605, 0, 1, 1, 6, 0, 52912, 0, -1, -1
606, 0, 0, 8, 6, 0, 51914.7, 0, -1, -1
607, 0, 0, 3, 0, 0, 24277.3, 0, -1, -1
608, 0, 0, 8, 3, 0, 53045.3, 0, -1, -1
609, 0, 0, 4, 7, 0, 45829.3, 0, -1, -1
610, 0, 1, 4, 3, 0, -41242.7, 0, -1, -1
611, 0, 0, 6, 1, 0, -8661.33, 0, -1, -1
612, 0, 1, 4, 5, 0, 52330.7, 0, -1, -1
613, 0, 0, 6, 0, 0, -71610.7, 0, -1, -1
614, 0, 1, 0, 1, 0, -17552, 0, -1, -1
615, 0, 1, 8, 5, 0, -20757.3, 0, -1, -1
616, 0, 1, 0, 8, 0, 24624, 0, -1, -1
617, 0, 0, 8, 7, 0, 59109.3, 0, -1, -1
618, 0, 1, 7, 7, 0, -23909.3, 0, -1, -1
619, 0, 1, 6, 2, 0, -62666.7, 0, -1, -1
620, 0, 1, 8, 0, 0, 75658.7, 0, -1, -1
621, 0, 0, 5, 7, 0, -22682.7, 0, -1, -1
622, 0, 0, 0, 0, 0, 73594.7, 0, -1, -1
623, 0, 1, 1, 8, 0, 15792, 0, -1, -1
624, 0, 1, 6, 6, 0, -2976, 0, -1, -1
625, 0, 0, 1, 1, 0, -76581.3, 0, -1, -1
626, 0, 0, 2, 8, 0, -67221.3, 0, -1, -1
627, 0, 1, 7, 8, 0, -56426.7, 0, -1, -1
628, 0, 1, 3, 2, 0, -41168, 0, -1, -1
629, 0, 1, 3, 3, 0, -70464, 0, -1, -1
630, 0, 1, 3, 1, 0, -66208, 0, -1, -1
631, 0, 0, 0, 6, 0, -74762.7, 0, -1, -1
632, 0, 0, 3, 7, 0, -76138.7, 0, -1, -1
633, 0, 1, 7, 2, 0, 70906.7, 0, -1, -1
634, 0, 0, 2, 1, 0, -48154.7, 0, -1, -1
635, 0, 1, 0, 3, 0, 9717.33, 0, -1, -1
636, 0, 0, 0, 1, 0, 43738.7, 0, -1, -1
637, 0, 1, 5, 7, 0, 10160, 0, -1, -1
638, 0, 1, 8, 7, 0, -78400, 0, -1, -1
639, 0, 1, 8, 1, 0, -69530.7, 0, -1, -1
640, 0, 1, 5, 8, 0, -71653.3, 0, -1, -1
641, 0, 1, 7, 5, 0, -78400, 0, -1, -1
642, 0, 1, 2, 4, 0, 46469.3, 0, -1, -1
643, 0, 0, 4, 3, 0, 3680, 0, -1, -1
644, 0, 1, 0, 4, 0, -53045.3, 0, -1, -1
645, 0, 0, 3, 2, 0, -62698.7, 0, -1, -1
646, 0, 1, 4, 6, 0, -66474.7, 0, -1, -1
647, 0, 1, 1, 1, 0, 18970.7, 0, -1, -1
648, 0, 0, 4, 1, 0, -19168, 0, -1, -1
----------------------

