OctaneSinglePotato trial list
----------------------

Trial Number | Haptic Presence | Environment | Glossiness | Depth | Conflict | Timer 1 | Timer 2 | Timer 3 | GlossResult | DepthResult
----------------------
1, 0, 0, 6, 1, 0, 31178.7, 0, -1, -1
2, 0, 1, 0, 3, 0, -2218.67, 0, -1, -1
3, 0, 0, 1, 6, 0, 12202.7, 0, -1, -1
4, 0, 0, 0, 3, 0, 62805.3, 0, -1, -1
5, 0, 0, 4, 5, 0, 34293.3, 0, -1, -1
6, 0, 1, 7, 1, 0, 37365.3, 0, -1, -1
7, 0, 1, 4, 1, 0, -16032, 0, -1, -1
8, 0, 0, 1, 4, 0, -49872, 0, -1, -1
9, 0, 0, 1, 7, 0, 29093.3, 0, -1, -1
10, 0, 1, 6, 2, 0, 49434.7, 0, -1, -1
11, 0, 0, 0, 0, 0, 44677.3, 0, -1, -1
12, 0, 1, 1, 7, 0, -59162.7, 0, -1, -1
13, 0, 0, 2, 4, 0, 47093.3, 0, -1, -1
14, 0, 1, 4, 7, 0, -73413.3, 0, -1, -1
15, 0, 0, 8, 6, 0, -5616, 0, -1, -1
16, 0, 1, 6, 4, 0, 59754.7, 0, -1, -1
17, 0, 0, 7, 7, 0, 13808, 0, -1, -1
18, 0, 1, 3, 7, 0, 68138.7, 0, -1, -1
19, 0, 0, 7, 3, 0, -67274.7, 0, -1, -1
20, 0, 0, 4, 1, 0, 31557.3, 0, -1, -1
21, 0, 0, 5, 8, 0, 49674.7, 0, -1, -1
22, 0, 0, 3, 6, 0, -43749.3, 0, -1, -1
23, 0, 0, 4, 3, 0, -14517.3, 0, -1, -1
24, 0, 0, 0, 2, 0, -41306.7, 0, -1, -1
25, 0, 1, 0, 0, 0, 6618.67, 0, -1, -1
26, 0, 1, 4, 6, 0, 55216, 0, -1, -1
27, 0, 0, 2, 0, 0, -41104, 0, -1, -1
28, 0, 0, 5, 6, 0, 59680, 0, -1, -1
29, 0, 1, 1, 5, 0, -68501.3, 0, -1, -1
30, 0, 0, 5, 5, 0, 18229.3, 0, -1, -1
31, 0, 1, 5, 6, 0, 26368, 0, -1, -1
32, 0, 1, 1, 8, 0, 39920, 0, -1, -1
33, 0, 0, 7, 5, 0, 70517.3, 0, -1, -1
34, 0, 0, 1, 1, 0, -41285.3, 0, -1, -1
35, 0, 1, 4, 2, 0, -41397.3, 0, -1, -1
36, 0, 1, 8, 2, 0, 62805.3, 0, -1, -1
37, 0, 0, 5, 1, 0, 42736, 0, -1, -1
38, 0, 0, 6, 6, 0, 50965.3, 0, -1, -1
39, 0, 1, 3, 0, 0, 14304, 0, -1, -1
40, 0, 1, 1, 0, 0, -59573.3, 0, -1, -1
41, 0, 0, 3, 8, 0, -1834.66, 0, -1, -1
42, 0, 1, 1, 6, 0, -10330.7, 0, -1, -1
43, 0, 1, 7, 3, 0, 66837.3, 0, -1, -1
44, 0, 0, 6, 2, 0, 72117.3, 0, -1, -1
45, 0, 0, 3, 5, 0, 20880, 0, -1, -1
46, 0, 1, 5, 7, 0, -52298.7, 0, -1, -1
47, 0, 1, 0, 8, 0, 9984, 0, -1, -1
48, 0, 1, 0, 7, 0, -77002.7, 0, -1, -1
49, 0, 0, 1, 2, 0, 47466.7, 0, -1, -1
50, 0, 0, 8, 3, 0, 1472, 0, -1, -1
51, 0, 0, 6, 0, 0, -56250.7, 0, -1, -1
52, 0, 1, 8, 7, 0, 36554.7, 0, -1, -1
53, 0, 1, 0, 2, 0, 66165.3, 0, -1, -1
54, 0, 1, 7, 6, 0, 77104, 0, -1, -1
55, 0, 0, 4, 8, 0, 18586.7, 0, -1, -1
56, 0, 1, 4, 5, 0, 33738.7, 0, -1, -1
57, 0, 0, 1, 3, 0, 16181.3, 0, -1, -1
58, 0, 0, 3, 2, 0, 22768, 0, -1, -1
59, 0, 1, 3, 3, 0, -38090.7, 0, -1, -1
60, 0, 1, 4, 4, 0, 60624, 0, -1, -1
61, 0, 0, 7, 4, 0, -46218.7, 0, -1, -1
62, 0, 0, 3, 3, 0, -18069.3, 0, -1, -1
63, 0, 0, 6, 8, 0, -73802.7, 0, -1, -1
64, 0, 0, 4, 0, 0, -49162.7, 0, -1, -1
65, 0, 0, 5, 0, 0, -24101.3, 0, -1, -1
66, 0, 1, 6, 3, 0, -27376, 0, -1, -1
67, 0, 1, 2, 7, 0, -42586.7, 0, -1, -1
68, 0, 1, 2, 0, 0, 31925.3, 0, -1, -1
69, 0, 0, 0, 6, 0, -19632, 0, -1, -1
70, 0, 0, 0, 8, 0, -61408, 0, -1, -1
71, 0, 1, 1, 3, 0, -60629.3, 0, -1, -1
72, 0, 0, 7, 0, 0, 21029.3, 0, -1, -1
73, 0, 0, 8, 0, 0, -23706.7, 0, -1, -1
74, 0, 0, 5, 3, 0, -45189.3, 0, -1, -1
75, 0, 1, 8, 8, 0, -7125.33, 0, -1, -1
76, 0, 0, 1, 5, 0, -45877.3, 0, -1, -1
77, 0, 1, 1, 4, 0, -19701.3, 0, -1, -1
78, 0, 0, 4, 2, 0, 44757.3, 0, -1, -1
79, 0, 0, 8, 8, 0, 68437.3, 0, -1, -1
80, 0, 1, 7, 0, 0, -15594.7, 0, -1, -1
81, 0, 1, 8, 3, 0, -18602.7, 0, -1, -1
82, 0, 1, 2, 4, 0, 54917.3, 0, -1, -1
83, 0, 1, 0, 4, 0, -33338.7, 0, -1, -1
84, 0, 1, 8, 6, 0, -5413.33, 0, -1, -1
85, 0, 0, 4, 6, 0, -74074.7, 0, -1, -1
86, 0, 0, 5, 2, 0, 26832, 0, -1, -1
87, 0, 0, 0, 1, 0, 8853.33, 0, -1, -1
88, 0, 1, 7, 7, 0, -45712, 0, -1, -1
89, 0, 0, 2, 2, 0, -33802.7, 0, -1, -1
90, 0, 1, 7, 8, 0, -68762.7, 0, -1, -1
91, 0, 1, 8, 1, 0, -8661.33, 0, -1, -1
92, 0, 1, 5, 0, 0, -7957.33, 0, -1, -1
93, 0, 1, 8, 5, 0, 55002.7, 0, -1, -1
94, 0, 1, 2, 1, 0, 57792, 0, -1, -1
95, 0, 0, 7, 2, 0, -79920, 0, -1, -1
96, 0, 0, 5, 7, 0, -15882.7, 0, -1, -1
97, 0, 1, 7, 5, 0, 44256, 0, -1, -1
98, 0, 1, 5, 2, 0, -75690.7, 0, -1, -1
99, 0, 1, 6, 1, 0, 51344, 0, -1, -1
100, 0, 1, 2, 3, 0, 53456, 0, -1, -1
101, 0, 0, 3, 4, 0, 61285.3, 0, -1, -1
102, 0, 1, 3, 5, 0, 56341.3, 0, -1, -1
103, 0, 1, 8, 4, 0, 16666.7, 0, -1, -1
104, 0, 1, 1, 2, 0, 60037.3, 0, -1, -1
105, 0, 0, 6, 4, 0, 14453.3, 0, -1, -1
106, 0, 1, 4, 3, 0, 19952, 0, -1, -1
107, 0, 0, 1, 8, 0, 36064, 0, -1, -1
108, 0, 0, 3, 7, 0, -76784, 0, -1, -1
109, 0, 0, 6, 7, 0, -23893.3, 0, -1, -1
110, 0, 0, 2, 6, 0, -34837.3, 0, -1, -1
111, 0, 0, 8, 4, 0, -20394.7, 0, -1, -1
112, 0, 0, 8, 2, 0, 47445.3, 0, -1, -1
113, 0, 0, 4, 4, 0, -7098.67, 0, -1, -1
114, 0, 1, 5, 4, 0, 20154.7, 0, -1, -1
115, 0, 0, 8, 7, 0, 11701.3, 0, -1, -1
116, 0, 0, 3, 0, 0, -75285.3, 0, -1, -1
117, 0, 0, 8, 5, 0, -805.335, 0, -1, -1
118, 0, 0, 2, 7, 0, -66944, 0, -1, -1
119, 0, 1, 5, 1, 0, -56565.3, 0, -1, -1
120, 0, 0, 5, 4, 0, 14266.7, 0, -1, -1
121, 0, 1, 2, 5, 0, 71424, 0, -1, -1
122, 0, 1, 5, 8, 0, 51098.7, 0, -1, -1
123, 0, 1, 2, 8, 0, -76138.7, 0, -1, -1
124, 0, 0, 7, 8, 0, 67893.3, 0, -1, -1
125, 0, 1, 4, 8, 0, -65642.7, 0, -1, -1
126, 0, 1, 5, 3, 0, 64474.7, 0, -1, -1
127, 0, 1, 3, 6, 0, -34469.3, 0, -1, -1
128, 0, 1, 3, 1, 0, 68021.3, 0, -1, -1
129, 0, 1, 6, 5, 0, -69690.7, 0, -1, -1
130, 0, 1, 8, 0, 0, 33738.7, 0, -1, -1
131, 0, 1, 4, 0, 0, 48522.7, 0, -1, -1
132, 0, 0, 1, 0, 0, 44298.7, 0, -1, -1
133, 0, 1, 2, 6, 0, 14117.3, 0, -1, -1
134, 0, 0, 2, 8, 0, 18218.7, 0, -1, -1
135, 0, 0, 0, 4, 0, -38122.7, 0, -1, -1
136, 0, 1, 2, 2, 0, 74480, 0, -1, -1
137, 0, 1, 1, 1, 0, -13194.7, 0, -1, -1
138, 0, 1, 0, 5, 0, -27930.7, 0, -1, -1
139, 0, 0, 0, 5, 0, 25280, 0, -1, -1
140, 0, 1, 3, 2, 0, 58277.3, 0, -1, -1
141, 0, 1, 7, 4, 0, -69669.3, 0, -1, -1
142, 0, 1, 7, 2, 0, 14698.7, 0, -1, -1
143, 0, 0, 7, 6, 0, -54965.3, 0, -1, -1
144, 0, 1, 3, 8, 0, 19861.3, 0, -1, -1
145, 0, 0, 2, 3, 0, -57632, 0, -1, -1
146, 0, 0, 6, 5, 0, -46725.3, 0, -1, -1
147, 0, 1, 0, 1, 0, 49098.7, 0, -1, -1
148, 0, 0, 2, 1, 0, -78170.7, 0, -1, -1
149, 0, 0, 7, 1, 0, 2192, 0, -1, -1
150, 0, 1, 3, 4, 0, 78853.3, 0, -1, -1
151, 0, 1, 0, 6, 0, 75898.7, 0, -1, -1
152, 0, 1, 5, 5, 0, 34496, 0, -1, -1
153, 0, 0, 0, 7, 0, -72981.3, 0, -1, -1
154, 0, 0, 4, 7, 0, 20245.3, 0, -1, -1
155, 0, 0, 3, 1, 0, -54602.7, 0, -1, -1
156, 0, 1, 6, 0, 0, -21488, 0, -1, -1
157, 0, 1, 6, 7, 0, 30346.7, 0, -1, -1
158, 0, 1, 6, 8, 0, 9082.67, 0, -1, -1
159, 0, 0, 2, 5, 0, 35520, 0, -1, -1
160, 0, 0, 6, 3, 0, -59008, 0, -1, -1
161, 0, 1, 6, 6, 0, -26309.3, 0, -1, -1
162, 0, 0, 8, 1, 0, 17562.7, 0, -1, -1
163, 1, 1, 2, 0, 0, -15909.3, 1, -1, -1
164, 1, 1, 4, 5, 1, -33861.3, 1, -1, -1
165, 1, 0, 8, 5, 1, -25909.3, 1, -1, -1
166, 1, 1, 5, 5, 1, -33002.7, 1, -1, -1
167, 1, 0, 3, 8, 1, -42586.7, 1, -1, -1
168, 1, 0, 4, 1, 1, 78853.3, 1, -1, -1
169, 1, 0, 1, 1, 2, 20880, 1, -1, -1
170, 1, 1, 5, 8, 0, 79706.7, 1, -1, -1
171, 1, 1, 5, 3, 2, 35210.7, 1, -1, -1
172, 1, 0, 0, 1, 0, 62805.3, 1, -1, -1
173, 1, 0, 2, 2, 0, 50965.3, 1, -1, -1
174, 1, 0, 2, 5, 0, -54965.3, 1, -1, -1
175, 1, 1, 4, 4, 0, -76042.7, 1, -1, -1
176, 1, 0, 1, 8, 0, 59680, 1, -1, -1
177, 1, 1, 4, 3, 1, -50112, 1, -1, -1
178, 1, 0, 0, 5, 1, 29093.3, 1, -1, -1
179, 1, 1, 4, 7, 1, 34560, 1, -1, -1
180, 1, 0, 1, 4, 2, 34293.3, 1, -1, -1
181, 1, 0, 4, 8, 1, -52298.7, 1, -1, -1
182, 1, 0, 8, 7, 1, -7344, 1, -1, -1
183, 1, 1, 8, 2, 2, -12410.7, 1, -1, -1
184, 1, 0, 0, 8, 2, 18218.7, 1, -1, -1
185, 1, 1, 1, 7, 1, 62298.7, 1, -1, -1
186, 1, 0, 1, 4, 1, -7098.67, 1, -1, -1
187, 1, 1, 1, 1, 0, -70346.7, 1, -1, -1
188, 1, 0, 7, 0, 0, 73781.3, 1, -1, -1
189, 1, 0, 1, 5, 1, 20245.3, 1, -1, -1
190, 1, 1, 6, 4, 2, 9482.67, 1, -1, -1
191, 1, 1, 1, 7, 0, -35312, 1, -1, -1
192, 1, 0, 6, 4, 2, 72869.3, 1, -1, -1
193, 1, 1, 2, 4, 0, -60080, 1, -1, -1
194, 1, 0, 0, 7, 0, -57632, 1, -1, -1
195, 1, 1, 4, 8, 1, -70000, 1, -1, -1
196, 1, 0, 6, 6, 2, 70618.7, 1, -1, -1
197, 1, 1, 6, 8, 0, -13221.3, 1, -1, -1
198, 1, 1, 6, 3, 0, 9898.66, 1, -1, -1
199, 1, 0, 8, 4, 1, -56352, 1, -1, -1
200, 1, 1, 4, 6, 0, 71221.3, 1, -1, -1
201, 1, 0, 0, 4, 2, -45877.3, 1, -1, -1
202, 1, 1, 6, 5, 0, 72693.3, 1, -1, -1
203, 1, 0, 4, 6, 0, -7957.33, 1, -1, -1
204, 1, 0, 7, 8, 1, 29402.7, 1, -1, -1
205, 1, 0, 8, 6, 2, -47173.3, 1, -1, -1
206, 1, 0, 4, 4, 2, 33738.7, 1, -1, -1
207, 1, 0, 7, 2, 0, -34672, 1, -1, -1
208, 1, 0, 2, 8, 0, -5616, 1, -1, -1
209, 1, 0, 0, 3, 1, -41285.3, 1, -1, -1
210, 1, 0, 4, 3, 2, -41397.3, 1, -1, -1
211, 1, 1, 5, 0, 0, 26842.7, 1, -1, -1
212, 1, 0, 5, 0, 0, -21488, 1, -1, -1
213, 1, 0, 7, 6, 1, 47674.7, 1, -1, -1
214, 1, 0, 8, 2, 1, -50848, 1, -1, -1
215, 1, 0, 6, 1, 1, -34858.7, 1, -1, -1
216, 1, 0, 7, 7, 2, -26144, 1, -1, -1
217, 1, 1, 8, 4, 1, -32298.7, 1, -1, -1
218, 1, 1, 8, 5, 0, 47669.3, 1, -1, -1
219, 1, 0, 4, 7, 0, 64474.7, 1, -1, -1
220, 1, 1, 6, 8, 1, -70981.3, 1, -1, -1
221, 1, 0, 0, 7, 1, 47093.3, 1, -1, -1
222, 1, 0, 1, 5, 0, -74074.7, 1, -1, -1
223, 1, 1, 7, 0, 1, -4037.33, 1, -1, -1
224, 1, 1, 1, 2, 2, -66938.7, 1, -1, -1
225, 1, 1, 4, 3, 2, -17893.3, 1, -1, -1
226, 1, 0, 5, 3, 2, 14698.7, 1, -1, -1
227, 1, 1, 0, 7, 0, 41797.3, 1, -1, -1
228, 1, 0, 4, 1, 0, -38090.7, 1, -1, -1
229, 1, 0, 3, 1, 2, -27930.7, 1, -1, -1
230, 1, 0, 3, 5, 1, -59162.7, 1, -1, -1
231, 1, 1, 2, 4, 2, 12469.3, 1, -1, -1
232, 1, 0, 1, 7, 0, -45189.3, 1, -1, -1
233, 1, 1, 5, 4, 1, 12144, 1, -1, -1
234, 1, 1, 1, 0, 2, -67984, 1, -1, -1
235, 1, 1, 3, 8, 1, 71978.7, 1, -1, -1
236, 1, 0, 5, 4, 1, -69669.3, 1, -1, -1
237, 1, 1, 0, 0, 2, -29904, 1, -1, -1
238, 1, 1, 7, 2, 0, -79957.3, 1, -1, -1
239, 1, 0, 6, 5, 2, -62106.7, 1, -1, -1
240, 1, 1, 0, 2, 0, 26624, 1, -1, -1
241, 1, 0, 2, 1, 0, -59008, 1, -1, -1
242, 1, 1, 0, 7, 2, 32730.7, 1, -1, -1
243, 1, 1, 7, 5, 1, 23525.3, 1, -1, -1
244, 1, 0, 4, 4, 0, 19952, 1, -1, -1
245, 1, 1, 2, 2, 2, -50522.7, 1, -1, -1
246, 1, 1, 2, 0, 1, 34133.3, 1, -1, -1
247, 1, 0, 3, 8, 0, 14117.3, 1, -1, -1
248, 1, 1, 3, 3, 1, -4330.67, 1, -1, -1
249, 1, 1, 2, 5, 0, -69280, 1, -1, -1
250, 1, 1, 7, 0, 2, -44042.7, 1, -1, -1
251, 1, 1, 6, 7, 2, -29002.7, 1, -1, -1
252, 1, 1, 3, 6, 1, -49178.7, 1, -1, -1
253, 1, 1, 0, 3, 0, -75141.3, 1, -1, -1
254, 1, 1, 6, 5, 1, 61456, 1, -1, -1
255, 1, 1, 8, 3, 2, -43589.3, 1, -1, -1
256, 1, 1, 7, 6, 2, 56981.3, 1, -1, -1
257, 1, 0, 1, 3, 2, 44757.3, 1, -1, -1
258, 1, 1, 7, 8, 0, 73109.3, 1, -1, -1
259, 1, 0, 7, 0, 2, -15525.3, 1, -1, -1
260, 1, 0, 7, 7, 0, 19877.3, 1, -1, -1
261, 1, 1, 3, 2, 0, -50112, 1, -1, -1
262, 1, 1, 1, 1, 2, 26336, 1, -1, -1
263, 1, 0, 8, 8, 1, -37829.3, 1, -1, -1
264, 1, 0, 4, 5, 2, -65642.7, 1, -1, -1
265, 1, 0, 6, 0, 1, -12688, 1, -1, -1
266, 1, 0, 8, 3, 2, -67328, 1, -1, -1
267, 1, 0, 1, 2, 1, -76784, 1, -1, -1
268, 1, 0, 6, 0, 0, -77114.7, 1, -1, -1
269, 1, 0, 0, 0, 1, 8853.33, 1, -1, -1
270, 1, 0, 3, 3, 0, -59573.3, 1, -1, -1
271, 1, 1, 4, 3, 0, -41418.7, 1, -1, -1
272, 1, 0, 5, 8, 0, -5413.33, 1, -1, -1
273, 1, 0, 0, 2, 0, -19632, 1, -1, -1
274, 1, 1, 7, 1, 2, -28272, 1, -1, -1
275, 1, 0, 4, 8, 2, 51098.7, 1, -1, -1
276, 1, 0, 4, 3, 0, 48522.7, 1, -1, -1
277, 1, 1, 0, 2, 2, 25205.3, 1, -1, -1
278, 1, 0, 5, 0, 2, 49434.7, 1, -1, -1
279, 1, 0, 6, 4, 1, 71861.3, 1, -1, -1
280, 1, 1, 1, 7, 2, -51925.3, 1, -1, -1
281, 1, 1, 7, 3, 0, 77189.3, 1, -1, -1
282, 1, 1, 4, 0, 1, -11616, 1, -1, -1
283, 1, 0, 0, 4, 1, -49872, 1, -1, -1
284, 1, 0, 8, 6, 0, 76714.7, 1, -1, -1
285, 1, 0, 7, 6, 2, 15322.7, 1, -1, -1
286, 1, 0, 6, 7, 2, 50373.3, 1, -1, -1
287, 1, 0, 3, 1, 0, -2218.67, 1, -1, -1
288, 1, 0, 0, 1, 1, -38122.7, 1, -1, -1
289, 1, 0, 6, 0, 2, -57509.3, 1, -1, -1
290, 1, 0, 8, 3, 1, 20272, 1, -1, -1
291, 1, 1, 8, 8, 1, -70144, 1, -1, -1
292, 1, 1, 7, 3, 2, -8240, 1, -1, -1
293, 1, 1, 3, 4, 1, -27381.3, 1, -1, -1
294, 1, 1, 5, 2, 2, 73616, 1, -1, -1
295, 1, 1, 8, 3, 0, -30522.7, 1, -1, -1
296, 1, 1, 3, 4, 2, 19274.7, 1, -1, -1
297, 1, 1, 8, 7, 0, -28368, 1, -1, -1
298, 1, 0, 4, 1, 2, 56341.3, 1, -1, -1
299, 1, 1, 6, 0, 0, 47978.7, 1, -1, -1
300, 1, 1, 4, 0, 2, 79205.3, 1, -1, -1
301, 1, 0, 5, 5, 2, -68762.7, 1, -1, -1
302, 1, 1, 2, 7, 0, -54517.3, 1, -1, -1
303, 1, 1, 7, 7, 2, 64058.7, 1, -1, -1
304, 1, 0, 7, 1, 2, -29306.7, 1, -1, -1
305, 1, 1, 1, 4, 2, 42981.3, 1, -1, -1
306, 1, 1, 3, 6, 0, -20421.3, 1, -1, -1
307, 1, 1, 3, 1, 0, 54154.7, 1, -1, -1
308, 1, 0, 2, 0, 1, 31178.7, 1, -1, -1
309, 1, 1, 2, 8, 1, 73541.3, 1, -1, -1
310, 1, 1, 5, 3, 0, -66554.7, 1, -1, -1
311, 1, 0, 4, 6, 1, -56565.3, 1, -1, -1
312, 1, 1, 1, 6, 2, -6170.67, 1, -1, -1
313, 1, 0, 8, 8, 2, 38784, 1, -1, -1
314, 1, 0, 0, 5, 0, 12202.7, 1, -1, -1
315, 1, 0, 4, 3, 1, -16032, 1, -1, -1
316, 1, 0, 5, 6, 2, 62805.3, 1, -1, -1
317, 1, 1, 6, 4, 0, 13952, 1, -1, -1
318, 1, 1, 0, 1, 0, -70650.7, 1, -1, -1
319, 1, 0, 6, 2, 0, -21434.7, 1, -1, -1
320, 1, 0, 2, 1, 1, 14453.3, 1, -1, -1
321, 1, 0, 2, 2, 1, -23893.3, 1, -1, -1
322, 1, 1, 6, 6, 0, -72480, 1, -1, -1
323, 1, 0, 2, 4, 2, 70517.3, 1, -1, -1
324, 1, 1, 8, 8, 2, -938.668, 1, -1, -1
325, 1, 0, 1, 2, 2, -1834.66, 1, -1, -1
326, 1, 0, 4, 0, 2, 58277.3, 1, -1, -1
327, 1, 0, 6, 5, 0, 3818.66, 1, -1, -1
328, 1, 0, 2, 2, 2, -73802.7, 1, -1, -1
329, 1, 0, 7, 2, 2, -52389.3, 1, -1, -1
330, 1, 0, 0, 2, 2, -61408, 1, -1, -1
331, 1, 0, 6, 7, 0, -49818.7, 1, -1, -1
332, 1, 0, 3, 3, 2, 60037.3, 1, -1, -1
333, 1, 0, 8, 7, 2, 77130.7, 1, -1, -1
334, 1, 0, 2, 4, 0, -67274.7, 1, -1, -1
335, 1, 1, 1, 2, 1, 16656, 1, -1, -1
336, 1, 0, 0, 6, 0, -41104, 1, -1, -1
337, 1, 1, 1, 4, 1, -9701.33, 1, -1, -1
338, 1, 1, 8, 4, 2, 17893.3, 1, -1, -1
339, 1, 0, 5, 0, 1, 51344, 1, -1, -1
340, 1, 1, 8, 1, 1, -76949.3, 1, -1, -1
341, 1, 0, 7, 6, 0, 30640, 1, -1, -1
342, 1, 1, 4, 1, 1, 6474.67, 1, -1, -1
343, 1, 0, 8, 2, 0, 15237.3, 1, -1, -1
344, 1, 1, 7, 4, 2, 31200, 1, -1, -1
345, 1, 0, 6, 3, 0, -54592, 1, -1, -1
346, 1, 0, 8, 1, 0, -66762.7, 1, -1, -1
347, 1, 0, 4, 6, 2, -75690.7, 1, -1, -1
348, 1, 1, 7, 0, 0, 55242.7, 1, -1, -1
349, 1, 1, 2, 1, 0, -54538.7, 1, -1, -1
350, 1, 1, 3, 7, 2, 14506.7, 1, -1, -1
351, 1, 1, 6, 2, 2, -71776, 1, -1, -1
352, 1, 0, 7, 5, 1, -26368, 1, -1, -1
353, 1, 1, 2, 5, 1, 18400, 1, -1, -1
354, 1, 0, 7, 1, 0, -27520, 1, -1, -1
355, 1, 0, 2, 0, 2, 72117.3, 1, -1, -1
356, 1, 0, 5, 7, 2, 55002.7, 1, -1, -1
357, 1, 0, 8, 0, 1, 62266.7, 1, -1, -1
358, 1, 1, 0, 0, 0, -66101.3, 1, -1, -1
359, 1, 0, 3, 4, 1, -19701.3, 1, -1, -1
360, 1, 1, 5, 5, 2, -68149.3, 1, -1, -1
361, 1, 1, 5, 0, 2, 10837.3, 1, -1, -1
362, 1, 0, 8, 4, 2, -79482.7, 1, -1, -1
363, 1, 1, 3, 8, 0, 14592, 1, -1, -1
364, 1, 1, 0, 8, 1, 66794.7, 1, -1, -1
365, 1, 0, 3, 2, 0, 75898.7, 1, -1, -1
366, 1, 1, 3, 0, 2, 47466.7, 1, -1, -1
367, 1, 1, 2, 8, 0, -63306.7, 1, -1, -1
368, 1, 1, 0, 7, 1, 55557.3, 1, -1, -1
369, 1, 0, 8, 1, 2, 26986.7, 1, -1, -1
370, 1, 1, 6, 7, 0, 73898.7, 1, -1, -1
371, 1, 0, 2, 7, 2, -805.335, 1, -1, -1
372, 1, 0, 5, 7, 1, 16666.7, 1, -1, -1
373, 1, 1, 4, 4, 1, 74282.7, 1, -1, -1
374, 1, 0, 3, 6, 0, 31925.3, 1, -1, -1
375, 1, 1, 7, 2, 2, 78154.7, 1, -1, -1
376, 1, 0, 6, 5, 1, 77856, 1, -1, -1
377, 1, 1, 7, 1, 0, -24576, 1, -1, -1
378, 1, 1, 6, 4, 1, 51408, 1, -1, -1
379, 1, 1, 1, 6, 0, 49221.3, 1, -1, -1
380, 1, 1, 4, 6, 2, -79082.7, 1, -1, -1
381, 1, 1, 3, 6, 2, -71333.3, 1, -1, -1
382, 1, 0, 2, 7, 1, -20394.7, 1, -1, -1
383, 1, 0, 0, 2, 1, -72981.3, 1, -1, -1
384, 1, 1, 8, 2, 1, -37365.3, 1, -1, -1
385, 1, 1, 5, 7, 0, 66266.7, 1, -1, -1
386, 1, 0, 0, 7, 2, 35520, 1, -1, -1
387, 1, 1, 4, 4, 2, 33178.7, 1, -1, -1
388, 1, 1, 0, 1, 1, -576, 1, -1, -1
389, 1, 0, 8, 5, 2, 25541.3, 1, -1, -1
390, 1, 0, 2, 5, 2, 67893.3, 1, -1, -1
391, 1, 0, 2, 3, 0, 21029.3, 1, -1, -1
392, 1, 1, 2, 3, 1, -79.999, 1, -1, -1
393, 1, 0, 8, 3, 0, 21221.3, 1, -1, -1
394, 1, 1, 1, 8, 2, 55610.7, 1, -1, -1
395, 1, 1, 8, 5, 1, 47648, 1, -1, -1
396, 1, 0, 1, 3, 1, 31557.3, 1, -1, -1
397, 1, 1, 0, 4, 1, 46016, 1, -1, -1
398, 1, 1, 3, 3, 2, -10741.3, 1, -1, -1
399, 1, 1, 8, 0, 1, -32245.3, 1, -1, -1
400, 1, 1, 3, 4, 0, 38586.7, 1, -1, -1
401, 1, 0, 3, 3, 1, -13194.7, 1, -1, -1
402, 1, 1, 8, 1, 0, 42864, 1, -1, -1
403, 1, 1, 1, 0, 0, 25184, 1, -1, -1
404, 1, 0, 2, 8, 1, 11701.3, 1, -1, -1
405, 1, 1, 1, 5, 1, -67658.7, 1, -1, -1
406, 1, 1, 7, 7, 0, 41141.3, 1, -1, -1
407, 1, 0, 3, 7, 2, 71424, 1, -1, -1
408, 1, 0, 3, 4, 2, -68501.3, 1, -1, -1
409, 1, 0, 3, 5, 0, -10330.7, 1, -1, -1
410, 1, 1, 4, 2, 0, 30464, 1, -1, -1
411, 1, 1, 3, 8, 2, -34965.3, 1, -1, -1
412, 1, 1, 0, 5, 0, -73317.3, 1, -1, -1
413, 1, 1, 5, 7, 2, -11861.3, 1, -1, -1
414, 1, 0, 7, 4, 1, -68805.3, 1, -1, -1
415, 1, 0, 6, 1, 2, 7173.34, 1, -1, -1
416, 1, 1, 1, 4, 0, 43754.7, 1, -1, -1
417, 1, 1, 5, 3, 1, -72800, 1, -1, -1
418, 1, 0, 5, 2, 2, 9082.67, 1, -1, -1
419, 1, 0, 2, 6, 2, 47445.3, 1, -1, -1
420, 1, 1, 8, 5, 2, 73253.3, 1, -1, -1
421, 1, 1, 8, 0, 2, 43477.3, 1, -1, -1
422, 1, 0, 5, 1, 1, 59754.7, 1, -1, -1
423, 1, 1, 3, 0, 0, -9088, 1, -1, -1
424, 1, 1, 7, 7, 1, -58714.7, 1, -1, -1
425, 1, 0, 6, 2, 1, -20314.7, 1, -1, -1
426, 1, 0, 2, 1, 2, -46725.3, 1, -1, -1
427, 1, 1, 2, 6, 2, 16192, 1, -1, -1
428, 1, 0, 4, 7, 1, 20154.7, 1, -1, -1
429, 1, 0, 6, 3, 2, -50106.7, 1, -1, -1
430, 1, 0, 8, 6, 1, -68458.7, 1, -1, -1
431, 1, 1, 1, 5, 2, -69296, 1, -1, -1
432, 1, 0, 0, 3, 0, 44298.7, 1, -1, -1
433, 1, 1, 1, 6, 1, 22122.7, 1, -1, -1
434, 1, 1, 8, 7, 1, -75242.7, 1, -1, -1
435, 1, 1, 1, 3, 1, -70624, 1, -1, -1
436, 1, 0, 1, 6, 1, 42736, 1, -1, -1
437, 1, 1, 2, 3, 0, -31194.7, 1, -1, -1
438, 1, 0, 7, 4, 2, -19008, 1, -1, -1
439, 1, 1, 4, 7, 0, 21221.3, 1, -1, -1
440, 1, 0, 1, 5, 2, 18586.7, 1, -1, -1
441, 1, 1, 6, 3, 1, 79904, 1, -1, -1
442, 1, 1, 3, 2, 1, -67472, 1, -1, -1
443, 1, 0, 7, 8, 0, -63440, 1, -1, -1
444, 1, 1, 2, 6, 0, -21418.7, 1, -1, -1
445, 1, 0, 1, 7, 1, 14266.7, 1, -1, -1
446, 1, 1, 0, 8, 2, 11637.3, 1, -1, -1
447, 1, 1, 8, 7, 2, 70576, 1, -1, -1
448, 1, 1, 7, 8, 1, -15498.7, 1, -1, -1
449, 1, 0, 2, 3, 2, -79920, 1, -1, -1
450, 1, 0, 8, 5, 0, -11322.7, 1, -1, -1
451, 1, 1, 0, 5, 1, 18314.7, 1, -1, -1
452, 1, 0, 1, 4, 0, -14517.3, 1, -1, -1
453, 1, 0, 0, 8, 0, -34837.3, 1, -1, -1
454, 1, 0, 3, 7, 0, 53456, 1, -1, -1
455, 1, 1, 5, 8, 2, -48005.3, 1, -1, -1
456, 1, 1, 4, 1, 0, -57797.3, 1, -1, -1
457, 1, 0, 0, 0, 2, -41306.7, 1, -1, -1
458, 1, 0, 2, 8, 2, 68437.3, 1, -1, -1
459, 1, 0, 5, 8, 1, 36554.7, 1, -1, -1
460, 1, 1, 3, 5, 1, 43610.7, 1, -1, -1
461, 1, 1, 7, 4, 0, -25754.7, 1, -1, -1
462, 1, 0, 4, 2, 0, -34469.3, 1, -1, -1
463, 1, 0, 0, 4, 0, 16181.3, 1, -1, -1
464, 1, 0, 0, 0, 0, 44677.3, 1, -1, -1
465, 1, 0, 0, 6, 2, -33802.7, 1, -1, -1
466, 1, 0, 4, 4, 1, 60624, 1, -1, -1
467, 1, 1, 5, 8, 1, 54277.3, 1, -1, -1
468, 1, 0, 3, 6, 2, 74480, 1, -1, -1
469, 1, 0, 3, 6, 1, 57792, 1, -1, -1
470, 1, 1, 0, 6, 2, -72645.3, 1, -1, -1
471, 1, 1, 2, 7, 1, 3301.33, 1, -1, -1
472, 1, 1, 6, 8, 2, 77205.3, 1, -1, -1
473, 1, 1, 1, 3, 2, -79120, 1, -1, -1
474, 1, 1, 0, 8, 0, -39232, 1, -1, -1
475, 1, 1, 0, 4, 0, 61205.3, 1, -1, -1
476, 1, 0, 4, 0, 0, 14304, 1, -1, -1
477, 1, 0, 5, 7, 0, -18602.7, 1, -1, -1
478, 1, 1, 4, 1, 2, 63253.3, 1, -1, -1
479, 1, 0, 6, 4, 0, -47733.3, 1, -1, -1
480, 1, 1, 2, 4, 1, 13194.7, 1, -1, -1
481, 1, 0, 2, 6, 0, -23706.7, 1, -1, -1
482, 1, 1, 8, 8, 0, 27296, 1, -1, -1
483, 1, 0, 5, 3, 0, -15594.7, 1, -1, -1
484, 1, 1, 5, 4, 2, 65600, 1, -1, -1
485, 1, 1, 8, 6, 2, -78336, 1, -1, -1
486, 1, 0, 3, 1, 1, -33338.7, 1, -1, -1
487, 1, 0, 6, 6, 0, -73040, 1, -1, -1
488, 1, 1, 8, 4, 0, -33669.3, 1, -1, -1
489, 1, 1, 1, 8, 0, -71360, 1, -1, -1
490, 1, 0, 6, 7, 1, 38848, 1, -1, -1
491, 1, 0, 4, 5, 1, -73413.3, 1, -1, -1
492, 1, 0, 4, 2, 2, 19861.3, 1, -1, -1
493, 1, 1, 7, 8, 2, -68517.3, 1, -1, -1
494, 1, 1, 4, 8, 0, -17178.7, 1, -1, -1
495, 1, 1, 1, 5, 0, 4805.34, 1, -1, -1
496, 1, 0, 7, 2, 1, -25514.7, 1, -1, -1
497, 1, 1, 3, 7, 1, 45941.3, 1, -1, -1
498, 1, 0, 0, 6, 1, -78170.7, 1, -1, -1
499, 1, 1, 1, 8, 1, 58480, 1, -1, -1
500, 1, 0, 1, 6, 2, 26832, 1, -1, -1
501, 1, 1, 5, 6, 2, -14933.3, 1, -1, -1
502, 1, 0, 0, 3, 2, 47466.7, 1, -1, -1
503, 1, 1, 3, 0, 1, 33349.3, 1, -1, -1
504, 1, 1, 5, 5, 0, -54746.7, 1, -1, -1
505, 1, 0, 1, 0, 0, -75285.3, 1, -1, -1
506, 1, 1, 4, 8, 2, -32672, 1, -1, -1
507, 1, 0, 4, 5, 0, 55216, 1, -1, -1
508, 1, 1, 2, 2, 1, -32917.3, 1, -1, -1
509, 1, 0, 3, 0, 1, 49098.7, 1, -1, -1
510, 1, 1, 3, 1, 2, 44144, 1, -1, -1
511, 1, 1, 7, 5, 0, -61749.3, 1, -1, -1
512, 1, 1, 5, 1, 0, 48133.3, 1, -1, -1
513, 1, 1, 3, 2, 2, 69797.3, 1, -1, -1
514, 1, 0, 0, 5, 2, 36064, 1, -1, -1
515, 1, 0, 6, 8, 0, 18064, 1, -1, -1
516, 1, 1, 4, 2, 1, -59306.7, 1, -1, -1
517, 1, 0, 5, 5, 0, 77104, 1, -1, -1
518, 1, 0, 5, 1, 0, -27376, 1, -1, -1
519, 1, 0, 6, 6, 1, -29546.7, 1, -1, -1
520, 1, 1, 7, 6, 0, -32906.7, 1, -1, -1
521, 1, 1, 6, 1, 0, 70949.3, 1, -1, -1
522, 1, 1, 8, 0, 0, 22650.7, 1, -1, -1
523, 1, 1, 5, 4, 0, 48944, 1, -1, -1
524, 1, 1, 4, 5, 2, 59109.3, 1, -1, -1
525, 1, 1, 1, 3, 0, -14384, 1, -1, -1
526, 1, 1, 2, 0, 2, -67984, 1, -1, -1
527, 1, 1, 0, 4, 2, 76533.3, 1, -1, -1
528, 1, 0, 5, 5, 1, -45712, 1, -1, -1
529, 1, 1, 0, 6, 1, 29360, 1, -1, -1
530, 1, 1, 7, 5, 2, 1861.33, 1, -1, -1
531, 1, 1, 1, 2, 0, -9973.33, 1, -1, -1
532, 1, 1, 2, 1, 1, -65392, 1, -1, -1
533, 1, 1, 8, 1, 2, -65317.3, 1, -1, -1
534, 1, 1, 5, 6, 0, -29776, 1, -1, -1
535, 1, 0, 7, 3, 1, -78373.3, 1, -1, -1
536, 1, 0, 7, 1, 1, -42325.3, 1, -1, -1
537, 1, 0, 5, 1, 2, -69690.7, 1, -1, -1
538, 1, 0, 2, 7, 0, 1472, 1, -1, -1
539, 1, 1, 6, 1, 2, 3445.33, 1, -1, -1
540, 1, 0, 7, 4, 0, 16021.3, 1, -1, -1
541, 1, 0, 6, 8, 1, -36976, 1, -1, -1
542, 1, 0, 3, 0, 2, 66165.3, 1, -1, -1
543, 1, 0, 5, 6, 1, -8661.33, 1, -1, -1
544, 1, 0, 1, 8, 2, 49674.7, 1, -1, -1
545, 1, 1, 0, 3, 2, -69653.3, 1, -1, -1
546, 1, 1, 6, 3, 2, -47605.3, 1, -1, -1
547, 1, 1, 0, 1, 2, -26512, 1, -1, -1
548, 1, 1, 7, 3, 1, 49509.3, 1, -1, -1
549, 1, 1, 4, 2, 2, 13493.3, 1, -1, -1
550, 1, 1, 6, 5, 2, 24778.7, 1, -1, -1
551, 1, 0, 7, 7, 1, -44400, 1, -1, -1
552, 1, 0, 4, 7, 2, 34496, 1, -1, -1
553, 1, 0, 8, 7, 0, -60016, 1, -1, -1
554, 1, 1, 4, 5, 0, -75845.3, 1, -1, -1
555, 1, 1, 5, 1, 1, 57264, 1, -1, -1
556, 1, 0, 4, 0, 1, 68021.3, 1, -1, -1
557, 1, 1, 2, 7, 2, -43162.7, 1, -1, -1
558, 1, 1, 6, 2, 1, -20032, 1, -1, -1
559, 1, 1, 7, 2, 1, -8613.33, 1, -1, -1
560, 1, 1, 1, 0, 1, 15274.7, 1, -1, -1
561, 1, 1, 3, 7, 0, -12469.3, 1, -1, -1
562, 1, 1, 6, 7, 1, -28122.7, 1, -1, -1
563, 1, 1, 6, 6, 2, -69904, 1, -1, -1
564, 1, 1, 8, 6, 0, 629.33, 1, -1, -1
565, 1, 1, 8, 6, 1, 50885.3, 1, -1, -1
566, 1, 0, 8, 4, 0, -31541.3, 1, -1, -1
567, 1, 0, 2, 0, 0, -56250.7, 1, -1, -1
568, 1, 0, 2, 5, 1, 13808, 1, -1, -1
569, 1, 0, 7, 0, 1, -15786.7, 1, -1, -1
570, 1, 1, 7, 1, 1, -53093.3, 1, -1, -1
571, 1, 0, 5, 3, 1, 37365.3, 1, -1, -1
572, 1, 1, 6, 6, 1, 30149.3, 1, -1, -1
573, 1, 0, 5, 2, 1, 30346.7, 1, -1, -1
574, 1, 0, 8, 0, 0, -34352, 1, -1, -1
575, 1, 1, 7, 4, 1, 79146.7, 1, -1, -1
576, 1, 0, 2, 6, 1, 17562.7, 1, -1, -1
577, 1, 0, 1, 8, 1, -15882.7, 1, -1, -1
578, 1, 0, 8, 1, 1, 18378.7, 1, -1, -1
579, 1, 1, 7, 6, 1, 48005.3, 1, -1, -1
580, 1, 1, 5, 6, 1, -9754.67, 1, -1, -1
581, 1, 1, 0, 5, 2, -27434.7, 1, -1, -1
582, 1, 0, 1, 7, 2, 18229.3, 1, -1, -1
583, 1, 0, 3, 4, 0, -60629.3, 1, -1, -1
584, 1, 0, 6, 2, 2, 43973.3, 1, -1, -1
585, 1, 0, 4, 8, 0, 26368, 1, -1, -1
586, 1, 0, 1, 1, 0, -18069.3, 1, -1, -1
587, 1, 0, 7, 8, 2, -29952, 1, -1, -1
588, 1, 0, 3, 8, 2, -76138.7, 1, -1, -1
589, 1, 0, 8, 0, 2, -47152, 1, -1, -1
590, 1, 0, 0, 8, 1, -66944, 1, -1, -1
591, 1, 1, 5, 2, 0, -46224, 1, -1, -1
592, 1, 0, 7, 5, 2, -63269.3, 1, -1, -1
593, 1, 1, 2, 8, 2, 28592, 1, -1, -1
594, 1, 0, 5, 4, 2, 44256, 1, -1, -1
595, 1, 1, 0, 6, 0, -53536, 1, -1, -1
596, 1, 0, 8, 2, 2, 17152, 1, -1, -1
597, 1, 1, 2, 5, 2, -29413.3, 1, -1, -1
598, 1, 0, 7, 5, 0, 23685.3, 1, -1, -1
599, 1, 1, 3, 3, 0, 12965.3, 1, -1, -1
600, 1, 0, 8, 8, 0, 76458.7, 1, -1, -1
601, 1, 0, 6, 8, 2, 58288, 1, -1, -1
602, 1, 1, 1, 1, 1, -33322.7, 1, -1, -1
603, 1, 1, 8, 2, 0, 23232, 1, -1, -1
604, 1, 0, 3, 2, 2, 9984, 1, -1, -1
605, 1, 0, 1, 0, 1, -54602.7, 1, -1, -1
606, 1, 0, 2, 4, 1, -46218.7, 1, -1, -1
607, 1, 0, 1, 3, 0, -49162.7, 1, -1, -1
608, 1, 1, 4, 6, 1, 75797.3, 1, -1, -1
609, 1, 1, 0, 2, 1, -32229.3, 1, -1, -1
610, 1, 0, 1, 0, 2, 22768, 1, -1, -1
611, 1, 1, 3, 1, 1, -47578.7, 1, -1, -1
612, 1, 1, 5, 0, 1, -3098.66, 1, -1, -1
613, 1, 1, 6, 0, 2, 77626.7, 1, -1, -1
614, 1, 0, 3, 7, 1, 54917.3, 1, -1, -1
615, 1, 1, 6, 0, 1, -76469.3, 1, -1, -1
616, 1, 1, 5, 7, 1, 70677.3, 1, -1, -1
617, 1, 1, 8, 3, 1, -41061.3, 1, -1, -1
618, 1, 0, 5, 2, 0, -26309.3, 1, -1, -1
619, 1, 0, 3, 0, 0, 6618.67, 1, -1, -1
620, 1, 0, 5, 4, 0, 66837.3, 1, -1, -1
621, 1, 0, 1, 2, 0, -43749.3, 1, -1, -1
622, 1, 0, 1, 1, 1, 61285.3, 1, -1, -1
623, 1, 1, 3, 5, 0, -38736, 1, -1, -1
624, 1, 0, 6, 3, 1, 27770.7, 1, -1, -1
625, 1, 0, 5, 8, 2, -7125.33, 1, -1, -1
626, 1, 0, 2, 3, 1, 2192, 1, -1, -1
627, 1, 1, 2, 6, 1, -33728, 1, -1, -1
628, 1, 1, 6, 1, 1, -57696, 1, -1, -1
629, 1, 1, 5, 1, 2, 77349.3, 1, -1, -1
630, 1, 0, 3, 2, 1, -77002.7, 1, -1, -1
631, 1, 1, 4, 0, 0, -12629.3, 1, -1, -1
632, 1, 1, 2, 1, 2, 10474.7, 1, -1, -1
633, 1, 0, 4, 2, 1, 68138.7, 1, -1, -1
634, 1, 0, 5, 6, 0, 33738.7, 1, -1, -1
635, 1, 1, 2, 3, 2, -64512, 1, -1, -1
636, 1, 0, 7, 3, 2, 30282.7, 1, -1, -1
637, 1, 1, 6, 2, 0, 48528, 1, -1, -1
638, 1, 0, 1, 6, 0, -24101.3, 1, -1, -1
639, 1, 1, 0, 3, 1, 79925.3, 1, -1, -1
640, 1, 1, 0, 0, 1, 3397.33, 1, -1, -1
641, 1, 0, 3, 5, 2, 39920, 1, -1, -1
642, 1, 0, 6, 1, 0, 59168, 1, -1, -1
643, 1, 0, 7, 3, 0, -266.666, 1, -1, -1
644, 1, 1, 2, 2, 0, -39690.7, 1, -1, -1
645, 1, 1, 3, 5, 2, 45941.3, 1, -1, -1
646, 1, 1, 4, 7, 2, 77338.7, 1, -1, -1
647, 1, 0, 0, 1, 2, 25280, 1, -1, -1
648, 1, 1, 5, 2, 1, 15002.7, 1, -1, -1
----------------------

